7.994855184053357711e-01
1.106332602642493557e-01
2.855210712079903068e-02
1.919394307519556309e-01
1.762050817107819745e-01
6.431922121503208523e-01
5.077281130284192479e-01
7.191271232444151895e-01
3.918096243314780347e-01
6.243269468169043712e-01
4.189261408066661252e-01
9.291268621661800120e-01
1.192951624142417621e-01
6.552412390830926192e-01
8.454648443297447802e-01
3.481846337983074413e-02
3.827526082694779896e-01
9.264315363567043882e-01
8.253462951523296010e-01
4.553219020073451251e-02
4.961374111522323105e-01
6.835200578968694263e-01
2.181322067401720854e-01
5.443297460870413218e-01
2.082119266334578889e-01
9.845156015365966740e-01
2.055865628006126045e-02
7.027197124751882740e-02
2.345378072554969995e-01
4.195322137868473522e-01
4.500072750178498726e-01
6.040882549195758511e-02
2.898021391109359968e-01
4.681473797696834582e-01
5.586564949705030703e-02
9.761383057739808633e-01
8.571592991988480348e-01
4.530689278969388667e-01
8.315399649603513188e-01
2.013204445964044131e-01
2.964149011291259406e-01
6.638153914821690593e-01
5.016484627001711605e-01
3.780332739876600678e-01
2.491024450159120551e-01
6.816340884747706941e-01
2.599340494600113072e-01
3.447051896242785407e-01
3.787973012086078839e-01
7.143727097060104114e-01
2.221828594164675375e-01
9.519769019031485424e-01
5.387626599523205329e-01
3.330888740529627245e-01
8.563008114250483249e-01
6.327834911416290176e-01
4.123777043496990036e-02
8.893448677319978346e-01
8.002711950766701055e-01
7.416569364063174685e-01
3.654464870387351683e-01
3.179730843671324525e-02
6.871344019500454925e-01
5.640761887278701314e-01
5.376774750688458893e-01
8.820021201882701778e-01
2.155274810981611111e-01
4.312976914835814357e-01
3.214491609867177191e-01
1.393369121097824959e-01
8.130698444158312999e-02
7.940910915863620412e-01
8.412771775945767638e-01
1.443456404002287918e-01
9.234196011776122370e-01
3.194974007642071845e-01
7.448667851498270709e-01
1.222285920721086772e-01
9.107947359325663239e-02
8.465888062148012594e-01
6.955988342974694927e-02
9.065049291008486776e-03
9.385402734661979496e-01
5.556308224263277751e-01
7.155805094415377265e-01
8.628262160678347170e-01
8.127611086975481403e-01
1.203290324407584322e-01
7.900169118006633573e-01
2.454281089604681831e-01
2.299539653354646385e-01
2.725452788507145563e-01
1.957194195360918432e-01
1.772205829042605707e-01
8.612370192978913153e-01
1.373001947820331470e-01
1.618877821642634718e-01
8.928775350362468943e-01
9.733170867589204800e-01
6.646990562357985022e-01
