4.557250967252176599e-01
5.961499668841530042e-01
4.600029417853678249e-01
1.813551129133396111e-01
4.106548247551998765e-01
3.591270638481961486e-01
3.715650146443949531e-02
7.444437070697975667e-01
5.533307359070205322e-03
1.141435621950146473e-01
6.478676411925498035e-01
1.894002875895989257e-01
9.199408644969466753e-01
8.961590876995590982e-01
4.793022705200473688e-01
1.262504802726556186e-01
6.905568156527930324e-02
8.186334499749867710e-01
4.600382290448011835e-01
1.032924060064136507e-01
6.911976793654859286e-01
5.477289155465115966e-01
8.643890356481963577e-01
1.941998208374170476e-01
8.309025952151668504e-01
1.660150942224790649e-01
7.779780866919763227e-01
2.429078946885036006e-01
9.584938295926722640e-01
7.042206097662445652e-01
8.115699683729246106e-01
8.912360240063809114e-01
5.810700062160051305e-01
7.206000959478392476e-01
3.768412890204014820e-01
2.453856176703816949e-02
9.170159384852120121e-01
7.821120044898510759e-02
8.907377345948777059e-01
7.744367064595226724e-01
7.194637410639882491e-01
9.006570272515801445e-01
3.696221395439842627e-01
1.974968688000704464e-01
6.759742834536197620e-01
4.849974916893254884e-01
9.204435464707777514e-01
9.548875916374139905e-01
5.696692632377214904e-01
4.906888075678275118e-01
6.791169801954533014e-02
3.842359066019777059e-01
1.324341520794228844e-01
2.016601269828132148e-01
3.219787559727782522e-02
8.844397898231887156e-01
5.913296050022476269e-02
1.498581433417885966e-01
3.588717129107107384e-01
6.404310843931004804e-02
2.741514196231904510e-01
9.323285442410361723e-01
8.456011459591272761e-01
5.417412357910501575e-01
7.486485284993754652e-01
2.451831808646952604e-01
5.223655430703417757e-01
4.597664970063719547e-01
8.411528477562820738e-01
4.133988965874935140e-01
9.910025250077759695e-01
7.451726556961461023e-01
5.680908984247178273e-01
6.157101430780650420e-01
4.711078341505240408e-01
3.397794737707674484e-01
3.901246833278182446e-01
3.453784025648262146e-01
1.772002053745558303e-01
3.562559017451457644e-01
3.065006748605137998e-01
1.725208240389933811e-01
1.128122282156402978e-01
7.738407735330440351e-01
6.690398109600730336e-01
4.182665776191780704e-01
2.626301066833941489e-01
9.967907801818306490e-01
2.593407002608135725e-01
6.935426283598984387e-01
8.805570527516064505e-01
2.645775295045442732e-01
9.791036661842456024e-02
7.439582897848796561e-01
6.939461288100089442e-01
3.241509770087771525e-01
5.260321583304817805e-01
4.832966828704299278e-02
9.306952575330391664e-01
8.629780244064643169e-01
