3.301175030696774648e-01
4.471278570907112337e-01
7.934108430245735422e-01
6.608171325703168231e-01
3.959917481720415244e-01
2.739960156424396942e-01
4.936597524719831265e-01
9.958981828441604289e-02
4.649652860153177247e-01
4.523341454500551251e-01
2.928740819997092126e-01
1.004025146655429523e-01
1.298884322887424725e-01
6.935127545460495480e-01
4.041945818665262369e-01
7.886802892278699240e-01
9.297405122882521633e-01
3.300244451292431158e-01
1.593397337043254147e-01
7.049407671280759624e-01
1.969741248784396825e-01
5.004030986277563375e-02
1.030350417629127824e-01
8.385940594398764159e-01
1.616767183186927914e-01
5.141084559860096270e-01
2.931917336025862131e-01
7.870553244078123400e-01
5.466646502700066579e-01
5.237732868838582689e-01
8.184717456977996797e-01
5.848092003612108680e-01
4.719274612659589696e-01
2.941942823433538745e-01
4.031850862474869457e-01
8.548696811493113890e-01
3.721617706940706372e-01
8.538890570262942514e-01
3.024113416440611379e-01
8.622285350113865210e-01
2.404560705988456615e-01
2.795059386406785196e-01
7.828544759011114573e-01
8.486776996537703788e-01
5.217130860545616811e-01
5.747136095517305643e-01
2.611185390307804166e-01
7.046388987707485896e-02
5.746414872689538100e-01
2.860820926087364047e-01
7.023139912363428605e-01
2.476009349944214843e-01
9.133872238863923743e-01
3.875419542970114373e-01
4.908541702867930123e-02
1.729091441446066746e-01
4.307488645600260346e-01
7.930115913645384706e-01
4.240607165638731191e-01
5.471576760697025588e-01
5.142853245980218979e-01
2.537596063118057188e-01
8.549663532035333136e-01
6.257806966199199739e-01
9.998449561575065703e-01
4.487541585453163062e-01
8.475021063668771726e-01
7.017413429395300550e-01
9.413813822314884838e-01
5.977488676866068440e-01
7.378017323207710643e-01
4.606812134703548445e-01
2.733779089918783045e-01
7.430168317688820023e-01
6.534716991260730579e-01
8.222644729762862426e-03
6.394173372284409629e-01
8.071073217153449386e-01
2.658607192597955970e-01
9.817222630378114046e-01
3.581434383642978503e-01
3.233097272989632343e-01
1.170625300063689034e-01
6.349292499009285828e-01
5.194559783401824227e-01
7.815116619617088478e-01
5.030847357790688701e-01
5.061679557759062309e-01
5.232094086164355007e-01
8.144617676884634561e-01
8.899432146345859218e-01
1.966127826797209321e-01
8.136768614663328902e-01
8.407717362570890085e-01
4.433421625259006404e-01
4.234728468916558741e-01
7.092849192043551021e-01
6.757717543689406581e-01
2.151909288384629138e-01
8.814550537811395303e-01
