5.958916441909958284e-01
6.623751810848598209e-01
5.901493735310074928e-01
7.293827600961477753e-01
5.809026238628769434e-01
4.431031086132140029e-01
4.967884445398907944e-01
4.300888170299058677e-01
2.100738531048549351e-01
2.268011161554398525e-01
4.573886760903692617e-01
4.335527126328119207e-01
7.792837590685542937e-01
4.208583762875786061e-01
6.733683325343512438e-01
1.660386839279013316e-01
8.240589843929864156e-01
6.854067761401982928e-01
7.890523985934053686e-01
3.594844876243651344e-01
6.625490004394448684e-01
2.170904638719005630e-01
2.210057875679509731e-01
2.424567724176688310e-01
2.645883170240357352e-01
4.084119555984481176e-01
8.286954482179013093e-01
9.474195541927018516e-01
6.324579967325411056e-01
1.347391364802225100e-01
4.199934526833755122e-01
9.361853889098444848e-01
3.205442753283896939e-01
6.192809860477865858e-01
9.351336472761809793e-01
4.606823360458484062e-01
5.003990541168442663e-01
9.186937097536678198e-01
9.298235710096752760e-01
9.044868733895718993e-01
5.136345306778440367e-01
6.398112505952036067e-01
5.890061758781516277e-01
1.584948199278213288e-01
6.234490043814691074e-01
3.191443228782304686e-01
1.307355006001497122e-01
2.150030045690441982e-01
3.136602971825204200e-01
9.514518007767208685e-01
9.907671616984056184e-01
8.668863637915472653e-01
4.618609790074506005e-01
4.656172525782179550e-01
7.647285069816646130e-01
9.840807711625798593e-02
9.940373696538016279e-01
6.922148832180902156e-01
2.992856910387668989e-01
9.088481925305185172e-01
5.525788467617462896e-01
8.518997745971579327e-02
1.082457432088541616e-01
3.166485526440965259e-02
2.161947362230433045e-01
5.141394497181617229e-02
5.102724652617997014e-01
8.294038882183196737e-02
4.431222830216546837e-01
2.362007407421538030e-01
5.597206976291002611e-01
4.389677914419040095e-01
8.375404627600262497e-01
3.365447545299029564e-01
2.302316469211757033e-01
9.401158333455934546e-01
4.663636964010777763e-01
2.815775923245789070e-02
7.943638382464979220e-02
5.555717675653012444e-01
2.107714023767841560e-01
1.482356152536636884e-01
1.955323751366444540e-01
7.447489495590163822e-01
9.490139608711299912e-01
1.293779679526937398e-01
8.797802474098481706e-01
7.119198228127356920e-01
5.568433174860074608e-01
6.701863851775202718e-02
7.877411169496610910e-01
8.122801542934123820e-01
7.545818666792485363e-01
5.504895616174638739e-01
6.316047932368028528e-01
4.366628940829809791e-01
3.078470089093652273e-01
2.077112692620264323e-01
7.707608894156975365e-01
9.347758176814332520e-01
