8.459668697061873965e-01
8.056655126473126760e-01
8.392311420129735522e-01
7.185903634289984021e-01
1.496206205631476216e-01
9.950240205876138555e-01
1.548356664303459640e-01
9.835774969870254569e-01
7.543018009632854737e-01
6.032754082144261565e-01
1.817013307343318118e-01
6.746623941867488927e-01
6.994374576691302359e-01
7.869405018314223899e-02
1.569591829531324922e-01
3.381188451033378950e-02
5.825253354847542697e-01
3.634582340300117620e-01
3.044987375810702668e-01
8.161462557690014608e-01
4.369993737184453275e-01
7.918152368209757652e-01
3.118245146687812497e-01
7.482365723503349164e-01
5.249200546388529398e-01
9.819197574428066844e-01
5.634521152216935835e-01
5.506573705536068619e-01
1.948713236144898886e-01
4.364620675363094504e-01
4.565652399937437655e-01
8.164537605109287721e-01
7.646742498028739066e-01
4.881449247191249619e-02
3.679853523036735741e-02
3.861056112566023657e-01
4.083333521559977530e-01
1.310634553924194812e-01
1.999846835466659867e-01
4.237104520646307604e-01
8.944937164715239808e-01
5.004341798787376172e-01
8.884793705814413300e-01
9.050285847084058588e-01
6.252327274174851457e-01
9.365316792350955044e-01
2.384431198436243182e-01
3.342710884144072248e-01
7.574335844337990453e-01
2.654375328886805496e-01
7.147488021447947482e-01
4.773319083322519196e-01
3.953321552073253420e-01
1.142691426376462038e-01
1.147104403883748569e-01
5.267902819136708326e-01
4.487765719757635940e-01
1.496911533606415379e-02
5.952176025345095045e-01
7.396307871049768723e-01
2.824526929217491267e-01
6.069026735001592510e-01
4.470338699081454203e-01
6.610939909580981766e-01
5.296764951134460553e-01
3.192226897775137795e-01
1.822212877132115549e-01
9.952507506506215185e-01
9.162953899961975290e-01
2.132737660212233877e-01
8.484572322711901871e-01
2.284057673699325663e-01
7.059035578938656075e-01
5.827976255041855680e-01
6.041615782947858948e-01
5.599121141121181644e-01
1.261986568152557719e-01
6.244914792159463879e-01
8.672865662544372301e-01
9.083988582006259360e-01
2.562811176041569494e-01
4.971802603046656666e-01
9.652654084258600609e-01
7.004105152177824145e-01
3.645362165881945726e-01
1.985625107790114363e-01
9.355879264156221620e-01
8.920407804026987408e-01
5.388671253423296115e-01
8.683988841932509528e-01
9.965282232447471022e-01
1.430810187609654616e-02
7.049095801899541991e-01
1.065227727750127640e-01
2.363250642391181433e-01
8.231611649448317136e-01
9.962580103438901657e-01
8.157985430721415021e-02
1.967303743731273480e-01
4.071417839904184488e-01
