9.813894609885629450e-01
8.074045244963297119e-01
2.716378361232176797e-01
1.304192486091523273e-01
7.810935750303117375e-01
4.889607754606315471e-01
5.982212492953441485e-01
5.826288631035621002e-01
6.682180559909985940e-01
7.497040589861325710e-02
6.541997031934417839e-01
9.940346137800450954e-01
4.404055070218648726e-02
2.662484847047787984e-01
2.265559679021036388e-01
7.353554962689827779e-01
5.449672257159794420e-01
9.111526786939455613e-01
7.454306378283223067e-01
5.764069373395458440e-01
8.061937987392709948e-01
2.723999991283299060e-01
6.413082803423809652e-01
8.132777601517542365e-01
3.535603043409076829e-01
5.402853757161499848e-01
2.782309960722605391e-01
5.247857590377161818e-01
9.873290964834224859e-01
6.665013299924347212e-01
2.922011000572477535e-01
4.257476488811680060e-01
5.345029687286956266e-01
8.847808563451194930e-01
8.033729257630478626e-01
5.388646996390131783e-01
6.252382255796216093e-01
9.350063566583329822e-01
1.376005552802652687e-01
5.301814349394712300e-01
7.634437437547282324e-01
4.318488909615738613e-01
2.018518787153257277e-01
1.865097362275189852e-01
5.392388260350413631e-01
5.211390050198403401e-01
5.787647001364253363e-01
6.215317246711116184e-02
4.397203599016286102e-01
7.241242457051058068e-01
6.827791371718695546e-01
6.905398841592024217e-01
7.839886394556397908e-01
6.141620383113278736e-01
5.563249303145636482e-01
1.498603855483577885e-01
6.560636648012776462e-01
9.456510973642984208e-01
8.857601423510789163e-01
6.618818592771317233e-01
2.057056521964517604e-02
5.250904072624632546e-01
1.912358901984165804e-01
8.614215719954679829e-01
7.680028306604269606e-02
9.402140948353665539e-01
1.480547345492277955e-02
7.185215136161182681e-02
2.972808986382821095e-01
2.924473364097313066e-01
6.823196078314105462e-01
4.382912927519410085e-01
3.341375674021390685e-01
1.812863435272478174e-01
4.441806054424953798e-01
8.717714057661194449e-01
6.554774002348646711e-01
1.241186727103859022e-01
2.728433220737824794e-02
4.595793014512938868e-02
1.974810055189895053e-01
7.588958291431134873e-01
6.488840630113484886e-01
5.820633718780345855e-01
8.356064856706112431e-01
1.279989818736900764e-01
5.135949236434887988e-01
9.237921769054224796e-02
9.384167559167455597e-02
2.178063290061148516e-01
3.113322828808824383e-01
6.035412962605956055e-01
8.881605655740473226e-01
3.781507719964875003e-01
4.077581858079296628e-01
8.468478276629851642e-01
9.378126839763150091e-01
2.802674567859266830e-01
7.686800581605044425e-01
6.459036675869962441e-01
