9.160152649588428897e-01
7.837072913100719962e-01
5.475655892127553326e-01
5.966591686947952944e-02
4.898487964726949695e-01
6.983958155700846770e-01
8.476879931264004187e-01
3.327862773696215193e-01
6.888455552653338643e-02
3.505767519634692686e-01
9.424332717217017708e-01
1.777511660457546938e-01
6.376228047993217629e-01
7.358494985693371238e-01
3.273345403943430654e-01
6.379361594202458408e-01
7.571797547638656756e-01
7.104154869151683149e-01
4.148854782617041881e-01
9.252948910764691171e-02
4.026936335871910133e-01
6.720941095988770542e-01
4.915959963453102599e-01
3.647915860258823528e-01
9.168141799178872731e-01
4.530766136110015996e-01
6.819648006853724631e-01
5.513667719245352039e-02
4.569539561792040905e-01
8.666377909230267296e-01
5.736915033634448768e-01
8.252795656003300007e-01
9.831164279331088274e-01
6.227923313869319077e-01
7.622699713441178915e-01
9.297215850671254334e-01
8.757046394250633803e-02
1.420244236611423183e-01
8.206926664045540720e-01
4.225802408732146631e-01
6.201794564134502918e-01
8.966430087294010587e-01
5.771830189993218951e-01
4.579371444323706575e-01
9.149516916723060556e-01
7.905520287226697196e-02
5.203270187865695062e-01
9.843897646331476459e-01
5.096260597847862561e-01
2.255964281277067496e-02
4.027927476983045318e-01
4.277164585963227905e-01
1.142918746236479821e-01
9.504894940314979612e-01
3.749945365834619349e-01
4.579921304886995781e-01
3.918113877168832859e-01
4.197501129315550639e-01
8.656620846529444746e-01
4.775171913748154084e-01
6.803918799963557529e-01
1.063908172978372813e-01
2.677024603891160481e-01
1.381758659207122930e-01
5.556022092239472077e-01
7.896772774137296169e-01
2.872150507625711446e-01
6.992438313916872206e-01
1.211487142733829181e-01
8.012223210394154860e-01
9.075290413187918626e-01
8.658778830578955921e-01
6.852599876412562852e-01
8.874051676462109128e-01
4.118513271583634783e-02
3.811298246096286313e-01
7.560799365255992388e-01
4.821347069624559722e-02
7.360359308869472983e-01
7.008142497314738817e-01
8.969450208912330691e-01
4.032858200320397213e-01
1.956592147659668157e-01
9.723201720698553263e-01
1.550231539780794199e-01
8.681078708307503611e-01
8.848466223961937160e-02
5.392810003750754255e-01
5.238268189152205379e-01
9.162752190691882959e-01
4.500769271882887335e-02
6.961138772050451395e-01
6.967082970562850086e-01
4.121575900501298628e-01
1.990104981198090872e-01
1.961971763217597031e-01
4.920481420912474757e-01
9.423983846460849412e-01
6.251366272238600974e-02
7.601632588263821377e-01
