1.223981575390403753e-01
1.200010815174648027e-01
6.396879159200787868e-01
6.826063269954139034e-01
8.817103548227300802e-02
7.563035774077169204e-01
1.871064502793151618e-02
4.601633973527544663e-01
4.166481348912043359e-02
9.624661924333657304e-01
4.693074315184737610e-01
4.840368225130227131e-01
8.048003536364053412e-01
2.326657950223419702e-01
2.870777942608413458e-01
8.202630523380934902e-01
1.632099376973720206e-01
6.140850728061544306e-01
4.721098986213762005e-01
8.647750495223009981e-01
5.517069596159328571e-01
4.108434931816694613e-01
6.034499346625236127e-01
5.208675899472684501e-01
3.747423341532113428e-01
5.395233837497976914e-01
1.447279302411584867e-01
7.178921302872999233e-01
9.854936469070535443e-01
9.213732231597049349e-02
7.104768002096595314e-01
8.598611207424434744e-01
8.291222776780934334e-01
3.657589440398837377e-01
3.760309084159441095e-01
5.897479150651333546e-01
3.277704759692204872e-01
1.440869644050288834e-01
9.345921278759136142e-01
3.598917557994563143e-02
2.648749547961816164e-01
8.674550717875788575e-01
7.176547895705998048e-02
1.556242191004930664e-02
4.245067211853026379e-03
9.948792402660721068e-01
7.788273106869727513e-01
5.681625720540784963e-01
5.796709159011642631e-01
3.839691033859923275e-01
8.006168946053174862e-01
9.996070305699976677e-01
3.838511901623176126e-01
5.330304922868364104e-01
8.443872382028172474e-01
4.248942405858912030e-01
1.840915506185751838e-01
4.234844547888644284e-01
4.508344682802531977e-01
7.458341331376394656e-01
5.320828534672316090e-01
2.820935182263641927e-01
6.429051252719529819e-01
3.495509990918821419e-01
8.859745126177442920e-01
6.988148801913467434e-01
1.243848135934608745e-01
2.593302691388446046e-01
4.493958592857140166e-01
9.844199565219152737e-01
9.781148725397476040e-01
5.561500315718674869e-01
5.059923891475419655e-01
6.809314016777401335e-02
4.848014954110531072e-01
9.788639028650255591e-01
1.081952701703725594e-02
4.488058117319261298e-01
5.696365732318876551e-01
5.681378673203714147e-01
2.090607175412133589e-01
7.259781460612422244e-01
5.148306862316043286e-01
3.459405828270853966e-01
2.387871491415058944e-01
3.341120799139882802e-01
8.098189348349370542e-01
3.713216705937645301e-01
1.969767985088609619e-01
2.364014085003597332e-01
3.848985617061263520e-01
1.807042314742560718e-01
7.368684674977655780e-01
5.919745128130781131e-01
2.903461650410509298e-01
2.706803106442556839e-01
3.237916742946017612e-01
6.941314267443391417e-01
4.221588292119305974e-01
2.258210755836945749e-01
