2.781123276361180396e-01
7.363653492707589177e-01
6.100096700847568165e-02
2.172211764244217358e-01
2.995740624795351081e-01
1.897089445367969862e-01
5.099022146673036771e-01
7.044521832423229490e-01
4.665701032406135429e-01
7.691710475218075382e-01
8.267204482005301447e-01
7.116963262637527876e-01
8.108444092627046240e-01
2.152605989743273662e-01
2.492555022977490653e-01
6.485335832608779549e-01
7.981214027868756000e-01
3.520926595481975729e-01
8.006520621267215754e-01
8.281196755949653543e-01
8.369813758689095273e-01
8.650523252035259292e-01
5.438547807318091509e-01
1.720965977550481529e-02
9.039696082224192297e-01
1.979708425131044836e-01
9.848391091106175610e-01
5.618354056974159683e-01
3.612958684752274330e-01
9.175606975286199063e-02
7.679529971477817574e-01
4.556531022423835342e-01
5.672385851168670889e-02
8.542442115711911255e-01
5.366676436546343743e-01
9.516162575584696803e-02
2.876618621614029925e-01
8.778392515849705591e-01
5.144862911626024715e-01
5.748186535397211694e-01
6.990879778399742284e-01
6.704987106357935822e-01
6.584563850749469704e-02
8.748982998017243995e-01
9.789208024747501069e-01
9.669142036126257000e-01
8.460070220681213948e-01
3.458110659939164222e-01
6.339551799753203598e-01
8.142681382404299839e-01
4.423284374174407674e-02
4.102391061735374267e-01
9.628513254832382628e-02
8.717056802639647772e-01
9.357311235899967716e-02
7.987638416994717883e-01
9.164702583198782726e-01
8.993428515387351663e-01
4.820743332910687462e-01
3.116324521034620210e-01
9.181878883723216811e-01
3.359391040972722342e-01
2.848101311071422614e-01
5.081520916301210944e-01
8.877928293941510507e-01
1.978525279109030199e-01
5.840728097780110151e-01
4.432520003919014906e-01
6.930623314097983378e-01
1.552080782405579340e-01
8.549481651890036282e-01
4.444327958250678945e-01
4.216331053951141161e-01
7.028899820539713517e-01
8.722132704043117357e-02
2.250247946167045487e-01
6.455863418929284059e-01
3.695713687942850934e-01
4.695114559830837475e-01
7.408312400641795525e-01
5.699759708001355119e-01
9.182231610229407703e-02
3.506307910325865418e-01
3.364287837404176251e-01
5.005694870848893530e-01
8.539936698235537360e-01
9.350833652008596619e-01
9.082485817793672922e-02
2.565608289303193956e-01
5.491360533584543901e-01
2.191355343618195395e-02
7.049891698025387843e-01
2.010389111908295057e-01
9.195559534589766715e-01
9.180701582500694347e-02
6.049240616796484060e-01
2.518595375319194751e-01
5.848879884171818144e-01
2.310245341091865523e-02
1.884705100903549813e-03
