3.748057990107529491e-01
1.522287082119994084e-01
7.045586354997146472e-02
2.957435395399187206e-01
8.599617396132155367e-01
3.898341653440984267e-02
2.154657904632397702e-01
3.465477782199275492e-01
6.481599259324841711e-01
5.631664280387334021e-01
7.961829526610231245e-01
6.869637028196485806e-01
8.895035660916912335e-01
4.869019728966567095e-01
5.359200372960634118e-01
8.376461726319256451e-01
5.693175929407878755e-03
2.425713046540499684e-01
2.215069739791887260e-01
5.615462949296117223e-01
7.176123534227967227e-01
2.524950290975414013e-01
5.060209531939502403e-01
7.392700960928211273e-01
7.223022490183862443e-01
4.683123059942418953e-01
7.061935600296171955e-01
5.590665581575811061e-01
7.841079909978321272e-02
9.528036194228799438e-01
9.756541957047802915e-01
1.620139569897086629e-01
4.178269280036909228e-01
6.195907024184151846e-01
5.681201221155953718e-01
3.747318873911104076e-01
9.035546846721043135e-01
6.771802628405753088e-01
1.126292971229915230e-01
6.695634195554501789e-01
2.179907626050134883e-01
8.609465676401006906e-02
3.599322159178176550e-01
4.960728773755096466e-02
1.466163718348320044e-01
4.530661843908094788e-01
9.832023817283844780e-01
8.418674088623192553e-01
1.320495822340772563e-02
8.688944445541071371e-01
2.834146578809707551e-01
1.976378062138134384e-01
3.096328566269946903e-01
5.292339765382336747e-01
4.826852516650004254e-01
6.298717945275635888e-01
1.667711296034199986e-01
3.742958362841831699e-01
5.824876874559755668e-01
8.107816224889045076e-01
3.684455733237365083e-01
8.393822753096247258e-01
4.168091872570416356e-01
9.424880961581477701e-01
2.963627335833134424e-01
3.686025562709817072e-01
6.527300715843841195e-01
5.834160385981423946e-01
3.541697657648412711e-01
4.843053704543140991e-01
6.643212704498313581e-01
5.633972605199344397e-02
6.064023722743410172e-01
7.467827768511319242e-01
7.939704655939426869e-01
2.137842145184336573e-01
6.411050346276371270e-01
7.311347361800899503e-01
9.506198919404906800e-02
7.007292378602114624e-02
8.859549744127953597e-01
3.613245337382917644e-01
7.034321595546700889e-01
5.601478615240138570e-01
3.377464162473342579e-01
3.456527646232399054e-01
9.054626405838365200e-01
4.534831424985191761e-01
4.825298798973606251e-01
9.791466305767478895e-01
4.116890436530694641e-01
3.694466801668635503e-01
7.996308902129312113e-02
3.877823836065573682e-01
1.779314608147600785e-01
1.313417984892825130e-01
3.676736253865816595e-01
1.588100267826125789e-01
3.075634785705684271e-01
6.879789143747678803e-01
