6.872082494230282723e-01
3.991389463847613284e-01
7.686311300061422491e-01
6.524458205229676233e-01
8.082734050356614741e-01
2.353586226700593587e-01
1.265310645483272989e-01
6.503942946564408301e-01
4.558994901997093230e-02
9.799045279794863506e-01
6.155080682985495377e-01
6.075305263115874377e-01
5.088881226821122539e-01
9.224596378489111625e-01
6.461398957472096471e-01
4.309888277475485419e-01
3.826037440211947915e-01
8.478772899081119530e-01
1.972359907574026128e-01
3.858591304815858214e-01
8.258624685794069276e-02
7.663167763093866602e-01
9.688018908914365346e-01
6.563849514234167959e-01
4.295332954500240552e-01
2.067473286584903258e-01
7.693266672945009432e-01
8.492080995762970597e-01
4.583576219334012380e-01
5.951269351266725849e-01
9.736674291123561531e-01
1.100875148566017314e-01
8.757364417671459345e-01
2.087722367529074585e-01
5.302622248260998594e-01
7.466816915871932192e-02
8.591759607095766915e-01
3.976394978394750535e-01
9.150812507611453261e-01
6.962957188116601914e-01
4.449579149625018104e-01
1.457004468830962463e-01
6.753775091163287669e-01
6.679015492628592732e-02
8.082754832758087815e-01
7.595934955810398348e-01
8.078063293995992877e-01
3.955219839928780790e-01
8.282829529935412660e-01
7.761370319579774524e-01
5.593275935315020764e-01
7.635109430659877683e-01
4.610811078618823888e-01
7.972553759652227789e-01
1.359966626258405364e-01
8.894940346868868142e-01
4.590578521896702124e-01
2.541353339983720705e-01
4.757187671287810282e-02
1.489293691086694960e-01
2.337693302437010567e-01
6.662538970230400537e-01
9.824828054368908159e-01
6.521532891472764382e-01
7.682651255599892703e-02
5.249069288752133966e-01
6.324590218243340001e-01
5.956228505731476774e-01
9.934321635131637684e-03
1.247355246481572921e-01
3.299120693469680399e-01
6.668091430763750660e-01
4.116909955514083119e-01
9.125684010362139498e-01
4.152923548823521660e-01
9.520957077300054028e-01
8.033873824171527955e-01
8.770311515198458974e-02
3.912082146157562779e-01
6.680072787208271023e-01
7.410065987812476385e-01
1.061604833991710573e-01
1.461451141597194248e-01
6.789021114377237209e-01
1.854850111123027556e-01
9.315296659727271278e-01
3.334232602300950532e-01
8.790076449474610865e-01
8.380644778894692504e-01
5.346533901214639561e-01
3.326403104205940542e-01
4.185887387033588869e-01
8.228585228219748027e-01
1.532841621472194049e-01
5.381705435530188542e-01
4.814287827981350576e-01
5.033817747948242660e-01
2.725470571755088667e-01
5.058661004465223598e-01
9.592239962279934806e-01
