5.263505760947577716e-01
6.420855301939962789e-01
6.322875381116508375e-01
1.129866456755912463e-02
2.330834725364339111e-01
5.037851713570649093e-01
7.520472375628913797e-01
5.606785791346766690e-01
8.557791691504653686e-01
7.147598383543607437e-01
4.287393116852727948e-01
6.293460684214323697e-01
5.415259684316727773e-01
5.476180102305556741e-01
3.329007751528141323e-01
4.887083895398564026e-01
3.644715481027536175e-01
7.230437829236965319e-01
1.659385182937420655e-01
4.138252642584798746e-01
3.214730732067784258e-01
5.293329247814047012e-01
5.794721374048074081e-01
6.007429144290281631e-01
7.671201080237832759e-01
7.896023749865402896e-01
8.031342318625203092e-01
1.414781810212274449e-01
4.840741086040398766e-01
5.485186430463308005e-01
1.884941437390055263e-01
4.250081640338604361e-01
5.226551544882717115e-01
5.527611215581895721e-01
6.122159400533875306e-01
7.088107703002634041e-01
9.877248434873187044e-01
2.153828907006463123e-01
5.702087514975451299e-01
6.354353578462715868e-01
4.434464851020034626e-01
6.554446236670643522e-01
2.339540071557700829e-01
9.925962040184662660e-01
9.616641580636640096e-01
3.642157263667548106e-01
4.296430394652431817e-01
3.581711292171132488e-01
3.284657498462119074e-01
9.082572144315298468e-01
3.073092208925588542e-01
5.889431737815644663e-01
9.006879545935041476e-01
9.772368238968803800e-01
9.915170351028264051e-01
8.836918020532454898e-01
5.152336515618893831e-02
2.479926377409827909e-01
7.327293958407001817e-01
6.931323896809286067e-01
3.939767140423533487e-02
9.489601847339953489e-01
7.162295080340723707e-01
5.960606758282440687e-01
7.755396510851477743e-01
1.949425986574465641e-01
9.869605518352719820e-01
5.023297992039885695e-01
3.778147639915918621e-01
7.375427785223838129e-01
4.836155425333366065e-01
6.674911603104141111e-01
2.041948617578522862e-01
3.869164180789150809e-01
2.491150059300089037e-01
1.770082046093789385e-01
3.987379325004392072e-02
6.917192246138369471e-01
8.160333546638859348e-01
7.592689097985759750e-01
3.306025906548956117e-01
7.138475686934375730e-02
7.653421741785518817e-01
4.008068549807389802e-01
9.055082038328587934e-02
2.412736705315754460e-01
5.841999072426055095e-01
2.127947084148829049e-02
6.024428931036274193e-03
6.702692479297946981e-01
7.790011143925706927e-01
9.274924939268587298e-01
4.312657668508539377e-01
8.245047233909122975e-01
5.511259000396407925e-01
8.252510752628691160e-01
4.619227238751052456e-01
1.078550777301612307e-01
5.876947233003317894e-01
6.619438779201441969e-01
