6.457978723468996707e-01
8.552560818011619714e-01
7.029375677332982963e-02
6.549538278139025449e-01
3.079757181292624990e-01
2.992874976413530952e-01
7.830883361526147501e-01
7.362633793013168004e-01
6.849411382356297429e-01
5.359708214027647522e-01
7.940122461296660328e-01
2.725415259019793313e-01
9.054708327696439074e-01
6.466306161805656094e-01
1.909674060479149560e-03
4.117516823342797228e-01
1.744727173418197941e-01
5.446650173381014648e-01
8.232451694766496075e-03
5.852159522384339230e-01
2.694901884666260905e-01
2.397419555869757524e-01
4.672122440097981055e-01
5.690569435796724029e-01
2.715295559188026786e-01
6.394456923132978421e-01
5.963643198506547449e-01
6.466542068041557512e-01
5.489829211774321926e-03
1.232317394183569670e-01
9.050111495459963740e-01
1.960925003220433949e-01
1.773735810991633466e-01
1.735150562981274680e-01
7.376483509899461888e-01
6.901169710082932784e-02
3.160367989804757638e-02
7.211264674891411097e-01
7.554711141531212926e-01
8.180718737696511811e-01
2.609178359304731298e-02
5.991638363498925646e-01
1.532940035320584649e-01
2.898291992999260103e-01
6.419825499201470276e-01
6.185197029828407578e-01
9.098423742592609553e-02
7.515880378579510301e-01
7.012752131363120256e-02
5.388883894398123209e-01
4.833467823007725483e-01
4.673110804875552082e-01
1.819878036019498824e-01
7.458726044364549779e-02
7.906748795411884245e-01
7.509210915629094263e-01
5.529344587007835043e-01
1.058266860728229730e-02
7.974091263059210899e-01
9.579195764234860189e-02
4.350077378821444185e-01
3.702446219224438950e-01
8.858847849211052283e-01
4.607692420621961604e-01
2.166299184492753716e-01
2.450546512289309975e-01
5.234880329598713411e-01
6.574684670722061863e-01
3.309620399738405494e-01
2.652944100201755084e-01
7.248144815695827248e-01
8.000443715085104879e-01
7.011404327800261349e-01
2.739050765428385770e-02
8.937521810172522896e-01
2.801113812392541647e-02
6.369608036890905822e-01
1.360360520854649868e-01
4.325398750861294550e-01
1.348911552167628702e-01
9.245582614812353217e-02
9.883719163724629109e-01
9.205386884541332249e-01
4.044707938775459199e-01
3.445247278169225602e-01
7.966821372649879329e-01
7.728184409774406793e-01
5.804200269200021634e-01
3.883818684947666355e-01
9.689423048813907702e-01
2.974607071630065436e-01
8.076539593708969011e-01
6.268481154369884845e-01
4.330163869097568563e-01
1.695432056888428463e-01
9.300869936112805547e-01
5.527924619880333346e-01
9.608338556281962317e-01
1.838534905154181054e-01
2.067258906723701273e-02
