7.467047150075087902e-01
8.994757558608216241e-01
6.848898824268904173e-01
6.020006091440381901e-01
4.636127735817212603e-01
8.289204350992294135e-01
3.492303150457632954e-01
2.316342934298876166e-01
6.247096500835358501e-01
6.028383199051710051e-01
7.645286237380336525e-01
8.255740172198625659e-01
4.584710392875666063e-01
9.524541157990423779e-01
6.437137012757463417e-01
5.961614120456497634e-01
3.724166775138874064e-01
8.604078088434586880e-01
8.987117140035213447e-01
1.449600839329240332e-01
8.741667618600903467e-01
3.936779108036447816e-02
5.606838507653313375e-01
6.651490433410991443e-01
4.185624830042887767e-01
4.159882299395182281e-01
8.399007756157207405e-01
9.003656997697921938e-01
9.499154152038273846e-01
9.173354544397036570e-01
6.799927736943073286e-01
6.365493731737914551e-02
6.371271684968543569e-01
1.407018477036781068e-01
8.067261651183543769e-01
9.025788776279829451e-01
9.478390104395129079e-02
3.073631077717375870e-02
4.962056468404063558e-02
5.428120541111538522e-01
5.289200628416257377e-02
3.198491968430688948e-01
9.665724364196903728e-01
6.642479462277923741e-01
5.266985549433982339e-01
3.832209085602347187e-01
6.338905158468236545e-01
5.999674258722131892e-01
1.062886366407688188e-01
8.459905948636891049e-01
9.564056278504055042e-01
3.870452677701776700e-01
6.575253183138668467e-01
7.618755690182649198e-01
8.828049676235225629e-01
8.920493087063777748e-01
1.205508978179803403e-01
3.136447197801528475e-01
4.499195813257402810e-01
4.450020757576977903e-02
8.743458431746531367e-02
7.201499830634754407e-01
7.678734440179717513e-01
2.962385376942445747e-01
1.047560382391082845e-01
1.334183131281150292e-01
4.731482596645059102e-01
3.181685086606301782e-01
1.939978242408341158e-01
3.779499040824516598e-01
6.546727616591679899e-01
2.468196125327525303e-01
9.459161970062698321e-01
7.056957089907118785e-01
3.667075853454369039e-01
6.270575860259894885e-01
5.833107873571914403e-01
6.192436814192721073e-01
5.523161234340843162e-01
9.980338776309450877e-01
4.083901917127756853e-01
3.514735038423187907e-01
5.945806005837068753e-01
7.716748205080291578e-01
8.925217952697691581e-01
3.269318253157986742e-01
3.613084953594067894e-01
6.653009492441265271e-01
4.607956552393462912e-01
2.232244869497189699e-01
3.436864742008018947e-01
2.430448292380328335e-01
2.463752487523398482e-01
3.589580580935924914e-01
5.166292941704602182e-01
5.185015576870768417e-01
4.768801331748775407e-01
6.989921703453868540e-01
6.392922878730765701e-01
9.533161633273848912e-01
