5.803903657755543621e-01
8.777048888579960240e-01
9.080197503321646435e-01
8.352870995098767848e-01
4.846722190792227547e-01
9.733140167274091370e-01
3.322424624872862831e-01
8.004886528029067083e-01
5.638346013774755416e-01
2.072200927058114317e-01
7.387862283045169010e-01
4.484113233564163137e-01
3.798138646459536805e-02
4.850353492369062769e-01
4.417059437575802106e-01
1.998051578959240127e-01
7.096049547641624100e-01
2.506258886206036429e-01
9.848655552694669524e-01
2.377378610425207039e-01
5.224199633085877537e-01
2.590072081496425094e-01
6.917500366313922289e-02
5.029113362037508361e-01
8.314786343176638894e-02
8.331951755460975662e-03
2.837437522023680270e-01
8.540252266436948458e-01
9.522177507087961068e-01
6.569600679040219493e-01
3.215221646265737920e-01
5.955220021264913122e-01
6.738815376980468175e-01
1.431454633875601790e-01
2.790501838181754790e-01
2.043625634254399026e-01
3.840293882351385468e-01
1.056312653045956562e-01
6.386290784537387299e-01
9.246628952748553454e-01
6.358496880840780463e-02
3.078296863622231871e-01
3.508623433773554456e-01
9.048633838851448674e-01
2.173087449623387624e-01
1.528586986266698977e-01
6.489818505996649556e-01
5.766010303242707913e-02
5.359238818185302344e-01
8.086078915411039070e-01
5.032489969011209041e-01
6.626498945639902605e-01
4.266283138524364915e-01
4.009847335943431679e-01
2.360151323573348447e-01
9.560715640449548580e-01
5.627340016951674073e-01
1.508877537296215987e-02
1.726619643864781839e-01
9.551098551756752597e-01
9.878598791884407593e-01
5.225727828147722631e-01
4.597517820523533416e-01
1.753948966478986460e-01
5.518242425553268049e-01
3.665043028614164422e-01
3.579801846274803800e-01
9.911880193458639798e-01
4.300598895237558450e-01
7.242703913986380249e-01
3.263676318526748110e-01
4.123027746823684225e-01
3.221334893258068766e-01
2.233912369691649635e-01
4.718555794754393240e-01
3.865670855973724063e-01
9.391039700592361816e-01
1.333529787813031442e-01
9.026178376762702404e-01
8.658750149777150185e-01
8.804467746405978401e-01
1.400834029221891264e-01
7.726269275880099929e-01
3.675082177770265801e-01
1.753925295998298717e-01
4.185173790681976369e-01
1.287720968220048556e-01
9.656284255608926781e-01
8.351119081006740386e-01
4.775971870699053934e-01
9.106105839076552577e-01
2.424356088198376113e-01
6.950943774457901680e-01
3.089736884820355467e-01
9.031251060656262375e-01
2.460462998797704470e-01
8.865697813638611091e-01
1.141721127305037609e-01
8.141029801910077968e-01
7.443523152507441898e-01
