2.796774821144908385e-01
2.006116708064368259e-01
9.052223700527932682e-01
7.698569163980144570e-01
1.030575191354555775e-01
4.109951493450989535e-01
3.190125944460268093e-01
7.981915832307492353e-01
3.325300555600635422e-01
6.879089027288686209e-01
6.761640384606167897e-01
5.041087142969991053e-02
1.288060962989523439e-02
9.066261007771042602e-01
1.256088951061242742e-01
7.362970303783699100e-01
8.344729692884533812e-01
9.062201501154859562e-01
7.586120804102063353e-01
8.670758115564710655e-01
6.487063268983567221e-01
9.267324761577223624e-01
7.184560367778406453e-01
2.417480984500477437e-01
7.701928729627421921e-01
2.276304792825988299e-01
4.529800374095489524e-01
3.885475341280076877e-01
4.502346731704687244e-03
1.441637038357160838e-01
4.282327859251000568e-02
7.992903282831282930e-01
7.840276227055055225e-01
2.833381817594096130e-01
9.323670261858836295e-01
6.079785774596444536e-01
2.928282310147467538e-02
1.120317399922362567e-01
1.883404985447825197e-01
4.137185030676838737e-01
5.406822530236450319e-01
1.657802017832424868e-01
1.087399602618195349e-01
1.659039010111614809e-01
2.443520182624612236e-01
1.880905679721789348e-02
1.053585154706621063e-01
3.893315436949430497e-01
1.583481595890057214e-02
3.694264542380766292e-01
3.774273757002820640e-01
7.015953116076262264e-01
9.388936159020786487e-01
2.098873068650024543e-01
2.078360583178847643e-01
8.765434768146357358e-01
5.131051801171117033e-01
9.180082199297886492e-01
3.620228402146311586e-01
7.754373628128002904e-01
1.380129738149682428e-01
8.578515591306219434e-01
7.752525247675193798e-01
1.914399318598418720e-01
7.865845822043702196e-01
5.469381588857628040e-01
3.408762237149500773e-01
7.890708989661056050e-01
9.405035399504563243e-01
4.235595993081923138e-01
2.817417609303835002e-01
8.559576335160642424e-01
3.261682775387594324e-01
8.200961965147114396e-01
9.222589351633727617e-01
2.180332742627852927e-01
6.937441214542083845e-02
5.068771758811797534e-01
8.176811664618039988e-01
3.427143531818954703e-01
6.192044467551761633e-01
4.280966846921152591e-02
7.334359013931845972e-02
5.100372598515812150e-03
1.067981478897847003e-01
5.482054650232325299e-01
7.599429678079840933e-01
8.571696254396234949e-01
2.852345195260149735e-01
4.650523711367633428e-01
8.011643855094898736e-01
4.720193162140889909e-01
5.320274390009871457e-02
8.009462913456192323e-01
9.285153824827315772e-01
6.502547127299539431e-01
4.311192940332410073e-01
9.204205363698176878e-01
5.107072180330040068e-01
5.349051034530999393e-01
