7.863611640990415541e-01
8.696973838677147794e-01
5.842210380896537547e-01
1.423270840962173045e-01
1.711486395659540527e-01
4.450436927881389337e-01
4.691610853709389239e-01
6.091534162631200289e-01
5.535093015004214356e-01
8.060786315570195315e-01
7.661652158952937386e-01
5.104810899589695694e-01
7.586847080536606169e-01
5.688660294771312742e-01
9.796586598776358956e-01
6.667319659539416854e-02
3.403538202013565162e-01
8.142599501861281786e-01
1.348549935450850112e-01
9.070806571393331685e-01
3.306193493201761147e-01
8.724311973611880155e-01
9.086041091614137644e-01
5.302820923063235048e-01
1.524561842620356655e-01
6.318770571874368081e-01
3.919771422921272119e-01
8.210998538914560108e-01
8.014584166568905488e-01
1.651433170741424261e-01
5.064417137544492409e-01
1.937630356857182878e-01
1.653262442892213802e-01
9.188589986031948653e-01
2.830798439900267249e-01
7.927167334859864800e-01
7.341391276524888987e-01
1.675952589611567900e-01
8.173010738028902988e-01
5.591391792985273002e-01
3.667547059508076135e-01
8.654617878859912627e-01
8.980617518274857103e-01
8.105247449890102818e-01
3.105156549526938425e-01
7.153871152834264668e-01
8.024757085322880013e-01
7.292680111050606762e-01
8.202031810734474737e-01
1.951940201157821297e-01
4.374184109152567945e-01
9.809125980992228211e-01
1.532647709875838427e-01
4.954890414082834260e-01
2.925245023254096077e-01
5.810850299827452492e-02
8.737047943461504484e-01
3.576059252297164592e-01
7.140240760131072451e-01
6.842398402402227742e-02
4.563207457784836940e-01
8.827062987775285974e-01
5.660325535207613168e-01
8.868778463850918170e-01
9.968954084613406152e-01
4.420146906491504435e-01
5.549253261248440205e-01
4.032771711124512048e-01
3.846788601263704255e-01
5.214436959017707540e-01
5.732592464270862553e-01
5.894631295048439190e-01
2.735577476315524947e-01
5.542927591071380444e-01
3.934368532737749780e-01
5.901783633913113558e-01
3.873891245501115410e-01
5.021821322115627151e-01
6.442695822001957007e-01
4.439153691852231187e-01
2.126402716378780200e-01
2.542958375955003403e-01
8.489654646533393301e-01
1.186065846913231248e-02
3.065596361153298810e-01
5.035879603811141969e-01
2.535667539064461184e-01
8.132808458058600198e-01
7.973372635852080670e-01
6.284100478786015520e-01
1.191148928767574722e-01
9.269593067715384826e-01
2.018331374623487662e-01
7.008570967873321012e-01
1.623408160494197450e-01
5.842574673584036704e-01
6.976227809199856411e-01
7.338182350537936216e-01
4.647864304005512315e-01
3.976962944015057788e-01
