3.040612259553608920e-01
3.098189290169645060e-01
2.896538227033725876e-01
2.585896832079871421e-01
9.468682066164335609e-02
3.425474528295490151e-01
6.913485421806301323e-01
6.298585998065261427e-01
2.001137080576567140e-01
5.388784563623957302e-01
2.467015323050892883e-01
6.727606607042387887e-01
6.915426369278295793e-01
8.522901115809944361e-02
3.939874169285194627e-01
9.335878550789342700e-01
9.744579897161032012e-02
9.624893654305142210e-01
4.032692798594794681e-02
8.126172557801376595e-01
9.507913351209501540e-01
7.834762876251005759e-01
9.252965357029354632e-01
1.933112844788268392e-01
1.183943651274531605e-01
9.570539356164226019e-01
2.292140733712944023e-02
9.585456105970252549e-01
4.903202986454956447e-01
6.812131704405196553e-01
9.698262084832998120e-02
9.173772182203675518e-01
7.438313803658628265e-01
8.993322563961850813e-01
7.023630046649784742e-01
4.050488165182660749e-01
5.738771493817226288e-01
7.042362345807967605e-01
6.838842304322839682e-01
8.445983088491789692e-01
4.591619121685295291e-01
7.035096526603298317e-01
6.822768090382212991e-01
1.069069793386986378e-01
4.060359406143621008e-01
9.799839427689124305e-01
3.286083311810342744e-01
6.283193598190663920e-01
2.080195716699162478e-01
1.890563787197151457e-01
7.312504459340399832e-01
8.089650924790336983e-02
1.580820277257333206e-01
5.654030184490738131e-01
7.290045952579179422e-01
7.299064269043824549e-01
7.145395722228210511e-01
2.394116698504659135e-01
9.791565978134044723e-01
3.011652034344713957e-02
4.597099001153669429e-01
5.327947354263373736e-01
7.456885893476696836e-01
7.791294160530783941e-01
3.165851223056267427e-01
5.936639680384125928e-01
5.942550594283680931e-01
3.975257763491227836e-01
5.525590570757613618e-01
3.274018703480126025e-01
6.341512145464911487e-01
4.290950297976102723e-01
4.130285800456722223e-01
2.929823129029368589e-01
6.010660255936604024e-01
2.328873604463789215e-01
2.774069535284584553e-01
4.997087819961888444e-01
3.434811361177015909e-01
2.174801912852142305e-01
9.712115533622964758e-01
4.891009286553230639e-01
7.548696101875913556e-01
6.973677359574267376e-01
1.163979945968091068e-01
7.185736348600260115e-01
7.887725894769413992e-01
9.900655281151227172e-01
5.396557342595842410e-02
3.393771340257396574e-01
3.926039440457649299e-01
3.205826856432479888e-01
5.541631085285899649e-01
2.902525332427595695e-01
5.695002413593399648e-01
1.884620761772005659e-01
5.019703634353296362e-01
6.087879171721519711e-01
1.397069719601491400e-01
6.419142381625048133e-01
