1.526470240007257173e-01
7.249121001997476110e-01
1.329423150033132162e-01
5.571223197945113226e-01
2.589626731588989816e-02
6.658117948887676274e-01
9.094180835738022717e-01
3.304996994833885315e-01
4.202247846133284614e-01
9.926359776671517254e-01
4.656200116342368300e-01
7.109942720172857111e-01
1.854144895603306864e-01
2.265977819942978089e-01
1.339809906710740517e-01
1.481338768358799740e-01
3.412252753812133887e-01
1.763477222661089527e-01
5.444057812929969931e-01
9.329090644697932699e-01
7.848201277957278510e-02
1.091141333733626206e-01
2.810598206595209536e-01
7.988839527836896215e-01
3.361438518350496896e-01
6.882798082148788854e-01
7.661364317248048339e-01
4.918436591741136565e-01
2.326827577450791829e-01
2.140601710184207862e-01
5.316391990931536027e-01
8.745238611104028115e-01
7.309750473307479179e-01
3.187202597503469015e-02
7.374076370233516586e-01
7.714362329758319703e-01
6.012603545204507904e-01
7.902297969737901440e-01
7.270746231607594368e-02
2.089924015053138406e-01
4.139155904101002870e-01
5.975521126220415535e-01
8.217369089155721618e-01
2.581965420135038380e-01
5.977326374770319806e-02
5.775279818738654480e-02
6.599638371688049121e-01
4.635377157362703393e-01
2.086540740718388909e-01
8.051486399252816284e-01
5.877632134936745523e-01
9.477574025470231200e-01
7.162936806130673073e-01
9.320383618866666664e-01
2.686442535357498329e-01
1.944846106520045081e-01
6.067758360916278848e-01
4.072425438558684441e-01
6.397764434671460165e-02
6.366409940669757184e-01
1.180724622521961420e-01
7.362680129952607899e-01
6.229373158917441700e-01
6.819628681409599658e-01
2.728414054510395204e-01
8.447581800716765787e-01
8.588316588069309088e-01
1.868285147569336280e-01
9.986240183654880864e-01
7.294197349313794598e-01
9.231188228239234350e-01
4.664132863650360949e-02
2.969667140369550706e-01
6.386372181923938296e-02
6.348767674929769456e-01
4.532493395085636090e-01
7.795120032332042426e-01
9.287778600116927130e-01
3.490827885137981479e-01
3.897335199368867631e-02
2.401444675337993662e-01
4.099857455605544487e-01
4.845463041546387295e-01
6.389057962455989559e-01
6.964761322213446348e-01
1.112749503905647863e-01
6.549944928403316213e-01
7.929462050775913928e-01
7.685501124273619311e-01
8.603747373365487894e-01
8.307412691492996881e-01
4.763805166983811068e-01
7.605212901545552739e-01
4.482209091620356078e-01
8.790496570917774033e-01
2.217632627014325397e-01
8.070077129238103497e-01
9.627983084886968523e-01
6.870938019764134541e-01
9.574445395402058079e-01
