6.480666773727403740e-01
7.337606089932762199e-01
5.492846746909063604e-01
1.814326304679931834e-01
9.798931679999233202e-01
9.427540700492541559e-01
4.172553232079223573e-02
9.799584328283215129e-01
5.408367358324501772e-01
2.388472745963646782e-01
8.634661516828407990e-01
8.185671723440572922e-01
7.158364648246418049e-02
1.818622767680564412e-01
9.699281842623083127e-01
7.066564986262235948e-03
1.474530673282309357e-01
9.468682178438592167e-02
5.521774662013926305e-01
6.847661473648609665e-01
9.653993327723021656e-01
9.016003218017842880e-02
9.691390718583708930e-01
3.109061883059826004e-01
1.519026017842718401e-01
6.604733056335393426e-01
7.386810923803011075e-02
1.190746616801983127e-01
1.822786182160707202e-02
6.393142466513000999e-01
4.126046858009818630e-01
5.896095441325186481e-01
9.586065607081344364e-01
2.567644338120894654e-01
2.273123018555086583e-01
4.196925485296735259e-01
6.359878595271457602e-01
3.222576489632313912e-01
3.161851835368778563e-01
5.331663690555008550e-01
8.439493598901770532e-01
6.584817147783812441e-01
9.255294936573782438e-01
5.544816198232299653e-01
6.806639385832570222e-01
4.427554953486207978e-01
1.088087917412239314e-01
1.435593003180373195e-01
2.894021308118518432e-01
2.306030938778654837e-01
8.140859741918163861e-01
7.337158555642310231e-01
7.401064013676149633e-01
8.100145416392512399e-02
8.926022480276817328e-01
9.399509053384328405e-01
4.167020807088817058e-02
5.029437725969978512e-01
6.919694138327522337e-01
1.030357224847563424e-01
6.159717596714133769e-01
4.262257904290813748e-01
4.409983444980120071e-01
7.144460776176476680e-01
5.692462562580140606e-01
9.733906368203597559e-01
3.118675570982565315e-02
9.979687606919636078e-01
9.418382004431389287e-01
7.801109542652271411e-01
8.824380781518308403e-01
6.876454215204942377e-01
5.119339058402030407e-01
9.697318296781388680e-01
3.519740032603343449e-01
6.289930656993475422e-01
2.984074628838391252e-01
3.612766598319915312e-01
8.837789773304939311e-01
6.204209317739438623e-01
6.920190750175705396e-01
3.097735615927963426e-01
4.660829011184975945e-01
7.349108703047696478e-01
5.427559930553064182e-01
1.374506411696769792e-01
3.561502944368573065e-01
9.087531664341160775e-01
6.636254304412727567e-01
6.776889347163366217e-01
1.951973827332464939e-02
8.046966039576342045e-01
9.504224656303575935e-01
2.722937105887919262e-01
8.746870320178808944e-01
3.689902929883788207e-01
6.860326633165643173e-01
6.588663231119612496e-01
1.701880073036705632e-01
1.282698055514872593e-01
