8.223711628751018132e-02
2.804272424072185022e-02
3.332901149529891027e-01
1.515705221377168233e-01
4.179689978204443879e-01
9.758718753499439069e-01
5.705978786008401027e-01
1.415563494980833781e-01
8.177121697703320091e-01
2.578917050998091876e-01
6.515001538141412807e-01
9.007820748390270582e-01
8.296989129928806772e-01
7.661595346037266552e-01
7.662849439729441103e-01
8.946656121809539730e-01
3.134885942205810627e-01
6.088796086243069006e-01
1.064435239121519494e-02
8.834559418624617910e-01
1.410117782547835041e-01
5.778443219965185840e-01
7.156150700444525725e-01
4.575059950681105159e-01
2.484322606235418451e-01
1.505684561876935446e-01
1.354953867816308666e-01
4.346173880142367718e-01
1.511584271692733017e-01
9.440987677260455069e-01
1.649675606859195565e-01
8.179347040070747976e-01
6.852581626203350096e-01
7.741411139949814224e-01
7.088588290957990035e-01
2.336635904005431863e-01
9.956389648729635500e-01
5.624712345397631097e-03
7.916896969758631109e-01
2.643120246009651453e-01
9.313955205100814538e-01
2.060034207129490813e-02
5.837136775423749091e-01
3.956327960259363730e-01
2.786353724425592038e-01
7.621750852187668679e-01
2.190940784332938707e-01
3.571391891629056570e-01
5.972139916351432154e-01
4.825184001349182017e-01
4.585926707054140961e-01
3.440745260828170782e-02
9.926757777133465854e-02
9.217786988633578371e-01
9.941839318241274537e-01
6.926860877816015671e-01
1.189264324632611780e-01
6.724907166913665080e-01
6.834856412077533472e-01
3.716756321962905174e-01
1.655487934040192899e-01
7.224575660819476663e-02
8.353045322527401506e-01
6.781247037929698518e-01
1.501251204109448345e-01
7.484946864853156967e-01
1.973298192340111612e-01
2.966413588831704473e-01
8.788009071672401307e-01
5.533131760167759872e-01
1.951308944065970330e-01
5.519605976676875692e-01
2.799289621983486187e-01
8.075020661375179598e-01
2.885244049932235155e-01
9.596273204360596942e-01
3.360176644728780637e-01
2.021220571212003492e-01
9.564359897515262166e-01
5.327765172324671061e-01
4.267555843535186799e-02
5.190702158950233347e-03
6.838188116609121847e-01
8.309981485496006348e-01
1.580584735691459297e-02
2.986179398013916186e-01
7.393265296255601138e-01
5.796317776185824222e-01
4.723679112255735335e-01
2.430717410596927586e-02
8.098967853450422805e-01
1.476270379445587810e-02
3.879750308014378035e-01
3.335699242470591130e-01
3.255893464333958764e-01
3.205360748002783478e-01
7.991711925877680311e-01
1.028703652753100162e-01
7.292983792328506798e-01
6.608817561961727316e-01
