1.598042729848607735e-01
4.413267605197443988e-01
6.842877196993646383e-02
3.846895298784707151e-01
5.547990713700525767e-01
2.404447960654347849e-01
6.753224427287196630e-02
8.994753831833702806e-01
8.333855413713538995e-01
9.616496809815829883e-01
5.005962053853916238e-01
8.341965745766193319e-01
8.965495000395358183e-01
7.894495275160587910e-01
4.339339206566704688e-01
9.174927768754866930e-01
4.641552673347627556e-01
2.543683370292404433e-02
8.003376961839943071e-01
1.783741790152125750e-01
1.393509938934489600e-01
7.383001595422581387e-01
2.003021884187576873e-01
8.531788597629155202e-01
9.663068068129687660e-01
5.162631409584409470e-01
1.650574834862487128e-01
4.080645352680880578e-01
9.272735396585939371e-01
9.387263804273567880e-01
3.095261781234950327e-01
3.656220345431823171e-01
2.861680161808176637e-01
5.657919750011133342e-01
5.853002077496505251e-01
7.111486450536586013e-01
1.837887017078476681e-02
5.126815441427795550e-01
2.811260896419792710e-01
8.250400276779914499e-01
9.530533828598225510e-01
1.667158194051291398e-01
9.146597175692230408e-01
1.100400423169924924e-01
9.119229300402393878e-01
3.171303458360252847e-05
8.486278934400042218e-01
4.578999774280789747e-02
8.380376580273776188e-01
7.291102003529758013e-01
5.995934310315912397e-01
6.381199165806811235e-01
7.010363387014445502e-01
9.525613956699557905e-01
4.104901639933152824e-01
3.032805203223170043e-01
1.322768879787730167e-01
9.761640044741692890e-01
9.990969612043194559e-01
1.881675768426270823e-01
4.822896828144870307e-01
6.434700881404991080e-01
7.160201861619996944e-01
2.213359249657753658e-02
3.211831189977500944e-01
3.366299135723586078e-01
7.271115609393938861e-01
6.589249240501440230e-01
9.841879649014976250e-01
6.158264308018832622e-01
2.108878959676974141e-01
5.234757457998199248e-01
5.624183609061181865e-01
1.634266746158686834e-01
1.889150527333888219e-01
2.074596376729185288e-01
4.313788567201470858e-02
7.026922680524945175e-01
5.708802647498839589e-01
3.386917833871054828e-01
6.530395431292201902e-02
5.144523926165509575e-01
9.521136160796750403e-01
7.473805953949745895e-01
8.300914683520125292e-01
3.010968034412767613e-01
4.052253964917832407e-01
1.735147484940923190e-01
1.710971332459776395e-02
8.555055521100773941e-02
1.123053597427355887e-01
4.530950094648112936e-01
9.725634637898111778e-01
9.258691679176768163e-01
2.551511091606529780e-01
4.134565755602201964e-01
5.948823085165466651e-01
3.358790671769078529e-01
6.352064809146247271e-01
8.825187924930266714e-01
