5.331008526677031290e-01
2.408941286830678097e-01
5.452347666731129916e-01
1.273743093963709549e-01
7.478072698450766165e-02
8.306104453805759347e-01
7.231553381690765114e-01
8.391169890620198135e-02
5.575821515729931788e-01
5.251055480505906203e-01
5.073117292763849040e-01
3.240472626565660264e-02
9.603705788570990887e-01
9.276498915458712968e-01
9.644145747649280898e-01
5.333820701805849218e-01
1.266398947125105812e-01
7.322891006498334354e-01
9.497328198987583514e-01
2.592660553402410528e-01
2.837685977286952266e-01
4.470564744583515049e-01
1.586184165903414822e-01
5.685813927379625987e-01
4.495327068392287462e-01
8.874231978458674286e-01
2.148314880583476194e-01
1.679499691286742147e-01
4.956338808512209537e-01
5.166255137637436601e-01
4.061961037134471653e-01
2.367964169533653962e-01
5.363636574842151061e-01
9.621408286120207709e-01
2.564356381375153537e-01
2.831898000063916010e-01
3.146488480697806622e-02
8.761053344032354584e-01
2.743846281631022732e-01
5.976241619416255979e-02
7.520524443662809366e-01
9.291890991946566425e-01
4.239309673311623117e-01
3.251061219391759849e-01
6.888243989601663397e-01
2.070594562344088008e-01
5.515181117236185315e-01
4.945347468015945935e-01
5.873593829160285162e-01
8.352404644652138277e-01
6.841282961300403365e-01
8.823872657575814182e-01
2.793550465235512537e-01
2.499557017836407935e-01
1.881119641235331486e-01
8.355007642831702164e-03
6.574561492135055918e-01
3.718170334220690654e-01
1.661259580306397865e-01
2.591786238068576331e-01
1.825024964657564475e-01
1.780724261466023473e-01
2.277682096827288172e-01
9.641053997371795692e-02
5.441050820438981805e-01
8.361958981580800421e-01
3.466401247064954116e-01
9.125999166272078522e-01
6.839193120218606259e-01
8.260371345639075935e-01
9.248542679035265390e-01
7.189455516790453915e-01
7.704281392645873083e-01
7.401755942587173731e-02
1.886853786224874652e-01
3.140515915501577160e-01
3.343902642550874438e-01
4.653049467878512813e-01
9.525874393004141183e-02
3.442274860795362379e-01
7.315795152369641841e-02
3.234141223659930953e-01
6.615006869469517436e-01
2.921116084913855104e-03
2.843635509180831855e-01
7.284644990124289343e-02
7.107620299489312288e-01
8.412679407776016971e-01
9.783305417734777798e-01
6.171676841772427702e-01
2.248999233548448773e-01
2.283111021473324120e-01
4.935267607573623483e-01
9.313465298393499570e-01
6.280560581742833381e-01
1.814000585299012647e-01
5.160093165294149520e-01
4.091226837909258673e-01
8.690684440325836535e-01
1.044156000349040214e-01
