2.337382298511844203e-01
6.228380558841514203e-01
2.643149605522477907e-01
8.161176080694682033e-01
4.514677651994587482e-01
7.426215915727385486e-01
6.567296094954966357e-01
3.602823715383052239e-02
1.054472382535432962e-01
5.205515890434482262e-01
7.410755451340129696e-01
4.919216345651816757e-01
9.930809432704779116e-02
4.211070604099760306e-01
8.586415451494635587e-01
4.887292094538355780e-01
9.497688042309849754e-01
5.542467528317958081e-01
4.514146086415313786e-01
5.829656193249473928e-01
7.882407201810566200e-01
2.435378895692471568e-01
8.506856440809333897e-01
7.555694909005155058e-01
7.941007109504967243e-01
9.245442537208056200e-01
3.737507423637401738e-01
8.543452245898253139e-03
4.256597611156220928e-01
3.047588859511022319e-01
9.516350677054257190e-01
1.136428444460935161e-02
5.834426848858652592e-01
5.356989549013924101e-02
1.903100642263370057e-01
7.318643135009346157e-01
7.069467687950332646e-01
1.224573721726291975e-01
8.690292292188367407e-01
2.359077212135407553e-01
7.246120492757914811e-01
7.119717924575678092e-01
5.516941282350276143e-01
3.884334046885073999e-02
4.351151381902333970e-01
8.872745539737884046e-01
2.058048710853956909e-01
5.475906457581295461e-01
5.719543405267539793e-01
8.684789219946538186e-01
5.330227166890721957e-01
3.220134250971524725e-01
1.685887838363023805e-01
3.735089348437325985e-02
8.553293798752532595e-01
8.266204509350576490e-01
2.060080565180416601e-01
9.258338146224761589e-01
6.709064181452213393e-01
3.730895137035482589e-01
9.160931691953203559e-01
8.119002566963167133e-01
4.644170777950864526e-01
5.722478598658530258e-01
8.554873609375794885e-01
9.578841313659821610e-01
8.522382565727731896e-01
8.415860838108024655e-01
1.308736839398314533e-01
1.561064539083867331e-01
8.207194307674516853e-01
5.466106107384042234e-01
9.342009477260493355e-02
2.414783890835836555e-02
7.720984043781176087e-01
2.584385557024749813e-01
6.474955565874472851e-01
5.901831452191794725e-01
2.302720628498351463e-01
4.357024172494275982e-01
6.824811186045875999e-02
7.453874342236599393e-02
4.359719582845051900e-01
1.261397689643052322e-01
4.060319544778866474e-01
1.087767713131758684e-01
2.604210576209103900e-01
4.170577300044032709e-01
1.258402931803778158e-01
7.422320993656700283e-01
8.144160215248564816e-01
2.774898994024471710e-01
8.381769148383507728e-01
6.844885153489844720e-01
8.605009598457447062e-02
1.057248812762479062e-04
8.293899583554664723e-01
7.946465998134596420e-01
7.942391644337450929e-01
1.730949999529028949e-01
