7.943293760837701889e-01
5.151399073528973860e-01
8.829060107474263619e-01
9.616044065634675730e-01
3.199076912826415153e-01
9.873615629735076338e-01
3.515483660040442659e-01
9.345042892533107493e-01
1.143646307121466421e-01
7.430851246355600903e-01
4.420669581426204253e-01
8.737700395357272942e-02
1.966242099920741948e-01
8.734888589085176847e-02
9.385138068797832522e-01
1.146631108704376789e-02
1.348224559105679621e-01
4.109490094030187057e-01
2.076618123758100509e-02
5.520590053799085961e-01
2.170489565155709899e-01
4.466805492238619113e-01
2.077995415213131913e-01
2.633916842501105027e-01
9.548920974154406771e-02
8.581562370558958319e-01
6.410358818332017039e-01
1.810604495940603131e-01
7.150840676811965890e-01
8.543795972140243444e-01
6.279998734548686290e-02
8.595010913263116947e-01
5.688371266002034687e-01
2.259667901810383794e-01
1.957966981856512634e-01
6.130891311779906871e-02
4.098013067253264419e-01
4.783864996092292987e-01
5.529498122624149081e-01
6.978963459764048194e-01
4.579077416068246809e-01
2.795527128954559126e-01
4.329992449911763686e-01
2.900173169597476397e-01
2.498169300428627615e-01
5.202621560319573568e-01
1.098493951163173055e-01
3.968277495983044689e-01
1.581304489734950414e-01
6.604053144152450816e-01
4.146415890008980920e-02
2.783675770401637939e-01
5.632882964517127444e-02
6.360060250824139949e-02
4.844362886737361151e-01
7.600267079141235227e-01
7.491288348070215264e-01
2.447584590039906249e-01
6.918734284121841327e-01
6.561795763578944785e-01
5.022425259079243975e-01
3.263530502532839828e-01
1.308243942897528989e-01
7.047510184132019795e-01
2.339588075851939397e-01
2.003273462275032557e-01
6.567841797504235801e-01
8.162741434661385798e-01
8.893365987433180520e-01
9.398004447206727008e-01
6.792137120487645729e-01
1.075213040540249354e-01
4.705571319621290050e-01
7.947367931259989859e-01
4.702137931881952282e-01
5.209563931148287752e-01
5.326937755987570799e-01
9.626686737376847214e-01
1.992446073805854700e-01
6.591007576898518794e-01
2.602386346758658320e-01
6.885748406132858879e-01
1.872723307486878763e-02
5.619753229609785183e-01
2.661501545230353649e-01
5.571665409094913590e-01
3.074664444704870991e-01
3.963396438501489705e-01
6.899127396665039047e-01
3.121346670309349536e-01
8.804582340995084078e-01
8.399231717968000943e-01
1.161233401628745110e-01
5.347637299406227118e-01
7.028256340081556752e-01
5.818812908637828185e-01
4.701392226985589007e-01
1.724153147723227475e-01
4.900327799802119966e-01
8.889138070095615740e-01
