2.669755767084597275e-01
5.372346044118255781e-01
3.074147891622647233e-02
6.187012920476796518e-01
3.816602248638523154e-01
1.200459768842618846e-01
4.968669028342515004e-01
3.118567110012678834e-01
1.818540292175920836e-01
4.028563500702085909e-01
2.267406036322185958e-01
2.931881724553387913e-01
8.165351324632007524e-01
7.512680532569784297e-01
4.260950156258951349e-01
1.684250042686229465e-01
8.785119409321896500e-01
1.142521626147461333e-01
7.748487560557237863e-03
9.835782320705972470e-01
6.077041442391408754e-01
2.656631311899350090e-01
4.124685532394892773e-01
5.057422873331167690e-01
6.751434066972261672e-01
1.587536863358273154e-01
5.253562084442953140e-01
9.743497625428303444e-01
8.162801722935270066e-01
2.491374848454906976e-01
2.123508680233612278e-01
4.348039684534975580e-01
3.732608266983125089e-01
2.460420692179029478e-01
4.225330985957801433e-01
6.625565957930612537e-01
5.765156206781740789e-02
8.800708785975852599e-01
7.710293233410885350e-01
5.629984030866752587e-02
9.771188853470325064e-01
3.821490142675080248e-01
8.782348122575847071e-01
3.380654771926079327e-01
6.949192058989746013e-01
7.493475925678954042e-01
7.769101182391613403e-01
2.541782988362631945e-01
5.625355396369531302e-01
4.721438216137778809e-01
9.224775223744644537e-01
3.614819051985401765e-01
7.973377800945044003e-01
8.158375790806948746e-01
1.097522589890644884e-01
3.208573405398646994e-01
7.758054017772144650e-01
1.979689041350194412e-01
2.333116887531327954e-01
4.351191524991158133e-01
6.483795093971427281e-01
7.452451224036532595e-01
1.462052631092860544e-01
2.630373171807356414e-01
4.904552579309966465e-01
5.938044665862725058e-01
6.227783453931612367e-02
3.827483271811527032e-01
2.530199761256446411e-01
5.905294846937025888e-02
9.487784637753311490e-01
1.552318397570157105e-01
8.322755969939568121e-01
6.144662192794929645e-01
3.887350243891262158e-01
8.222334275648428559e-01
3.223679597776540895e-02
6.641353543216447219e-01
8.667285017249600765e-01
1.008682179568235471e-01
6.959988936822307792e-01
3.143311837788307361e-01
8.566459986982033481e-01
7.995246946705305557e-01
8.235470793923576061e-01
8.745839521980515174e-01
8.726238428039531092e-01
8.027967167601087750e-01
7.588856172042484083e-01
4.389635468165004051e-01
4.671746903976118359e-01
7.604370090486856082e-01
3.325585836714501919e-01
9.159412065771401767e-01
4.805260293497309876e-01
4.150636458479517454e-02
3.882976378257797512e-01
8.123024553164048811e-02
9.115992060424856769e-01
6.028943558014154824e-02
