5.135407761669325000e-01
9.137158477833915438e-01
1.792383070624720132e-01
2.558784303517144254e-01
3.399583060054878203e-02
1.537174514815053961e-02
5.422187455541731538e-01
8.553602884012365681e-01
4.465228138349501830e-01
2.356371485763795182e-01
9.365340498271237379e-01
6.192088794612324865e-01
8.645761611211153497e-01
1.281133859202954195e-01
4.412383808854437595e-01
8.575539697118959026e-01
8.981936146658955344e-01
8.772638912170782621e-01
6.254719988481421966e-01
7.581118217647010438e-01
6.754983678371234701e-01
8.451634800447989093e-01
6.324473866739603878e-01
1.718897517766390104e-01
6.505199913943127132e-01
4.553400200882425919e-01
5.885064160671515943e-02
5.358628137388412593e-01
4.392921507274831772e-01
8.747264144079320847e-01
6.607233018499858446e-01
2.607881189080358819e-01
2.167654553860252076e-01
9.732316357625869774e-02
4.691441386350460041e-01
3.497996960784708342e-01
5.773490279728510366e-01
5.694199264469557153e-02
2.499172270996177225e-01
5.122945734774334570e-01
3.759581877755011625e-01
6.269019590533014830e-01
3.732199330317237385e-01
4.603131342372842605e-01
2.342155333901062564e-01
2.995891718545199423e-01
1.152843499954189221e-01
7.724393790009490557e-01
7.938829391649323552e-01
4.393585291182222630e-02
1.609612760527691089e-01
8.028577378768065875e-01
9.104767471519077393e-01
3.691907943329988395e-01
6.753104819900860312e-01
1.899937054565421501e-01
8.712323198736409147e-01
8.247063227180609912e-01
2.500128913860610869e-01
5.928494556261230120e-01
7.357629690964343494e-01
8.838437231162373786e-01
4.677279719841005434e-01
1.346207968926314003e-01
1.093951209312580275e-01
5.296773352894120768e-01
4.928857229924299421e-02
6.208959122846491319e-01
3.332820495493094004e-02
2.118370337327024622e-02
7.520928271283899846e-02
3.680285601226392922e-01
3.817523265483873107e-01
7.669701368924508600e-01
8.459467323927010174e-01
7.272007910424275190e-01
8.844331842097143959e-01
5.749024901609612881e-01
9.398843251159421097e-01
9.067893609551135325e-01
4.484368437127691509e-01
4.797261015151527141e-01
8.566592782335984424e-01
3.984061121370293668e-01
9.419997748964922257e-01
2.933119581575399648e-01
2.590074307095808770e-01
1.089280340469311881e-01
2.470434138712426231e-01
5.377536414121011354e-01
9.802373820877645638e-01
2.077297182625523764e-01
5.470199859158403344e-01
8.783905355281972360e-01
5.896618872645378318e-01
8.352761809916888769e-01
2.392855216880523939e-01
7.307972548114216593e-02
9.529664037606982996e-01
1.123269736086288662e-01
