8.205255404442024503e-02
5.549800475517477905e-01
8.556540335130938812e-01
8.862071413253135299e-01
8.000607338048466577e-01
1.439604023845009184e-01
9.056864756586794352e-01
1.177699253899703313e-01
5.324313481968948603e-01
8.268757767468288833e-01
3.112923858193561433e-01
5.445683568284853671e-02
6.041877647312811073e-01
6.049517460008384528e-01
4.494148032301102935e-01
3.760387420032905714e-01
7.470773269325947652e-02
2.910266793326592438e-01
8.142898200581962787e-01
2.122015944707529300e-01
1.196060184278183725e-01
4.419867902958283246e-01
1.933993103775081268e-01
7.198069503372804823e-01
6.669499122643884892e-02
9.636314039585445190e-01
8.596818254666868109e-01
8.914361495121846390e-01
7.670816006179331792e-01
6.308232261863033763e-01
3.833185495787019281e-01
8.718522574834451921e-01
1.848699321106391791e-01
4.400962991593333484e-01
1.805165326758335631e-01
7.246999814835206610e-01
4.246279602509944739e-01
9.491654129895323866e-01
1.782900905670072866e-01
1.124357824036472664e-01
9.136082164028322961e-01
1.340465079508741386e-01
9.373659973727170858e-01
3.537140444419673013e-01
9.385470016828011408e-01
4.637777369841066255e-01
5.582896326955988364e-01
2.591778330136339514e-01
6.946325870624813215e-01
4.344279985001587852e-01
3.280340802258404631e-01
6.067126028987911424e-01
1.525267211218003238e-01
8.969387258139244201e-01
9.115870822263678619e-01
9.337571085671249049e-01
6.244486285097580192e-01
5.570389941519889865e-01
7.567819515124964980e-01
9.576448555974047538e-01
3.514316923162278394e-01
3.509576447877764682e-01
2.523343934493520457e-01
6.699020376735986826e-02
7.453427838465050970e-01
9.493647903417931078e-01
2.092646189565637860e-01
8.627555549377710076e-01
3.975009044456137008e-01
3.900080939802185176e-01
9.610097325864108697e-01
1.502661007119306946e-01
8.976362751759090486e-01
3.138083224919833158e-01
9.590344554635519270e-01
7.045500987965842565e-01
6.748596501763013400e-01
9.793369496326401746e-01
4.498083488594565305e-01
3.190438852736773301e-01
3.947202838604757513e-02
7.262609698278662540e-01
9.639407885757300676e-01
4.321405070140311722e-01
6.102142089351059173e-02
1.980149966882123191e-01
2.764662547091367717e-01
7.763692888200143249e-01
4.439203973950323068e-02
1.549314890215065521e-01
2.412627745945437052e-01
3.256202895790534235e-01
4.430500304456420624e-01
7.043980782893514148e-01
8.855240234606247540e-01
2.979530100772731505e-01
7.626222035558696266e-01
4.380054219359758028e-01
6.538492991445412628e-01
9.832967762955328039e-01
