5.165026193730086757e-01
5.539939381700503818e-01
5.104501652542803303e-01
2.858455828308634761e-01
5.070915138964298130e-01
5.257082165281701247e-01
2.650065016186742284e-01
5.123093998155880957e-02
5.450914480452765387e-01
1.220247237164494569e-01
8.460830067305188384e-01
9.723403044492285874e-01
1.225754640084377733e-01
1.127730598870916312e-01
4.436153801920595940e-01
9.118267897066244521e-01
1.609675123064985280e-01
4.718191946591092645e-01
5.628720621381605449e-01
5.926660836200497995e-01
3.297065284205413782e-02
5.883421185628698868e-01
4.201556165832718293e-01
7.317094070324546840e-01
9.374819139806525037e-01
8.034641276501528484e-01
1.770105015291481010e-01
9.049259034892731535e-03
3.792366773599307184e-01
9.117902905565471450e-01
7.296661617134869715e-01
3.478602596764116539e-01
6.220845383574311604e-01
9.354687276933987272e-01
7.947052314335610879e-01
7.682854679951366395e-01
2.845716688713040288e-02
9.139108542807169444e-01
1.319321864912025299e-01
4.840500027720870957e-01
7.617958995496199037e-01
6.432869922738149171e-01
6.564493990277066038e-01
4.556817818944254306e-01
5.907818105253681562e-02
9.909649833742685265e-01
1.348863128881294671e-02
9.528135568692230883e-01
9.185938843743089999e-01
3.026289290619205152e-01
2.725148241520762848e-01
3.127490263182275410e-02
3.044792857574990519e-01
4.079951499493282840e-01
8.279987124906007523e-01
5.158118522410962692e-01
3.322836405957940720e-02
5.002552666517161573e-01
3.587493844785231145e-01
1.948258025450310127e-01
8.107652147844238710e-01
7.566793490526949606e-01
5.095401442393365787e-01
9.758228141583162873e-01
2.497947022626119118e-01
2.270855983811467249e-01
1.793091184559206797e-01
8.053550074125647162e-01
1.811090206623143795e-01
2.206715202686176935e-01
2.420423571780029315e-01
1.371142247554609783e-01
9.395168316354280957e-01
2.685639481239558979e-01
8.363566346839550469e-01
6.716369952626517481e-01
7.193453158708027484e-01
6.137333745346524871e-01
7.691297786550227444e-01
1.512235286035200632e-01
3.357879826369740695e-01
6.874561960779226322e-01
7.556447628978049114e-01
8.880060162257232825e-01
1.066703578128791463e-02
4.339753243607540334e-01
3.754477578331307797e-01
7.531351529723594451e-01
7.025821696548980588e-01
4.056628348517966609e-01
9.544431489302248606e-01
5.935069156531023182e-01
5.082637655646252695e-01
1.137745854438227955e-01
5.914164680800870766e-02
8.760075097412589606e-01
6.572475557361155962e-01
7.463221327615213729e-01
3.741552293148346919e-01
9.093396083326126256e-01
