5.482484087731109845e-01
4.227211170244560279e-02
8.298182011110311063e-01
8.918868767280437870e-01
6.066470803598087436e-01
4.177898177480607877e-01
5.704057007732541429e-01
1.947763289757966643e-01
6.482138392525985671e-01
3.026139087354982049e-01
9.572954810236693479e-01
8.798360576558803547e-01
7.492800530109823276e-01
9.910156027910799192e-02
5.772118881774319643e-01
2.129723637858023100e-01
9.929862811033633996e-01
8.072157726158643021e-01
3.399656235079354660e-01
5.597389071782610248e-01
5.088194010891591290e-01
2.109383305169835188e-01
6.990171879640997288e-01
7.949638452217503426e-01
9.634001613434253208e-01
7.535493949378696543e-01
7.174398582153553861e-01
6.898973015668025122e-01
5.438316205206980003e-01
5.281778973257074128e-01
3.819154243823945638e-01
4.077436568341704648e-01
4.468203637115356619e-01
2.577747650554835790e-01
5.485292042527696310e-01
8.204825448514400099e-01
9.400557996324994114e-01
1.522927095972093081e-02
4.648264497013558927e-01
3.075737894370578207e-02
9.437814437472351603e-01
8.221148057691988198e-01
5.670604100930531910e-02
7.927594658192772537e-01
7.228119437511523193e-01
8.574560812434872670e-02
1.579037485178975686e-01
1.811847413181015831e-01
8.776427452316858391e-01
5.088260836437995538e-01
6.378942991236685733e-01
3.592376225887778940e-01
9.511382928483883559e-01
7.486645025202353088e-01
9.770997339068807630e-01
9.605973404632606183e-01
1.399532209747716971e-01
1.113601023888771691e-01
9.882474360130122371e-03
6.747597503957630805e-01
9.686183656458405844e-01
8.287165883547952250e-01
6.980403915153711170e-01
5.382902240252076531e-01
9.499056172847709645e-01
3.801174289192539302e-01
9.522321486199275542e-01
8.560084888744473597e-01
6.608674897495659950e-01
9.602950452514491531e-01
4.083133501923721376e-01
9.527773984153998788e-01
8.551521932000470949e-01
6.537689449992040158e-01
1.056524957411411059e-01
2.979566761384573326e-01
4.076434688635537373e-01
9.384391194079264586e-01
3.362553331442180715e-01
7.982489620062926949e-01
4.570230767740570688e-01
4.495193424937742321e-01
5.750848623225420786e-01
1.150422290594422803e-01
3.165941339955746781e-02
3.438123510554180751e-01
6.853691596274978926e-01
8.604000632327957199e-01
4.506931334488035734e-01
8.387150268935912312e-01
2.014275735476662721e-01
5.143981445869316715e-01
9.710493637724643134e-01
9.791869385950503490e-01
5.913015074230087986e-02
5.715588264933052498e-01
2.869054720929099522e-01
8.909664373285485217e-01
9.638053811568173534e-01
7.404201336445417336e-01
