3.283864879608493492e-01
3.907779226081653512e-01
6.220074258025541925e-01
6.213786146577071623e-01
3.561465716662106651e-01
6.141845523136494345e-01
4.617009693292302153e-01
4.203135473875384553e-01
1.615339182336434920e-01
5.764493156720006395e-01
2.764796748402351678e-01
2.606361946609329072e-01
8.450368420792232493e-01
7.800479541272753448e-02
6.336973945299569921e-01
5.297333056122883743e-01
3.115396173554055848e-01
6.047858224179907261e-01
5.344655165677743014e-01
4.792621285822943333e-01
5.740939003363695337e-01
2.533981478894831163e-01
6.586218973216139139e-01
1.241143730158887903e-01
1.328533919939334229e-02
9.464149972949110756e-01
2.468317092374276989e-01
1.378377479495048741e-01
4.531709347131526178e-01
2.237366380891246953e-01
9.943682119389892771e-01
5.570691349688718930e-01
9.680360168060938575e-01
4.776661039976077827e-01
2.666116273990505325e-01
9.957840499363900255e-01
2.598100407613977980e-01
9.899091760427498610e-01
2.415606100700491421e-01
8.654704147250578128e-01
6.936985043734906764e-01
9.615181792033579145e-01
4.892203558327311574e-01
9.088622068448689584e-01
2.239649977281623627e-01
7.101472415052334508e-02
1.672618472280810176e-01
8.006803303250676906e-01
7.610724074652049920e-01
7.337987366326642613e-01
8.217594169371089663e-01
7.556509054434124018e-02
2.635603523887042332e-01
4.968881426024319703e-01
4.340372694286379618e-01
1.039057843818572691e-01
1.419533561970248714e-01
7.959263788957610108e-01
4.660875648269179328e-01
8.653004040242503470e-01
7.660882072622116068e-01
4.187787524298453024e-01
9.069772393667639987e-01
2.974291248116589514e-02
6.838901144993310144e-01
2.580854504366094648e-01
4.259870117150577062e-02
7.911573141301758705e-01
6.042410992689263294e-01
5.062846155288605043e-01
3.139344618837236478e-01
2.081827524882196023e-01
2.747064509976868685e-01
8.081478700526830705e-01
9.816851986404417918e-01
6.839855870886257794e-01
3.180153632504790773e-01
7.739620200381898130e-01
4.848848584707432519e-02
8.837688928756424200e-01
9.821792425329146647e-01
2.287344312877366281e-01
1.930664305496152533e-01
4.286973887545184603e-01
6.736224529098089331e-01
9.789370430121833166e-01
1.583607843101930701e-02
6.116952888329878490e-01
2.304980133425185151e-01
5.740163171657055585e-01
6.964978959007661619e-01
9.023540155677172159e-01
2.458540467520978767e-01
2.919303153969692310e-01
2.859588949208158315e-01
2.206324262664384195e-01
4.867392210715294487e-01
3.408653714569882531e-01
3.685879546804714524e-01
6.208172973941240569e-01
