1.260279374226691562e-01
7.637916486898561619e-01
7.310663528306656778e-01
7.937590162574508224e-01
3.758105600675964997e-01
1.529600897467076059e-02
2.236625113949213262e-01
5.805794535803143752e-02
9.364295851713350105e-01
4.003543191102015841e-01
1.132967006835783330e-02
7.536384100790360918e-02
6.678824901310173034e-01
7.817120365492941092e-01
9.281271530192205521e-01
4.112515070856218591e-01
1.797818823316554848e-02
7.373732567962204554e-01
2.283870240894734227e-01
3.864726650417338316e-01
1.086166670892130259e-02
1.492597301739908566e-01
3.167426619081572525e-01
1.596104061203280633e-01
3.596826303428585225e-01
9.451519721785077710e-01
3.483405672934647423e-01
2.513601932896845081e-01
8.310625241007113528e-01
3.464235547863210307e-01
6.770515168136480577e-01
6.392628693896368341e-01
8.179191921401249843e-01
7.227769515831728997e-01
9.375229043464397005e-01
4.620557496529809072e-02
3.695599562453388831e-01
3.563206156423761595e-01
3.671133047715393616e-01
6.212708189841578132e-01
1.629055392398626179e-02
9.007515888760184719e-01
9.248398346933253134e-01
5.544238690066890518e-01
7.728505348950224230e-01
8.583380566004203960e-01
8.514845055764166393e-01
8.761196163158656569e-01
6.886945425002710675e-01
5.257231886450657310e-01
1.492749708186106306e-01
9.333926325219551456e-01
4.347770615487289714e-01
8.588839412108288940e-01
7.566600750140409781e-01
2.232644408660111601e-01
9.762159795392354456e-01
3.667134856411397026e-01
4.446342470086818155e-01
1.509283308119530043e-01
9.372892494673500385e-01
7.659776884507462080e-01
8.022064868663510984e-01
6.408001986805984540e-01
3.767394905752262657e-01
2.563389706524168421e-01
9.202681711644333795e-02
4.949453936920739094e-01
6.605412083137925938e-01
1.541409676823318753e-01
3.810470480939015525e-01
1.568703759106951923e-01
8.174813653077077635e-01
9.658593163960289552e-01
6.865460872147668425e-01
9.984844119908048432e-01
1.280459447476378632e-01
9.598330056715420611e-02
6.480566956811179002e-01
6.226415506940429223e-01
5.370242043078699012e-02
9.943426358355378358e-02
8.879082142013370316e-01
6.165942299320928965e-01
9.150620981789352459e-01
5.176523180234694488e-01
2.571403877706925911e-01
2.737271659573297100e-01
8.822254945403376070e-01
6.092165399141978854e-01
5.335084383477700642e-01
9.581474425833310660e-01
4.221363856444890761e-01
2.366434591475872207e-01
8.343709997835463410e-01
3.149722638749313797e-01
1.560113632543222995e-01
9.094970149282390892e-01
9.815822009656685054e-01
8.308015982524893372e-01
