8.152580319120601438e-01
2.278973711995724294e-01
4.645645028606097959e-01
9.596877252262435709e-01
5.013112393545643419e-01
2.660619062699548509e-01
6.643611931578976559e-01
1.742077945744330281e-01
7.232523231900600535e-03
1.379678518182246849e-01
5.356770226547206137e-01
6.857508429736725031e-01
9.144534372953398993e-01
4.138326539000513060e-01
8.896143934479985305e-01
9.757039328522120192e-01
7.230770860326621863e-01
9.323194536159038481e-01
9.237820893230628272e-01
2.646974790231958474e-01
8.511694063655169673e-01
5.300001029357905846e-01
5.397675493751195042e-01
7.477381676773463548e-01
2.753244479496264052e-01
2.118314499136458862e-01
1.266742150198039152e-01
1.273842261749535965e-02
4.928700197996810362e-01
8.150362322634541190e-01
4.961137652171744294e-01
1.109441847105571144e-01
3.121617472478473987e-01
4.696628935774223024e-01
1.963077248912772355e-01
1.826484713433781382e-01
8.392192084489858983e-01
8.640881047486077549e-01
4.934032220132023028e-02
9.015114687369527591e-01
9.801943498748633132e-03
8.688802575025652564e-01
1.852057862163639657e-01
7.570613185524674993e-01
9.646554941914058379e-01
1.339639295072013736e-01
5.482860387841137495e-01
8.886287216500228237e-01
1.029212869344580117e-01
5.592517385098914051e-01
4.336527008900489255e-01
7.494636497532112251e-01
8.475868040270168047e-01
2.983945316036731299e-01
4.673122476366677880e-01
5.393886288288873843e-02
6.975221692445878752e-01
4.546573157900726248e-01
9.450650798964157495e-01
9.522571584264014621e-01
4.859830778650324756e-01
4.908101494228434003e-01
4.764523284560807648e-01
7.092784778666579859e-01
4.742166620303257529e-01
3.142294443407052107e-01
9.243538030340830991e-01
7.784677277989602295e-01
5.477960298688508978e-01
9.294596866626572140e-01
5.506304085139698268e-01
1.565623437697224452e-01
6.021047644062891280e-01
3.065061751274662516e-01
7.177550228080615824e-01
1.591300196981215720e-01
6.286262991505521258e-01
5.750695671310041002e-01
1.042169740807100675e-01
5.514359905857465494e-01
2.369574273173370438e-01
4.334667213047687095e-01
2.161002963524767395e-01
6.241892343117990682e-01
6.238999747527942397e-01
7.214357466860277235e-01
5.745388252993028910e-01
5.220376997566607002e-01
8.789148590683455442e-01
4.167725340229987419e-01
9.953164384670072362e-01
8.093205746512266430e-01
8.331578171014253353e-01
5.550584713133865922e-02
5.695218465048237366e-01
6.919795306971533444e-01
4.620096681441013819e-01
4.741481274333717577e-01
4.701004633429626267e-01
4.376471799878669522e-01
