6.232434176140982940e-01
4.346913691410045910e-01
5.811500536541585049e-01
6.781694208065741636e-01
9.405623926126966960e-01
3.321881104640236337e-01
4.347603230500969307e-01
3.907765088190559011e-01
6.895388782300083674e-01
3.404363861836749994e-01
1.391582571534089041e-01
9.973503292250381902e-01
9.666318314826082281e-01
3.808726847946144467e-01
9.445303646273244258e-01
8.030793621535137206e-02
6.941304018752255667e-01
9.603918088225372740e-01
2.195589249615264027e-01
6.549200025233029576e-01
8.342526624377822886e-01
8.836144976234465709e-01
7.331965101756547920e-01
6.911528451558467401e-01
4.316122718428176963e-01
5.343149747993508614e-01
2.519707971662342727e-01
1.975612890214808459e-01
1.713459750688414163e-01
8.771185356026310886e-01
5.020429580649171664e-01
5.154229816070876602e-01
7.171618730613149584e-02
7.910678222454641251e-01
7.369161310604599446e-02
6.489248960241084108e-01
1.534273060963019519e-01
7.525475517910480416e-01
2.484338156514294127e-01
5.037172490636613320e-01
9.603465758317389911e-01
9.464845550794354079e-01
9.006158336100784645e-01
6.328888697134801289e-01
4.198341852616553904e-01
9.385572957763873569e-01
6.594690006422838646e-01
2.744883128857467103e-01
8.253790245725811658e-03
5.884028043806016628e-01
1.353126265526705119e-01
6.148160109222526870e-01
6.358934691608473244e-01
5.022705686892345867e-01
4.451014564429439657e-01
3.755172901135813701e-01
7.617981143700630620e-01
8.718849605578070650e-01
9.046721062664788704e-01
2.924761294471376338e-01
9.794572943484539662e-01
3.243399997206595220e-01
8.844886464725696396e-01
2.020686113393217465e-01
3.308137261393433448e-01
2.736225251102563094e-01
4.730473930661083237e-02
3.591402414031653612e-01
6.360948017141382360e-01
5.283965253804089324e-01
7.436368443093590574e-01
4.361955715088786656e-01
1.471268470637732140e-01
1.062439923018743126e-01
4.056448955830562753e-01
3.565662819888539836e-01
4.042487450378403624e-01
3.697924408966432042e-01
2.588405740554076129e-01
8.013417976310541757e-01
1.663982934168157790e-01
3.621728723875721201e-01
6.610510917016897414e-01
4.925895528042945060e-02
8.637056747329141526e-02
6.785245602618483751e-01
7.867584395237098294e-01
2.310928460673324913e-01
1.774506967223482556e-01
4.791532115143323223e-01
1.777303217751398101e-01
9.879744586121376182e-01
7.495926892791746621e-01
7.378982658974867492e-01
9.710875729156343006e-02
1.576582640771094779e-01
9.746467749425157256e-01
6.966891737718142741e-01
7.838896097974045185e-01
6.769177937567708581e-01
