5.567365582135241908e-02
8.447086238054023477e-01
3.196276754104810935e-01
1.212870021120854291e-01
3.461959531978334725e-01
8.646358079980709377e-01
7.793308860855386877e-01
7.918929214450981524e-01
3.258600549887152864e-01
9.314780552216836984e-01
8.448919908894457764e-01
9.214702477283567283e-01
7.427724097377982337e-01
3.602870465137791856e-01
7.999242691202422817e-01
4.952506401506869826e-01
9.696471173976539681e-01
3.489187838491578653e-01
1.309498284180798944e-02
4.477535132665659834e-01
6.745682093180901395e-01
4.176951039276646238e-01
4.456833583556470968e-01
4.166421120445880089e-01
8.784076475561398700e-01
4.175377829934489027e-01
9.201552336068251625e-01
3.462293872384591964e-02
3.145968723978537218e-01
3.274063276252000554e-01
3.217067943617514247e-01
8.837729556945050913e-02
4.957663533082737883e-01
5.026595278398313660e-01
5.105962583652331466e-01
4.741046715470942363e-02
8.814158387782324855e-01
9.331485373996157850e-01
5.958708320256514979e-01
2.152768307936244740e-01
3.544983489926244458e-01
8.721687598888860915e-01
7.115343485253559086e-01
7.403973937432329899e-01
9.604881616079883333e-01
7.194715684617485341e-01
9.269910214041188201e-01
2.108460051593145090e-01
2.267292890916101644e-01
6.301639210624833121e-01
5.480257774304848617e-01
4.085304626440562359e-01
5.059371222593982420e-01
2.595225526109444791e-01
6.948906441927883426e-01
3.379015624760874914e-01
4.928005745969753493e-01
6.453997658533264792e-01
2.880624596923808678e-01
5.223016211584787793e-01
4.721044948017896203e-01
8.020986594138330705e-01
5.472282951486996394e-01
4.733654163619271937e-02
4.403062925021430374e-01
7.798451340302023915e-01
1.248701853881291068e-01
2.880334227813076131e-01
4.789249747162435122e-01
1.391008039233090354e-01
7.871471494257302748e-01
2.986323336837848341e-02
8.768121715249435066e-01
6.757918789615884325e-01
7.803066722953181378e-01
4.909365462053937312e-01
5.742853215598872074e-01
6.429231575962871537e-01
4.817793768620859396e-01
7.611709722492057129e-01
4.223189636394376612e-01
9.770699709969501434e-01
4.005476294672442039e-01
7.270733098540214101e-01
4.059566794818334490e-01
2.399014884338735998e-01
4.787248516163901124e-01
5.089253933370733174e-01
3.307943809763945753e-01
2.277371095827410707e-01
9.942585631577927074e-02
1.607371396661549934e-01
3.452871413849815108e-01
6.294988003275525656e-02
3.219274180561151333e-01
4.945229839544240669e-01
1.720386893048431176e-03
5.045204249297641219e-02
5.967926489933865764e-01
5.679581397449180447e-01
