2.573490411320744631e-02
1.046183817378550929e-01
6.590945144951710910e-01
7.278828928882135063e-01
5.389336751711054641e-01
4.336828520404274467e-01
2.202257217202389095e-01
9.108930057728505947e-01
4.644341142304112546e-01
8.132781879541304271e-01
7.703785962243788754e-01
5.251248374731739554e-01
3.214860492806621561e-01
5.878940306972643137e-01
5.901592900595923341e-01
5.097312477730773228e-01
8.547679518479198713e-01
7.330854585931216860e-01
9.237386688027936499e-01
4.041499509230204179e-01
9.518796803743531099e-01
5.823267202635356021e-01
1.506777222451806120e-01
6.619040812577701161e-01
1.319507796224217433e-02
7.971889629128835475e-01
1.715329409152387408e-01
4.164500437983433834e-01
3.005058005790088860e-01
4.786059435537359796e-02
3.528848366160488581e-01
5.782753514487779523e-01
9.791167328629057920e-01
6.644332018903269521e-01
7.322133606312952736e-01
8.118927833017829387e-01
1.446218540450400214e-01
3.471126954047236701e-01
4.753828905685165696e-01
6.241862932206343473e-02
6.005869204968991015e-01
1.095827034878933404e-01
7.335693831759709793e-01
1.580731649951467865e-01
2.259557087437530365e-01
9.686607663841948490e-01
3.136899976589541117e-01
2.380956844614326995e-01
9.125252410695869898e-01
3.564098788680851726e-01
9.092070072219199384e-01
3.930729669409910310e-01
2.335842573456418103e-01
3.401542229100839032e-01
6.280612999942293273e-01
8.843257483880789804e-01
7.980784076886354717e-01
6.911362434035939195e-02
1.875726068710670269e-01
5.533736964416052784e-01
7.442184642391777016e-01
2.828833511837294257e-01
2.135560199315560403e-01
6.799623163050144692e-01
2.753417278449253880e-01
2.402981621107276311e-01
3.296740172782907097e-01
9.139585612561792471e-01
5.054127183845918969e-01
5.857052867708312238e-01
7.899631128298306715e-01
5.121636794437002260e-01
6.785593108812537633e-02
6.650555936292964487e-01
2.258193939759676194e-01
9.709111685863848207e-01
3.548843260959443358e-01
3.876143709620459843e-01
1.372573347329499871e-01
7.581763700907030445e-01
2.328064996405443399e-01
8.091063379698768543e-01
4.900805403506353075e-01
5.079774343692730065e-01
7.932895422345668246e-01
6.010849858655763489e-01
1.237114167706003798e-01
1.569291849193555910e-01
4.506468485384950151e-01
2.785045411372689683e-01
9.484829253725477471e-01
8.128054609238620776e-01
7.945955738188722473e-01
5.726087547718176074e-01
5.890219756705512566e-01
9.821339649407535566e-01
7.888592509664474894e-01
5.055239390106858188e-02
4.667839441870741402e-01
6.297615143136372495e-01
