4.115190462130247084e-02
4.669768236772463554e-01
3.413673254732814133e-01
1.540967108583884970e-01
8.689573617344068523e-01
6.031504953522607293e-01
2.811507846758438678e-01
8.322749371196213053e-01
9.163330169493398847e-01
4.250268980786181539e-01
1.809583313007802063e-01
9.498409453667882030e-01
8.247683558635663381e-01
4.237523221695966846e-01
4.999027681207550700e-01
5.113294331306229568e-01
9.218826338582710722e-01
8.007966222826534697e-02
5.426131568104116676e-01
8.764416172042688302e-01
6.136760019783291664e-01
1.344873403830914027e-01
3.574286843852209072e-01
8.992848493926343112e-01
6.384696274814899430e-01
3.538444393113833186e-01
1.987714612318490781e-01
4.132322543232147538e-03
4.603687259556401568e-01
9.018824815035177966e-01
2.214015272913651966e-01
2.038404169828490486e-01
4.790627781306722177e-01
9.138796367212513871e-01
7.921665248018491257e-01
2.611101304388201427e-01
5.962927327290159507e-01
6.896419343606986496e-01
7.164938216441241181e-02
4.385664176626975497e-01
7.903699171008140567e-01
1.627073259045075382e-02
2.710361181318290402e-01
3.253171181093233999e-01
4.690026259576761669e-01
4.958280648368638133e-01
2.827593013308448144e-01
5.792672995284646742e-01
4.480292668185567040e-01
2.474163405815033023e-02
3.954182938748113108e-01
5.428615117214974362e-01
9.568121349952309895e-01
8.872782524585596242e-01
2.906484694604517527e-01
4.079533985676820906e-01
8.611407523177364576e-01
9.477402084953373551e-01
2.318194231306350828e-01
2.640009758272999774e-01
9.458215148214004220e-01
4.985206575221654557e-01
1.294568049951898558e-01
1.703206208009648837e-01
7.573432214137230112e-01
1.402235755907377257e-02
5.362274246421727675e-01
2.222787669515383646e-01
2.038224274340296738e-01
5.234533265594132345e-02
9.050547903052660326e-01
2.808589342528795552e-01
4.944308787014343176e-01
6.322561272714755098e-01
7.999585461105797046e-01
1.852495096348547587e-01
2.393062194202352222e-01
3.306295412265026767e-01
8.130504727014875588e-02
3.526493322486800031e-01
2.678271562794531935e-01
3.807093448306340111e-01
3.043030857191211247e-01
2.737575251875958848e-01
4.592420646175079391e-01
9.845996811918258373e-01
3.539479314803527510e-01
8.103260504602822767e-01
4.921429532586544253e-01
9.153576930962441516e-01
8.716171776087179301e-01
6.990665199925506501e-01
6.866913106699360503e-01
3.103804203717658305e-01
3.878302021973457636e-01
9.864716706431161386e-01
5.324881029538551802e-01
4.886969078886738149e-01
2.694386575686716911e-01
8.176721635675732180e-01
