7.741165928028403975e-01
6.506359587646495246e-01
3.357294505161088072e-01
9.336551567079108827e-01
4.848182867781736238e-01
1.806954679351929771e-01
2.369760513146881298e-01
1.136341909038952602e-01
1.956394758788917443e-01
9.789384620634278278e-02
6.957799522418136595e-01
1.679248784192021171e-01
2.782056329990018062e-01
6.835478253892006695e-01
6.355887073707918722e-01
6.286076556935448201e-01
1.557360566873289276e-02
8.481207301585970137e-01
9.099614481196848237e-01
2.812055981920190684e-01
4.804048532668659943e-01
7.428922948590823694e-01
5.010972369681971905e-01
4.578656855691717320e-01
9.518873002617400658e-02
7.434987207958236866e-01
4.580098871444622244e-01
7.847794152988770700e-01
6.566563061495236386e-01
5.969414695875699950e-01
8.297534063604821153e-01
1.559875408807207542e-01
1.339284393826023489e-03
6.059627254922910211e-01
6.798800188467948313e-01
3.820518776727914734e-01
1.581998455712284590e-01
8.743422916169639736e-01
6.155307067252203668e-01
1.715461819604084948e-01
1.582785822628167693e-01
1.818437792252896035e-01
5.212718502030471157e-01
2.625900200531878781e-01
5.325194854244619247e-01
5.431107655126332645e-03
4.565586282949042340e-01
7.241110850076319938e-01
9.207935469050144706e-01
2.807352501551367840e-01
2.458234768661989866e-01
4.745058983827595833e-01
3.995514522503774701e-01
6.956692969745948973e-01
2.752924999644812409e-02
2.983677008308048828e-01
5.985380850168018352e-01
6.457047774988566857e-03
9.357090773946101780e-01
1.191940891448026729e-01
2.277576168033960125e-01
3.464612832567369738e-01
5.846518987426030378e-01
2.144830276818373571e-01
8.881089285140408851e-02
5.436194764930696310e-01
4.727545629560989671e-01
5.545148394712473561e-02
4.884888726289166039e-01
6.524274343991769420e-01
9.099033783041798884e-02
3.357347624402935438e-01
4.601756158084417958e-01
2.947376247028110630e-02
7.829492277276369760e-01
5.369610954482507692e-01
3.153215781914466831e-01
8.479882842851471647e-01
8.314708146750106055e-01
5.949319627656900478e-01
9.596361216766959856e-01
9.628887511798075449e-01
4.182096735523544995e-01
6.112275386198755545e-01
7.966673927337364347e-02
2.433360035659748455e-03
3.630213729588310789e-01
6.380386354282666650e-01
8.310676847362650221e-01
1.809369723200786595e-01
5.667970193546346680e-01
1.306817907088320130e-01
7.500149609667212669e-01
2.163846096957231513e-01
6.446977141949348233e-01
9.913315852849959864e-01
3.963194354999726166e-01
8.294241245013748154e-01
1.796708043832716539e-01
4.745695230687916322e-01
