5.507435878969503262e-01
6.504021868468333745e-01
1.402164891802012425e-01
6.171104617412207505e-01
2.215560677299205361e-01
4.390323220124724424e-01
4.567980963812933171e-01
8.467931003459093775e-01
4.372397997693970861e-01
7.143771389236788227e-01
7.717896644912300985e-01
9.245245883662731590e-01
2.401265284117533039e-01
3.881844983009832273e-01
2.689353116252678477e-01
9.906021570176986035e-01
9.927724021721718861e-01
1.549511883187575378e-01
9.857416856873230104e-01
3.245639332187811865e-01
7.819626220902375913e-03
4.795000885261054835e-01
9.064957783756233400e-01
1.031509074752139377e-01
5.678801493236986797e-01
1.438002107131786111e-01
7.816005677014177255e-01
6.043624673686905924e-01
7.188795965297081203e-01
8.366584799154583862e-01
3.526074526559566102e-01
7.216736992901009451e-01
7.700402708708022903e-01
4.484259778629441362e-01
5.134909260281125265e-01
3.066223460351850116e-01
8.118870073086301709e-01
2.926324900436089171e-01
2.151695372245173710e-01
2.211418468441014307e-01
2.785153647660951748e-01
5.382586178425470269e-01
8.554741730055295257e-01
7.457468993279068314e-01
4.804778186742630908e-03
5.563227674845360182e-01
6.429947662240265149e-02
8.526709140766742800e-01
7.950826811860626231e-01
8.303221317280057301e-01
5.031370241824151268e-01
1.129912182241198382e-01
2.026415672773863585e-01
2.644154924602204471e-01
9.621921007159189854e-01
9.952872039819079530e-01
9.102666783159680808e-01
9.866771906217980392e-01
9.580264907271429653e-01
9.865791797698832966e-01
2.775291762775660143e-01
6.107909610854482807e-01
1.816600054002519560e-01
4.801606408933712933e-01
9.429957181892323348e-02
5.112629689160500535e-01
9.318864374983302223e-01
3.388103088486804637e-01
9.689647358188644422e-01
3.461837123191946475e-02
9.787396871687129574e-01
7.635392234821967161e-01
4.254401569929969762e-01
7.482191193192662126e-01
1.911516698456026120e-01
7.987884044513575699e-01
1.487250208972960008e-01
8.823821994962491866e-01
6.373653501637203123e-01
8.942142870129687893e-01
4.085293559321278023e-01
4.882499653777698789e-01
4.679428507515192015e-01
8.401534811737838560e-01
4.321788605150679308e-01
9.196705032920645673e-01
2.570251823809179825e-01
2.980542694718181229e-01
4.956820298930807445e-01
2.010167450520471411e-01
7.600557354323131953e-01
5.461156239584585848e-01
6.090043510660136938e-01
1.512034339729609878e-01
2.456501420083446741e-01
7.037192927575356416e-01
6.945021834954511197e-01
4.246771869923290366e-01
9.342337393772101040e-01
7.079914265547027075e-01
