4.456913983140090574e-01
7.997382476183227951e-01
4.912521181338134202e-01
9.423260884128831227e-01
2.899650231004514689e-01
1.974694305512727510e-01
2.171875609281732622e-01
6.621451936899995783e-01
3.880780772343919161e-01
5.062848622506892493e-01
9.182683269309799279e-01
2.663368014307865295e-02
1.407678373572366359e-01
1.041880012189135840e-01
3.721412720252543771e-01
2.984031160869315968e-03
6.553697222249905696e-01
1.119737445616717508e-01
8.148586754235628282e-01
4.238606432138511959e-01
4.290397997836129518e-01
8.642789781052240272e-02
1.441529917842981900e-01
8.064808505410757666e-01
3.422638773078132690e-01
9.334537462468706082e-01
8.544554094436551672e-01
8.541149657245697968e-01
5.024721861558585356e-01
4.434240276570057260e-01
6.804681654847065664e-01
3.243940371151305957e-01
3.371367088288361735e-01
8.701123437821626228e-01
1.498372591135331833e-01
9.397285517903686269e-02
8.459641210084557494e-01
5.761606573535832387e-01
2.090845637527621870e-01
6.051882059768102229e-01
7.778458225183281227e-01
4.518241244433736092e-01
7.053810930423871639e-01
1.935825632530565610e-01
4.020186615517611362e-01
1.948809889862025413e-01
1.558790074022162742e-01
9.303182446604032485e-01
6.543158031651616913e-01
4.927690392051735646e-01
4.623640228759815507e-01
8.380051821967574588e-01
2.595872771994840456e-01
7.639222214670846611e-01
7.922866022681548381e-01
4.945906901672514344e-01
3.869395966579203261e-02
4.661957005105832330e-02
3.672612540860353825e-01
9.836385731163024282e-01
2.074190534358160143e-01
5.282073976074864730e-01
8.867916617717256367e-01
3.716891092837226740e-01
6.682897723651273214e-01
1.912682406049093231e-01
4.871613238213475805e-01
1.271495428770961222e-01
4.162790868673714728e-01
4.468429132859468300e-01
9.817508988084502342e-01
5.301387690742387360e-02
3.867914420070085457e-01
2.483804035798724552e-01
6.403741233758605267e-01
2.594221496419342188e-01
9.171767449535426220e-01
7.623591276286439955e-01
3.679916261844393688e-01
5.060337734384525721e-01
2.961015426663132777e-01
2.026976804851787772e-02
1.866009621367006321e-01
9.816266610588747499e-01
4.689173159713466710e-01
9.714165963897012368e-01
9.827446172024045801e-01
3.521411943749400697e-01
8.604851301727762802e-01
8.839434483150065969e-02
3.484228646415916675e-01
1.396051939690723387e-01
7.797116203958831537e-02
9.713131142491601144e-01
9.386437770441770079e-01
5.423942003782320498e-01
7.762714592122097468e-01
4.958747701585736190e-01
1.835390311167410804e-01
7.694501255238651583e-01
