3.074039773163199651e-01
4.831353777347570100e-01
5.579181416546339367e-01
5.608896451074479872e-01
2.411935685911399396e-01
1.764068216868104333e-01
8.793364138196302360e-02
7.705512753737379095e-01
1.373023888402923331e-01
6.490013040498868735e-01
4.163521196096549026e-01
2.273194023715395806e-01
5.843386688701177611e-01
3.951513695062532916e-01
6.673383382339308501e-01
2.723983961029389222e-01
6.380347365504327461e-01
8.503944707422543825e-01
1.204205050967023238e-01
4.846417873290495004e-01
6.863146678877279916e-01
4.826343077058682374e-01
2.110627722125854033e-01
4.979870368827465921e-02
7.019662627057758897e-01
9.445631174719155698e-01
8.198351832448272924e-01
2.853666192330006623e-01
4.131445841072935998e-01
4.808090821350745614e-01
2.131948881676705154e-01
3.434613727986935983e-01
6.101784121932665172e-01
5.572829011196839266e-01
8.779343823016061421e-02
2.223977588279558715e-01
6.560723684598539496e-01
2.895042296229817236e-01
5.587237252650402164e-01
1.539841974167116545e-01
6.047245739432928202e-01
5.169882131353699117e-01
9.679451299810049036e-01
2.060640063631918872e-01
3.682767785274158046e-01
3.094453202692424298e-01
6.082668288334232010e-01
8.453277403353168795e-01
1.529692824908079896e-02
7.803846537711834896e-01
4.315667332467509887e-02
6.017962359321740173e-01
2.993375870308642162e-01
6.482574493718208375e-01
2.580855570463265192e-01
5.114780528224374123e-01
5.352471464078562002e-01
1.431639697878618334e-01
5.306677210633344854e-01
2.736111131883161018e-01
6.146974826463065256e-01
3.124507939669498580e-01
5.368269071539568671e-01
8.378291435246998375e-02
5.287314180336647462e-01
4.969836580661113334e-01
1.319223877652156984e-01
1.812836631428057510e-01
6.357561897977853649e-01
3.229123661938173573e-01
1.716929243935779725e-01
5.383380340127915664e-01
8.650108064573850397e-01
3.300014665817827542e-01
2.162820546528119170e-01
2.794966546528998563e-02
6.883259496147644541e-01
6.840302933465584045e-01
5.941535468075602733e-01
5.774715319406422687e-01
8.208786394956524290e-02
7.496978322840361919e-01
2.207787659783203571e-01
6.478415147153171461e-01
5.149090189765404002e-01
4.299008462378828277e-02
5.784100132557423724e-02
4.286152686283895008e-02
8.133030513389111205e-01
9.844380116392785762e-01
1.966060925004172732e-01
6.023983469082123676e-01
7.244858723044748094e-01
2.670516878738675715e-01
6.483164423694254275e-02
7.299673709344696171e-01
5.529459743036079233e-01
4.469912025809805733e-01
7.674834134232720873e-01
8.824955204786322227e-02
