9.503024851028273323e-01
2.715385102774751092e-01
6.270497567000726802e-01
7.007935430186352788e-01
5.464369623214906380e-01
4.818258361613261265e-01
9.628140284177122421e-01
6.707960318575909575e-01
1.001723493978875501e-01
1.718899019360298208e-02
5.058024092133345251e-01
9.668486687663464529e-01
2.784372429094967849e-01
4.835616803255978757e-01
4.174279641802545182e-01
2.950137363859764994e-01
9.200253951135813901e-01
5.201174353861423016e-01
2.657176592337420207e-01
5.752176445624420653e-01
3.642759038518708081e-01
8.154529511573749279e-02
7.797501320148279014e-01
6.198031438346307542e-02
6.244861641803989283e-01
6.601218595314384263e-01
9.915971090393920218e-01
3.696740938956426525e-01
3.248144620356721024e-01
8.300782570198019794e-01
1.282788530929347415e-01
7.580128524145511859e-01
4.665894807116488519e-01
3.844014754878229967e-01
3.307772856818858020e-02
1.487361687485342365e-01
2.252413603918824725e-01
6.995735425829721077e-01
1.035058560360679891e-03
7.273667277154015620e-01
4.688101285680185137e-01
1.877061510598726501e-01
5.531008157287842231e-02
4.044357624467472823e-01
4.111892213633101534e-01
6.243768110245252467e-01
8.004127183651026378e-01
1.992607642127964818e-01
4.636063034102336777e-01
1.409680833490988272e-01
2.137109922847583166e-01
2.566929884200214174e-01
9.862352941721905797e-01
3.662440949664089729e-01
9.396221987692953137e-01
9.680478411687380991e-01
5.020861049630139794e-01
3.852045917702726641e-01
9.023141215366754508e-01
2.623772922684255438e-01
3.082480531998952333e-01
1.213442588271296252e-02
5.802453536048243210e-01
7.077149035173679881e-01
3.883051674356918781e-01
3.106412172534122051e-01
1.422159053294000941e-01
2.903246236535441671e-01
2.502363674417317219e-01
9.578601801420529860e-01
9.766300725674648131e-01
3.373030007054657053e-01
4.497729290939389557e-03
8.783658401160072682e-01
8.624162453032997444e-01
4.206027604189788160e-02
6.987908175367448793e-01
9.599668175769457967e-01
6.533580978413862095e-01
3.500860282256906819e-01
4.125512978482582804e-01
2.738559713703772047e-01
1.753149914016081112e-01
3.702834089609220447e-01
3.715069399911526959e-01
8.331210434119430408e-01
3.268555705712533621e-01
1.849667885480212881e-01
4.369767051092449117e-01
6.075856185786985275e-01
6.482811390643415939e-01
4.797505440547407130e-01
4.061207234433327207e-01
7.546083873043143431e-01
3.917893395052516325e-01
6.780857783086028379e-01
6.315506901253280514e-01
3.967817894040431836e-01
1.837292152491557529e-01
6.315053458189290314e-01
