5.867752696716597161e-01
9.760271756177885116e-03
2.563601297946799251e-01
4.893518243920401689e-01
6.008987071570818239e-01
1.736168607032465561e-01
8.688430414213333952e-01
9.309979996045602002e-01
6.571020612788647242e-01
7.756870728744271748e-01
6.166884442878743933e-01
3.692251337365294317e-01
7.711867089573547496e-01
7.213267339078948126e-01
1.473962045177382718e-01
2.002916770419653769e-01
3.701068265163482973e-01
4.522267773952843850e-01
8.211181248253559550e-01
5.382682010902595238e-02
3.459629221322122472e-01
7.159691767352902581e-01
2.725052686777962307e-01
5.817462249333386071e-01
6.647144896360233091e-01
3.439387512923958168e-01
6.176144325768436749e-01
9.706220137907887180e-01
3.582772708578156884e-01
4.978190948814121830e-01
6.491471639423174178e-02
3.542189395637725946e-01
4.660189050177967474e-01
3.317051198809766177e-01
4.745065897408229372e-01
8.884714154507105111e-01
9.111836863750588655e-02
1.681791051715857410e-01
2.589753509292082034e-01
3.734877622116038465e-01
2.051562586867247129e-01
4.928879969699357932e-01
6.639570266341723315e-01
4.301804297126413656e-01
4.945204247079501014e-01
6.713883334064527642e-01
5.063488382766936358e-01
9.567060059956274953e-01
9.530542464062157215e-01
5.237866354107906242e-01
2.649029569578269516e-01
8.658001715791423525e-01
1.051495893196952025e-02
6.226346355583989300e-02
3.341767024036389477e-01
2.529323404786166796e-01
7.284799987347849726e-01
4.820482364982636714e-01
3.114612916690305822e-01
4.784970125248292350e-01
8.095162200882771719e-01
1.288546673043224899e-01
2.094572277346761213e-01
3.664423062802169007e-01
7.733769881425291981e-01
4.377016711029111384e-01
7.521069670467304125e-01
3.791427382585351724e-01
3.899281743419480417e-02
5.808523348372748307e-01
5.127597264957127754e-01
2.375270717987775226e-01
9.065464208392429724e-01
6.174294867626787253e-01
4.623510501675452966e-01
4.991900305507105395e-01
9.206986694236340973e-01
1.645117165131534387e-01
9.185168735982001120e-01
2.019553351778704542e-01
4.770395086523674388e-01
5.732313046443213711e-01
6.782183888149326823e-01
3.566981325965311589e-01
5.132602061424901274e-01
3.087823452304171434e-01
1.270978781904678057e-01
9.804144321578550647e-01
4.216862957146587654e-01
6.689283593137455020e-01
4.118429557466577462e-01
8.865926412822066061e-01
1.718910762030578798e-02
4.755914694737231052e-01
8.447788943363362391e-01
8.460571125153962813e-01
5.761192065754154878e-01
7.052585092810642609e-01
3.019685097219532155e-01
5.389856038983159570e-01
