8.495527818760797434e-01
9.635286059642788059e-01
4.359634048456244582e-01
3.027802166361664993e-01
3.306291830395629017e-01
9.747529248115278655e-01
1.631621445762339029e-01
6.389564959328203342e-01
4.104978778651526827e-01
1.493470763806812318e-01
4.967225596882937078e-01
1.768285071518669316e-01
7.471644828725558796e-01
6.708635282942541078e-01
1.390558889118113095e-01
4.563786834627749922e-01
3.986568968124327705e-01
3.123284791885779788e-01
5.050558895990847619e-01
3.725325605734808310e-02
5.285782293873122484e-01
2.656517227593861996e-01
5.600293304055918853e-01
7.293530928924762957e-02
5.794883753617036115e-01
6.143326437174820853e-01
8.308285421902092960e-01
1.809986375026177985e-01
9.970465962333451282e-01
7.632239365425033117e-01
5.487526167271620237e-01
8.838781555362918985e-01
9.076575706285827660e-02
4.013666139506236741e-01
2.544845885703778121e-01
8.630415389468417686e-01
2.650568657511286341e-01
8.720018660205648420e-01
9.556499838101744082e-01
1.017361841242864218e-01
7.181098377767725083e-02
3.676002746092320583e-01
8.828780421350032048e-01
8.579755462316325243e-01
6.369232014613396275e-01
8.539906167153064054e-01
3.107907208793148079e-02
4.450520561113362472e-01
6.515108201462591619e-01
3.588245314696560939e-01
6.500914412719404067e-01
7.966430636176673463e-01
7.508320868845044238e-01
6.989281269771554506e-01
6.725607640253619124e-01
9.665997488167238361e-01
1.014267559931929519e-01
2.792146650073557002e-01
7.106809063800255677e-01
5.572738389202651632e-01
8.517958630329325320e-01
9.318928714132037605e-01
1.446481558438272863e-01
3.232094294972798210e-02
5.851414502496522507e-01
6.974838462986006071e-01
3.723355660815397261e-01
2.680226145808617400e-02
6.150542076824790927e-01
1.174801252598458579e-01
9.634274563065545749e-01
5.340380117442774521e-01
5.862953449919462434e-01
4.794125082547985306e-01
4.305048719076229879e-01
3.528802356660443174e-02
1.969829375302695196e-01
3.344386705111922486e-01
6.479080831416859088e-01
2.973893506271485521e-01
7.908495977157165013e-01
4.971125326681126166e-01
9.637177735187191230e-01
6.341117752321323575e-01
4.978993730917133931e-01
4.805138603502653316e-01
2.718137920094501059e-01
6.362117822609195672e-01
9.016003424590965931e-01
2.036420646841344828e-01
7.496391387220754376e-01
2.025646715318847324e-01
8.979313142021848604e-01
2.990334582345004488e-01
6.536716803946263088e-01
7.835895672953854252e-01
3.724482820348170575e-01
3.419893960402734523e-01
6.782235067641610993e-01
4.295614306182461428e-01
