8.033448955279582915e-01
1.350376278670122332e-01
6.536228568123962912e-01
5.801465887949788236e-01
3.399254653052969921e-01
8.783157475714332696e-01
3.573641951344783685e-01
4.828019616755121479e-01
9.440210983195994610e-01
9.638851278448197224e-01
2.126584949206584696e-01
7.492916134238455372e-01
1.088439516156205489e-01
7.646036757946105267e-01
2.915518502113804145e-01
7.512634878938223570e-01
6.078592191155460789e-01
2.999501211582324967e-01
8.420867886999671148e-01
9.012391709947825680e-01
1.453645201875487514e-01
5.556271835643393775e-01
5.242551419105134780e-02
4.866516191441978556e-01
5.648988501502738568e-02
2.021911368598082737e-01
5.986566326069608923e-01
8.481783964641009810e-02
1.934201296458926134e-01
3.351730531501991850e-01
6.155407441310943861e-01
5.909240469169496635e-01
5.912190978063073254e-01
5.643222137559900098e-02
8.673600344351853897e-01
3.295586465354730654e-01
3.025352552138070861e-01
2.212125580644846989e-01
5.319241532337226630e-01
1.123499251852364544e-01
9.254954665610950482e-01
9.203584198684436890e-01
7.369519174406555795e-01
7.802621678588377296e-01
8.601937688982935759e-01
1.757911622878810531e-01
9.450909710768338190e-01
8.822132983719928045e-01
3.419799407891432885e-01
2.492525199521004042e-01
8.470026353638102634e-01
8.991677560382088652e-01
6.952312079325996264e-01
1.632589367983181550e-01
9.090725950169006309e-01
7.719274339395065798e-01
8.782639866363486369e-01
8.489604028563920712e-01
8.855575966557547307e-01
4.990778570007321502e-01
5.774303905504016843e-01
8.641112111135048623e-01
2.430274316757803366e-01
7.233246329688031162e-01
3.646726327754119534e-01
7.215188264893526160e-01
7.534305766343596389e-01
6.590599936008101345e-02
1.634172619712548347e-03
8.599217042555448165e-01
6.131064295635609840e-01
7.533502962943934289e-01
1.462563169267784291e-01
5.929322640278442691e-01
8.040654352952120165e-01
9.476258836135127428e-01
3.296094669333606841e-01
9.262168848196430382e-01
2.805337362907289744e-02
7.067468864270253226e-01
5.008156238128282922e-01
6.265696355649518212e-01
5.476699272370257887e-01
9.472646641447265425e-01
3.546500774367001840e-01
6.831115652950477957e-01
6.417450555145798319e-01
5.779795701408063646e-02
1.300811762783106174e-01
2.692879290845886509e-01
6.693502852545760717e-01
4.288065939653071812e-01
3.684733529698425158e-02
6.803364949965067243e-01
3.071054861309567841e-01
8.732475032271951321e-01
9.384390426905618865e-01
5.167663496935883671e-01
6.964654319733799559e-01
6.254408740960267776e-01
