8.035967274550805950e-01
2.663961354800679082e-01
3.557893132357990984e-01
6.782804384665533926e-01
6.456288079800430735e-01
4.468404619395477395e-01
4.498306653027669411e-01
3.118910018148872698e-01
9.293348066163953369e-01
3.594563106258774621e-02
7.425721444574399088e-01
3.070298093398166062e-01
7.372762829594846634e-01
3.655639327085451473e-01
9.093509899608591684e-01
7.406839091897396976e-01
3.995388788943708969e-01
9.551662323561637136e-01
3.250802806361363650e-03
4.057425459946218949e-01
3.416135745772824750e-01
7.098434499109672613e-01
2.088373082192586105e-01
1.056104157066349858e-01
6.415589983614550240e-01
4.052547744793821849e-01
6.981630425202300927e-01
4.405716491926459089e-02
2.476452442749876859e-01
7.913679503512489610e-01
8.580443699802638990e-01
7.439117095298739546e-01
7.789938516210008768e-01
8.349373615999731157e-01
6.053351860301127152e-01
6.767810952168383798e-01
1.369140743764076795e-01
4.692608747061521868e-01
7.339419189908807928e-01
8.426782305460364109e-01
1.934228484730370345e-01
4.349451092720747480e-01
5.777469108483079818e-01
3.739800430747316495e-01
9.092350190796373299e-01
4.642176723538876670e-01
1.913579187534807380e-01
9.167376104201692133e-01
1.937634190228718634e-01
5.953536367938324636e-01
2.516934056671152886e-01
8.078005956985921943e-01
5.034111733253517906e-01
7.826958576737179651e-01
1.938788224490636258e-01
6.273710350735894892e-02
9.645943303443804684e-02
6.243760696328481963e-01
7.079776259958370233e-02
7.524348508290331639e-01
6.336896996752668931e-01
4.437543196519520006e-01
7.172631366338854120e-01
5.170129433626191595e-01
8.370734609949781468e-02
1.629824353337826492e-01
9.170969340977962458e-01
2.931630020034552420e-01
9.287280420882745302e-01
2.204652405690303851e-01
5.031192253356208122e-01
5.401642109314043205e-01
8.306425009559931238e-01
2.675538668000976283e-02
8.026223203893746438e-01
4.960303928979498123e-01
9.909891064336552313e-01
7.779530759529241779e-01
4.539027997601280395e-01
4.522702013082882111e-01
4.253846935842652277e-01
2.887483016275760317e-01
9.619023266772492864e-01
7.532871502248275064e-01
2.827704608617279680e-01
1.496362373203019569e-01
6.166265345494424954e-01
2.074736571789492778e-01
4.336601895211221747e-01
2.362985545236184759e-01
4.466430906335425721e-01
7.903862418584576277e-01
9.774447403195489770e-01
4.363927502770000855e-01
5.790067494889343802e-01
7.707956015943351336e-02
9.647472732193859146e-01
2.367034762132844694e-01
1.162996815788489569e-01
5.542048280348946809e-01
