1.720904483939877938e-01
1.070593006578456352e-01
8.573132012628376097e-01
6.510252446865771869e-01
3.907518753546548318e-01
5.225204110267989144e-02
4.058959258588429320e-01
8.893616519137742538e-01
3.097274250232397996e-01
8.265392931497916873e-02
4.902672278675334061e-01
3.359709682816440779e-01
4.895967657823340202e-01
8.588788243498033381e-01
3.512421088239029432e-01
6.402693617519353841e-01
9.559469937853366517e-01
1.544422057632113265e-01
3.677003637592043406e-01
5.688188300283656407e-01
3.865798467652102888e-01
9.003833131669628509e-01
2.405259592135856606e-01
1.170919219272692491e-02
3.740248720638230662e-01
4.276786143936872620e-02
2.181781132447188076e-01
2.215527344727911130e-01
4.159649345993042813e-01
5.652738927271940828e-01
7.993126182145984249e-01
7.080572475209218064e-01
1.670169570675320569e-01
2.027579834894298605e-01
3.899549582226963240e-01
2.373218134282051306e-02
4.331217940857927662e-01
3.717091340468912097e-01
5.928090630304434505e-01
2.053034060097267410e-01
1.012784065713057124e-02
5.282348026443446365e-01
2.792529603158619977e-01
3.910128144080254886e-01
6.956312883170099326e-01
8.603139864082828270e-01
1.912064618808463345e-01
2.202500696877413011e-01
3.957865918133852690e-01
1.303557609478069867e-01
5.548549117332953751e-01
8.620018428774266495e-01
2.722762891673571328e-01
3.752732216538267052e-01
9.614816503693688343e-01
5.271019107848167184e-01
9.840825197213757258e-01
9.897066122212702100e-01
1.244295287402262806e-01
2.335925389238379113e-01
3.759633915201814336e-01
6.340518929257158431e-01
4.574359542913769561e-01
7.530510415305381455e-01
3.570735839804978218e-01
6.244652907358707594e-01
8.529314805074930117e-01
2.718240822547307589e-01
9.871086865216464057e-01
1.806040253508300886e-02
6.110355798214234246e-01
1.220235743760091918e-01
9.687580763152486840e-01
3.621983297045847650e-01
7.615515061502415861e-01
3.829942998500012186e-01
8.487286142797292321e-01
2.726774253582713303e-01
2.587237584370150056e-01
1.284632678417714224e-01
8.095959355313194772e-01
4.929966179351387146e-01
2.984753816822688366e-01
9.594114595046066007e-01
3.899750837231513723e-01
1.980827222977008528e-01
5.214614413120872705e-01
7.066036896807420531e-01
5.761454764122259098e-01
3.060592883402305509e-01
8.062429479782173836e-01
9.725834298738822437e-02
8.147795483597500832e-01
8.641341114924894207e-01
5.910341148798743394e-01
5.879396424329660364e-01
3.999695549413314621e-01
6.515691432648961223e-01
8.661631265389240220e-01
5.805285772459922722e-02
