7.639548505267025336e-01
2.469881092905733544e-01
9.907602013359299020e-01
1.704115318099767018e-01
4.504519612353665714e-01
5.927151496979817802e-01
5.043404631346928291e-01
4.103904151603799955e-01
5.651319650207176082e-02
6.270847312901904891e-01
2.050254871885236474e-01
8.511750174418664106e-01
2.033062624893821058e-01
7.576463979256897741e-02
9.957821770664386785e-01
9.015657806813914821e-02
8.158509142602733410e-01
2.263249883768111426e-01
8.100224349542616276e-01
3.282792043373627955e-02
4.676102624899791671e-02
8.064354287396098275e-01
7.757564118688756727e-01
6.528972173337226348e-01
8.176582435825310302e-01
2.459770598087035465e-01
6.325195357731692170e-01
7.554787501294443208e-01
8.791279566147669478e-02
5.818931798371107522e-02
4.664456081795032016e-01
5.024924916680304499e-01
2.155849029980869691e-01
1.634544995496863828e-01
6.961883685474061778e-01
5.949987513219074931e-01
2.162700671348413151e-01
3.532350123826460964e-01
6.199610426281854103e-01
8.440557256055716273e-01
2.158218042049242502e-01
3.997033504534021064e-01
7.264979287223461979e-01
7.607042895944766681e-01
7.968306317252437099e-01
8.559771142451002568e-01
7.724611515381464288e-01
6.663859233843908436e-01
7.670511104684221149e-01
3.555886166554599326e-01
7.069767428019878563e-01
8.088381911517518175e-01
9.038031471836300845e-01
6.702954975811993288e-01
2.336624557611146624e-01
7.474494491435628163e-01
1.137892669430502490e-01
9.283259062534865436e-01
2.561302085399240758e-01
3.208785071539160816e-01
8.606924739496846222e-02
3.622036600911321402e-01
4.416624890697701256e-01
3.652483749507049460e-01
5.313702065342220671e-01
7.804657831100397791e-01
3.985716029419967832e-01
7.988861534358995264e-01
8.999008854343127917e-01
8.267603758693626848e-01
7.767422761442244195e-02
7.014626886833876807e-01
8.643590509167060620e-01
1.741353038398010256e-01
9.188126123951068092e-01
3.405215613803831420e-01
6.519810529453009540e-01
3.412196319710052439e-01
9.725579218227211609e-01
5.653937779483095838e-01
7.454009076349605856e-01
8.345525653370396979e-01
7.773693658618726632e-01
3.666430676755199070e-01
8.813762087124973332e-01
7.748120239820801558e-01
5.152675153937656960e-01
1.114257723584590742e-01
5.940773883155445745e-01
3.973453537773652400e-02
1.604871685788922253e-02
6.912659041919210212e-01
2.264061554502044826e-01
6.477503476009767169e-01
4.571716575534297000e-01
3.229051872777238819e-01
8.679793261271584459e-02
6.180780837559349816e-01
3.141216133557759305e-01
1.605826060287506296e-01
