2.618402847502943054e-01
2.754641239057055158e-01
7.625088247503586381e-02
4.820832786596096486e-01
4.674180562254258708e-01
4.039939496488513804e-01
2.605447858890405088e-01
2.669379442827960469e-01
2.639344194932767840e-01
1.005570378920044305e-01
7.994171296277331473e-01
1.704980778725195822e-02
4.397598314595925206e-01
6.580871050240754139e-01
6.951858985874715957e-01
4.447919732168029716e-01
9.563302943857724392e-01
9.360216419900722062e-01
9.122367467451434342e-01
3.892300301455917655e-01
3.906384745222444277e-01
3.248605171687753979e-01
1.251517755285136424e-02
2.626590730745198554e-01
6.779933364836748799e-01
8.146079444987406326e-01
3.280121779878426569e-01
7.052694971607329499e-01
1.639521983240135317e-01
8.232142620026811075e-01
1.342756499996610176e-01
4.068187606469911843e-01
2.342623889482142729e-03
6.088974205323222089e-01
6.965910823793399764e-01
5.358283494483717657e-02
8.647768891123348567e-01
5.234525257212426785e-01
8.165553247967800576e-01
4.003877126749975091e-01
9.159046550636515960e-01
3.426864809745914231e-01
1.666880903713746642e-01
4.695630131810901720e-01
5.923364895718208345e-01
1.940130367764407726e-01
8.769757015315219340e-01
4.216617558212085726e-01
5.348951254535911914e-01
4.913623649958276385e-02
8.595692241493491093e-02
8.746280098381145063e-01
5.863858125666668863e-01
7.200174249201340970e-02
4.544204879339919234e-02
1.959754317030504289e-01
1.112921252067649025e-01
4.516744243413683968e-01
5.749731865710379086e-01
9.794898112327258266e-01
5.297945771878376231e-01
3.069699419993084932e-01
7.176687517706400454e-01
3.781436382847063182e-01
9.033912159922817819e-01
7.325400218797584184e-01
6.063880462163366847e-01
4.729367245604003678e-01
1.592630455094888875e-01
5.045144173758939754e-01
5.773811675305322577e-01
9.446313960858293557e-01
8.114616846218830615e-01
8.491012367907596614e-01
6.306143817899311221e-01
9.426434904691571859e-01
2.065862224388581581e-01
6.283144069620615335e-01
2.374332775639715898e-01
3.763932097023192647e-02
9.615174087668743041e-01
1.019477735535494478e-01
4.788965211619810036e-01
4.677855825618864039e-01
7.113774162289041580e-01
6.867629201407112749e-01
3.467614001487029363e-02
7.376557036482345175e-02
7.030832434665237329e-01
4.464414011250295022e-02
9.270177112222047766e-01
4.279329912121659918e-01
4.330112185098133892e-02
5.797355804798165479e-02
4.725369706583256724e-01
2.578387284208137897e-01
9.319218392381121152e-01
5.597524472271775409e-01
1.110029571330750642e-02
6.599928231786200694e-01
