8.651089317342888219e-01
4.681596485368391125e-01
9.919353981846218415e-01
8.645346368146855642e-01
4.900982384601282327e-01
3.634731407673583714e-01
1.286450338306145413e-01
9.043340112915776441e-01
7.179771187387806730e-01
4.649507642030972221e-01
3.376664474661229542e-01
7.228154534682754706e-01
1.186553192467144635e-01
4.973332344529790561e-03
1.797673164255675360e-02
7.269421227213656023e-01
7.885957164144608011e-02
7.477053499701392658e-01
7.308676277739837301e-01
6.861343898136937902e-01
9.074341447834062269e-01
5.103364846402137500e-01
8.823296504366010540e-01
9.559967844560379735e-02
3.683606186654421188e-01
8.131405958459355654e-01
7.803781288694413565e-01
1.974953142689254149e-01
7.121151818128536037e-01
8.156170956658438387e-01
9.495178609477633591e-01
7.803726148173887323e-01
5.804300519537607395e-01
9.281925864622541100e-01
9.253777992004175168e-02
5.377125748507298741e-01
7.475532665779345276e-01
3.236199820692349238e-01
7.170111466626981622e-01
8.768208642951756948e-01
4.099980784479262397e-02
9.974005153364736698e-01
8.173836347648901768e-01
7.317904214554477038e-01
8.567961442211312617e-01
5.331675158118809321e-01
1.966969618800389341e-01
8.552199213384630294e-01
3.585245468557839432e-01
4.600702770649979234e-01
6.687295970145847868e-01
7.549049867541663961e-01
1.251574345292261192e-02
3.615277235541549672e-01
2.643119344075102184e-01
2.651266882319324170e-01
1.300409331374196009e-01
8.025390170713248006e-01
4.342165259097302554e-01
4.399670845090186688e-01
7.712039596612247916e-01
6.644345504138492453e-01
7.273862277230006557e-01
4.519300765999968439e-01
3.098834607115155126e-01
7.439190815750278407e-01
6.793567114022098785e-01
9.642719154782046775e-01
6.288621614190518239e-01
7.213392559893038181e-01
5.054206460667727274e-01
4.972253226855297692e-01
7.768504046133000163e-01
2.397609741457620292e-01
4.632827977383628948e-01
7.698392231443378364e-01
2.191733089996948936e-01
7.031442976134227862e-04
3.081519191202328756e-01
9.168818208621432042e-01
4.696688149458337902e-01
1.211880248642963620e-01
7.035941025071240640e-01
8.593611060376127320e-02
1.595529827627791830e-01
6.780438675911362179e-01
2.033509499181976876e-01
2.799792643247426271e-01
6.742408760759436293e-01
4.944967626206185907e-01
7.419163410986613361e-01
3.741279841812643614e-01
6.646528563520819333e-01
4.802202941246537238e-01
5.339833055130253081e-01
8.723462631752519902e-01
4.808788069169015467e-01
8.019935720926182343e-01
7.851252682169328478e-01
1.163843234867003584e-01
