9.425501934688875760e-01
4.677814430431045389e-01
1.467545459008409159e-01
7.028222484275931103e-01
2.033158546450651860e-01
1.517925465086246151e-01
3.057912224714691707e-01
2.313103612320447366e-01
7.036947042920017603e-01
2.088991841882212874e-01
3.777422217682645522e-01
9.593809641683959111e-01
5.967696304233954807e-01
2.093503315596177972e-01
1.590502451142484786e-01
9.297669290121651775e-01
9.213686572659703922e-01
9.777525108927002107e-01
2.872236288234448764e-01
7.052357637738044804e-01
7.380777738001040866e-01
7.240957890728695334e-01
3.170142621607403566e-01
6.100846503153475320e-01
4.671349640987004781e-01
7.556585680509705361e-01
7.869172309489862460e-01
3.558075879830303601e-01
2.322757288388818120e-01
7.184433668366474457e-01
6.961635498142048073e-01
5.006229029471732650e-01
2.676413364168709341e-01
4.932892532360046989e-01
7.526944759236107174e-01
4.156802454356336440e-01
9.620423413046866878e-01
8.044446408387267988e-01
4.081191772643744109e-02
5.925216339437566759e-01
5.621896246915525364e-01
7.176346696279201076e-02
7.930079373876111060e-01
3.424222161345595872e-01
1.682657667333929963e-01
5.447020835631879443e-01
6.321266690271881705e-01
2.291599234069655600e-01
6.746675229197224288e-01
3.218262942329921383e-01
1.978399026124126880e-01
3.573111421884044292e-01
1.598118230711379484e-01
9.551122068366623141e-01
9.346315039089186927e-01
5.411144220160786222e-01
5.963801828582405706e-01
4.922142562669509225e-01
9.003101995401985302e-01
4.820403243369306701e-01
2.828307555012254948e-01
7.305606555079193765e-01
4.453952068862675473e-01
3.519583409011114439e-01
8.670323244524703599e-01
1.319084178449460021e-01
7.162337214435327004e-01
2.932651212600267954e-02
2.395102442819777577e-01
8.937432584522954082e-01
1.654018657107652057e-01
3.247906211951606670e-01
9.629364429104377843e-01
2.197980200250906346e-01
1.692605873468890909e-01
3.307511040293074078e-01
1.683750515586169838e-01
4.662985099097938235e-02
8.597927878091098375e-01
3.252753724386756584e-01
5.419979867192699086e-01
7.386950609961524528e-01
4.266337916420130938e-01
7.706555276433818547e-01
9.663168063593305934e-01
1.987898868560180610e-01
1.907836241602978156e-01
3.619392548481378258e-01
9.248253924657210412e-01
6.466358765445973100e-01
3.131842872447532233e-02
4.068876315357248252e-01
1.043754527458518044e-02
5.375370809872394018e-01
7.955545208990509876e-01
9.705610183758630605e-01
7.432571722845898732e-01
9.380588876908718676e-01
2.985188889173929772e-01
3.268757797453546443e-01
