5.129928834996547726e-01
4.906265237483020680e-01
1.385271505100251765e-01
4.368480169961570514e-01
4.396395848287405483e-01
9.987965592702203743e-01
8.975008423059225304e-01
7.477724048469145401e-01
7.732603869565792820e-01
1.039098076450033492e-01
5.910701302226123444e-01
3.562674110266517147e-02
2.745611466101538500e-02
3.253029156364238839e-01
5.608269862613797230e-01
7.321713527863877857e-01
9.684740839917608257e-01
6.312407631738981006e-02
4.073532685788460173e-01
7.211854956200695055e-01
8.635947280783893287e-01
3.978528767938097621e-01
3.580607206848563928e-01
7.869344341266695242e-01
9.334031046476245486e-01
2.924032086721667367e-01
7.627797231365894826e-01
1.440148275761496954e-01
6.809404788396592467e-01
3.587996843516890744e-01
9.151613298923830797e-01
2.918713726160737654e-01
3.198638010172617507e-01
6.914491130707652866e-01
1.806828225998261539e-01
4.703985280544712433e-01
6.598103293193324781e-03
3.962535347170035305e-01
2.790911271987942532e-01
7.720332322498918431e-01
8.945661026876811084e-01
7.566270727826169828e-01
5.749076844457589042e-01
1.296155281751835142e-01
7.786655372866021496e-01
8.065116201298603293e-01
3.807524926079296490e-01
9.166388182283025099e-01
5.110784759439434000e-01
9.455734036075125193e-02
1.746286467069838588e-01
2.568815811125743087e-01
6.630694159327965576e-02
5.458736998964786036e-01
5.368589682169091493e-01
3.856176990917143943e-01
2.115017969126595787e-01
1.222640769682578066e-01
3.724022834418383443e-02
3.219290633462720264e-01
7.015750004656113870e-01
1.147652221113565352e-01
5.737246548230220400e-01
9.591467727748205219e-01
3.852304186497531591e-01
8.925127567108886995e-01
6.343924543935797189e-02
6.685088947659667546e-01
5.485764992514591265e-01
1.488343253501265284e-01
2.274075500560290841e-02
3.931703936797694698e-01
6.235985882776269307e-01
8.731172009582267579e-01
4.971931764297501388e-01
1.657595785257748311e-02
4.037005109407044712e-01
3.910188189385988000e-02
6.341963774332634030e-01
2.339979702699664932e-01
2.368709721436892401e-01
3.241168743901162719e-01
7.803545915291822954e-01
2.153020453960595715e-01
3.263123036424457890e-01
4.553721350277823987e-01
3.620597654164661172e-01
3.195321840364813148e-01
7.038527720445370006e-01
5.985750654846406782e-01
8.526353409285005736e-01
1.422955781074440873e-01
7.518750937808214019e-01
6.723360035242398336e-02
5.471917193213119424e-01
5.140842215428029771e-01
7.468239831056445732e-01
1.305597493912131757e-01
3.830389023569483742e-01
9.761402247109304264e-01
