9.703337316185287609e-01
5.029140327300660740e-01
7.283464066744044230e-01
1.793591671422553047e-01
1.245376515232586856e-01
4.929560935652090858e-01
8.022626150413258994e-02
8.577267344269728921e-01
3.670847096745978311e-01
2.603977105152109894e-01
5.015461963866685302e-02
1.797692265075430118e-01
8.264949673783560380e-01
6.698119643939061119e-01
7.683656876411262271e-01
2.465510599891043153e-01
7.454682516456735408e-01
3.792745435260620468e-01
8.649593972207784143e-01
8.236207969843060139e-01
4.740079061343130951e-01
3.103727036347073698e-01
9.883998495323971234e-01
7.855308981543995817e-01
9.182596592936048685e-01
1.663381804438092137e-01
5.470047788409008183e-01
2.541831811351713544e-01
8.648174892870116315e-01
9.362540135211305792e-02
8.319595384547932015e-01
2.790329406843272686e-02
4.953537591542822582e-01
8.601852381009704729e-01
6.640824561723045472e-01
7.034064052719833926e-01
5.714509578705858628e-01
7.338270732120667494e-01
9.005139344009770452e-01
2.558394227749167804e-01
5.846380206437451488e-02
3.266427093033379414e-01
2.543364715815249477e-01
7.725540756906124074e-02
3.074687256258136214e-01
4.721406292231966617e-01
3.914937294629678988e-01
1.168701722376037644e-01
1.049845233687686230e-01
6.282090713469983267e-01
6.668149104476825961e-01
5.818231584196261741e-01
2.334954446479037271e-01
1.951443019283262137e-01
4.114365371139324656e-01
3.586965652622038370e-01
3.526655524803240516e-01
9.419967817432511881e-01
5.790157509441365979e-01
9.851471235342099675e-01
4.994779097159713910e-01
2.437497471583954800e-01
1.313085350311856692e-01
6.198956587152064657e-01
1.459892946415771720e-01
8.386893990288152301e-01
7.232108912167670711e-01
4.416585566520125905e-02
4.601191651811198380e-01
3.947528580995410818e-01
7.824583367089794628e-01
5.666717343602736268e-01
3.477562529053148666e-01
5.994521148257471177e-01
7.776821681827646993e-01
5.251536876628276618e-01
2.153508772864047849e-01
4.093146426581071307e-01
8.421299331058146320e-01
4.256642600703020030e-03
1.923493296836714661e-01
2.143405282274646328e-01
1.925274377571208895e-01
9.342708404424850954e-01
7.272421949391039142e-02
9.673711371102533541e-02
6.096455923897597939e-01
4.960213057084494892e-01
9.811115425261263123e-02
6.399066469088531273e-01
2.755951488825090223e-01
5.746624849661735590e-01
3.515094590217933135e-01
1.969999896698169106e-01
4.078063632250931159e-01
8.660264986153202171e-01
5.704508891431004924e-01
5.983509953640748780e-01
8.975770642786767839e-01
3.853112251190435877e-01
