7.255809703382968268e-01
4.219831842312236070e-01
6.942788804112342005e-01
5.727897370044650049e-01
6.096560823085541703e-01
4.971544144250382713e-01
5.666345007206105011e-01
2.824129351102948604e-01
4.006885155181992841e-01
4.414412107009143549e-01
6.619304406412579445e-01
3.682795878975360093e-01
4.912810713907811433e-01
2.912151558941111773e-02
8.018260767284608459e-01
6.597202170359151019e-01
4.069796435042056792e-01
9.086536650892829137e-02
6.332664885375541841e-01
5.191895808950685032e-01
5.131866717787326726e-01
9.955167379300541297e-01
1.726706737475085518e-01
8.514188296371468789e-01
5.558071340613179867e-01
2.116682339498667798e-01
6.371936416743808618e-01
7.790183566446453600e-01
6.583582890932367926e-01
7.520197344943879703e-01
6.456891988693199691e-01
1.005423021155373853e-01
6.840107266997514923e-01
6.216862879495682614e-01
8.715188759235750204e-01
3.086572122779174254e-01
7.692197895324088819e-01
5.001778111566252960e-01
7.601412170022403547e-02
1.847016248193087407e-01
7.603373817664013101e-01
8.920065939366915719e-01
4.625493629628139036e-01
9.257248767320088723e-01
1.253964508290250635e-01
6.418906293172649269e-01
9.347378454035965012e-01
7.586959407278547340e-01
1.986354194420940633e-01
6.069536390732169773e-01
7.785484494174560455e-01
6.671446995483032438e-01
7.202131433729408450e-01
2.330951564027636813e-01
8.025150708510233599e-01
1.374542828834202091e-02
4.949124782515840204e-01
1.522823784423276150e-01
6.936844932681969222e-01
1.098824738785644239e-01
1.681160411285762546e-01
2.787021921368593169e-03
9.426195569769636462e-01
9.566882579276073661e-01
1.344927246509012297e-01
2.679925212658115230e-01
2.156395061617810693e-02
2.058161514764094147e-01
1.836895722369462636e-01
9.012420095740832915e-01
3.531124263110271277e-01
9.742838187138171957e-01
9.703015108718103798e-01
2.163441068907177023e-01
1.065757045364861266e-01
2.324975190354251486e-01
2.365051132297786296e-01
9.839279343411515555e-01
1.909952888428291251e-01
8.797537109733019056e-01
4.384157844223477429e-01
3.546634111879300999e-01
5.073425605173804698e-01
5.547699437776839604e-01
4.895254262937863698e-01
2.425802557772479551e-01
8.609998250165910028e-01
4.084533696597940633e-01
5.831998918955360045e-01
2.772603516707594640e-01
1.746458946473554708e-01
4.055787469075160523e-01
1.010270960333505830e-01
2.164574798115810328e-01
7.436760285481092136e-01
4.340781541718858882e-01
6.939867698036428223e-02
2.367765105356789412e-01
7.960173752798005431e-01
4.851136321271858343e-01
