2.433346102549477363e-01
6.926251173573555464e-01
2.110602035432909140e-01
4.531210966421144182e-01
3.629664786898133544e-01
6.362524337132398067e-01
5.555225891434023566e-01
4.399947016356327012e-01
4.940494508211762392e-01
3.884293744310961527e-01
7.129753294532789054e-01
8.366894639855774196e-01
2.939171653117844674e-01
5.647086959280134266e-01
7.100991760000900932e-01
6.785404903229919071e-01
8.984364523013231851e-01
9.487912958073287939e-01
6.012311757695543157e-02
4.191313365771547339e-01
8.302535877115878593e-01
6.458342629614360897e-01
5.802379417453947807e-01
1.308005053235925530e-01
6.306107121631022716e-01
2.509708311934635283e-01
1.444273866323845246e-01
6.487174596425965278e-01
4.666078572356510135e-01
7.545718382405575131e-02
2.633185862396052457e-01
8.086857249783246937e-01
3.902104696604526968e-01
4.719624336497352246e-01
4.303998291054352832e-01
7.741354123504524676e-01
2.512769670693213442e-01
9.421824397087760206e-01
8.082109856458046249e-01
5.221248989177875721e-01
9.156032140437639910e-01
3.398026584053147614e-01
4.557807770880013543e-01
5.050736060102065661e-01
7.700369620942881799e-01
2.336662755483115417e-01
1.086677073641890701e-01
5.458634810611784349e-02
9.593644172881670151e-01
7.538356637551948403e-01
8.672711480264937434e-01
5.157996855715344386e-01
8.604278945951654434e-01
8.049399954110003641e-02
6.393419983273570528e-01
3.956523902611430721e-02
2.728253862688961862e-01
5.790259258225528560e-01
9.599204031646753066e-01
4.106125516919089113e-01
1.530982376471456963e-01
6.649253846189586703e-01
8.409395377047945708e-01
4.133285972250236862e-01
2.834690546145979262e-01
9.574078097311782276e-01
9.440639371107584221e-02
9.870749516951792257e-01
5.397442605071942623e-01
8.212634799506312033e-01
5.568311638066977265e-01
2.637295607978682455e-01
8.987589927389293409e-01
8.752866910994899774e-01
2.123801951387604969e-02
4.012499255880994653e-01
9.840559266227119073e-01
9.289289266647260401e-01
5.261886152863992638e-01
2.755730362546910950e-01
4.734945721985696077e-01
9.615815349575337345e-01
2.476968612884205001e-01
6.325774133586755665e-01
1.529852942900544743e-01
7.624538872167270220e-01
4.071706537924876246e-01
2.759831454900389947e-01
1.835022028748447553e-01
1.389519181097966793e-01
6.902505249669916854e-01
6.239155800110787187e-01
8.570611571815519580e-01
4.818356942699749679e-01
1.700771542129242420e-01
6.350442167273213645e-01
9.343318871789865199e-01
9.333219735320493760e-01
4.666038257670773737e-01
5.051041848339187235e-01
