2.323213107519500609e-01
6.800075863694011735e-01
4.202172072211940446e-01
6.435413462355187297e-01
5.835703659822210065e-01
1.454409196202247623e-01
7.257138607362491056e-01
1.521773690449327310e-01
4.528416160773670596e-01
4.397908381027024749e-01
3.011326843928041619e-02
9.144660387953797986e-01
9.788771335963922793e-01
6.579086531066044019e-01
9.473023936021610636e-01
2.391753190209211510e-01
9.064704229681540548e-01
2.731416550679399702e-01
8.579250270575107251e-01
8.173316651772032371e-01
5.729877049383347298e-02
4.682163326708008722e-01
9.569659884946069006e-01
6.519453061698763374e-01
1.319609238267145379e-01
4.412998837812265318e-01
1.282580739829594085e-01
9.817358107965495906e-01
9.004255307260489172e-01
1.911806751088444001e-01
8.837292721905304349e-01
4.674968410153762521e-01
2.993219762159178288e-01
6.070982003372424884e-01
2.666178258221898467e-01
2.557115026801335400e-01
9.927750524755867279e-01
7.520503896953057987e-01
3.303648827165039936e-02
5.252024873634479896e-01
6.014586860028324766e-01
8.589193803270858130e-01
5.778615296309979055e-01
4.034312399530457505e-01
3.106874861644411956e-01
9.765866438494027468e-01
6.690679973315063478e-01
1.815905427920528892e-01
3.510829828938328845e-01
9.178127140605586431e-01
1.085296579136257877e-01
4.453328438564423397e-01
3.827685816363679550e-01
2.608520424837525997e-01
7.084301513738630041e-01
5.386639758051177118e-01
5.813738557781156224e-01
3.782536035063630564e-01
7.184296379967182178e-01
3.152250647878159784e-01
6.818154251752039929e-01
2.442372848140472730e-01
2.016343824892352643e-01
7.300440278589935827e-01
3.464164473640052311e-01
7.259441367563553849e-01
6.121532087766933250e-01
9.587258089697069385e-01
9.010506014700447874e-01
1.262031920163459997e-01
2.775696038292639889e-01
8.110042248900320994e-01
1.970095613003113311e-01
2.277072964177745407e-01
8.881033743297849226e-01
9.736106031798726912e-01
7.537258931244157356e-01
6.690085003896206750e-02
6.867330840218739407e-01
2.534340716881667843e-01
2.381905030565881765e-01
6.167077316214230054e-01
5.475218799900879452e-01
5.266400115117874092e-01
3.148060436715194310e-01
6.234194454412000930e-01
3.050745439837931894e-02
5.898103000756738101e-01
1.903732298006810542e-01
6.605072539780566521e-01
1.164968688022635090e-01
8.227248802519617765e-01
5.906071638035448323e-02
5.354961406553178094e-01
6.056781211454920211e-02
1.990133846796335870e-01
8.582540007957695227e-01
1.850179461238179446e-01
3.549851502276957227e-02
2.256530742008051593e-01
