6.815763968528781858e-01
2.645039797151471639e-01
2.981653313370848934e-01
7.416330568508502363e-01
8.240869971115418746e-01
8.297666644409018577e-01
2.283803348706683334e-01
3.254012987788457156e-01
5.984262411169041229e-01
5.863774121774359971e-01
5.644857760242788514e-01
9.955417547733433903e-01
7.058806630809614235e-01
7.769296087539373508e-01
3.997885121611809423e-01
3.690371795978705238e-01
8.306088479411033454e-01
3.924563200329053148e-01
3.164065260419433034e-01
4.333539684546625637e-01
3.490659646079156131e-01
7.744396905896259176e-01
6.485772447076461056e-01
6.498591990806673602e-01
8.946995339612553444e-01
2.596178367011194865e-01
9.332053763273611136e-01
7.519363828004682615e-01
1.078217505261458431e-01
2.590944093830139794e-01
2.827230676810983390e-01
5.076486137700275680e-02
7.894829800243675644e-01
1.931634175651897323e-02
2.918126422642990381e-01
3.411751589016664976e-02
9.002324549357909600e-02
9.393813256332553818e-01
7.543812690819066136e-01
9.399619718075391539e-02
1.755080705555310816e-01
4.260329882278572899e-01
2.351852577548396717e-01
9.205284936217117409e-02
4.854403471775321499e-01
1.279293163642770681e-01
6.642042455077220575e-01
9.098069297295077185e-01
4.984307248483063058e-01
1.427186767184084326e-01
4.353766540996131251e-01
5.216172027952058476e-01
5.221595065434075922e-01
2.868533644113493430e-01
8.880673077643422841e-01
6.600104242587124803e-01
6.101232243654046705e-01
5.006530890270872725e-01
1.779585645643074754e-01
5.539179243889967852e-01
8.648273420036424186e-01
1.011458341952978790e-01
8.566177312337335259e-01
1.761468985206527949e-01
3.236621038047896581e-01
7.267929526253218420e-01
3.949394190537075522e-01
3.021290697078715670e-02
9.972095321429216286e-01
6.412679926977843392e-01
5.398907493976897731e-01
4.731111172225869188e-01
5.733432223232359792e-02
5.504738141841541976e-01
6.964974403988014595e-01
2.511385356591937512e-01
1.168055119450447377e-01
4.113804733035018035e-01
3.957260878946069482e-01
6.187809094329025372e-01
3.614746505624432116e-01
7.579001641405980205e-01
8.761998271346926881e-01
8.483102796996384587e-01
6.646433136407540188e-01
2.291546608667797136e-01
2.221452890617749976e-01
3.553909836217196139e-01
6.163129637954375406e-01
8.706177307262937815e-01
9.411295715649078408e-01
2.681953071054257176e-01
6.384769531543131871e-01
5.726839695909601291e-01
3.304980750975500259e-01
4.506744270502699434e-01
6.349247047141504119e-01
2.619181342889184139e-01
6.411508785990622794e-01
4.638053137067522647e-01
