7.722638608400455018e-01
8.824463599786958046e-01
6.169318333856422809e-01
8.205459127625404081e-01
7.372539439713776677e-01
6.200752706275064474e-01
8.336881150721461298e-01
3.426640965649662141e-01
6.530955121366088800e-02
9.134991939580570097e-01
4.637346769584721473e-01
2.257166444195788380e-01
5.898114878068310141e-01
5.373885888004573674e-01
5.652759817470915937e-01
2.709642020021699738e-01
3.350047142997756300e-01
4.675028207760467680e-02
7.950788056093194278e-01
4.743024258337004140e-01
3.005183105850750547e-01
4.437432966840800797e-01
1.234055057456018289e-02
4.383834392037566641e-02
7.543524157476781955e-01
8.000849270670455926e-01
3.496225300727229257e-02
5.556268158544519498e-02
7.292897120991382875e-01
9.211710922549307679e-01
3.282094058312917673e-01
4.574321219412710304e-01
8.135992687549278291e-01
5.777202380320491937e-01
1.755183527920006759e-01
4.399185783599833810e-01
7.114359163457208979e-01
9.632711950615325813e-01
5.996636888365970419e-01
5.207484822852481710e-01
7.906724570750445213e-01
5.900141794626058145e-01
6.143650183625359862e-01
3.577550669780451553e-01
3.449499216455337303e-01
4.812926722708458227e-01
1.664278938691206022e-01
5.209582785641233560e-01
6.690682599808881470e-01
8.411236741795202754e-01
1.919951190674167307e-01
3.897184122809438378e-01
5.809311733611345341e-01
9.412846346013670207e-02
6.711970525347399352e-02
9.669603639724289046e-02
9.172239924998496496e-01
8.710339895503506069e-01
8.699238577739021316e-02
7.424907033602186068e-01
5.626065361022969391e-02
7.754485985454411257e-01
9.835522954182005506e-01
9.078695629523454436e-01
4.194932412511064301e-01
9.783709259782092937e-01
6.418775852289049233e-01
4.407275076200343200e-01
5.565070314489329872e-01
6.015584316318799418e-01
8.605757246658001236e-01
7.809542023123358101e-01
8.804765207614735356e-01
6.805212471170242194e-01
6.669385849724572823e-01
2.286549457641152694e-01
1.961406715659357314e-01
9.329267178624990331e-01
4.838957611286671678e-01
1.700611164626976146e-01
2.142529817619653887e-02
4.595151529846353000e-01
1.627921266205968331e-01
1.394617379443734428e-01
8.918157622947586738e-01
6.042913331166244184e-02
9.607600991449770644e-01
3.365219499568973260e-01
1.595429983187351963e-01
2.644286141578614524e-01
3.102907189326314930e-01
6.414002056172392052e-01
4.967700301640431970e-02
2.154983195225637083e-01
4.547673497917337215e-02
7.167846262863392104e-01
9.095561573675509104e-01
8.404278356479158996e-01
7.547183170469593527e-01
3.859984453860336728e-01
