5.249641018809253490e-01
2.456843041674885431e-01
7.018304471778291642e-02
8.882989182128984140e-01
3.860854484649006713e-01
1.217981440119624281e-01
2.476003434530746894e-01
6.121856602493086497e-01
1.938621182915735153e-01
4.809980839913541306e-02
4.161411243843874397e-01
9.199952325082731974e-01
3.885243808743548133e-01
1.053613522497068855e-01
2.111643721750945391e-01
2.004507686149292756e-01
8.146595317901138555e-01
1.617860931104555533e-01
7.876469647237425153e-01
5.913008213561623538e-01
9.839576904003110025e-01
3.300465709989789387e-01
7.365258787850214039e-01
6.866216158463966934e-02
6.557505307926991822e-01
4.168863435511446225e-01
8.750268688626386959e-01
7.969495135039424971e-01
4.568427138468593718e-01
8.693813891478058276e-01
8.741098519770553743e-01
3.537134850642407180e-01
1.761270306400619656e-01
9.114353577850697885e-02
7.165192753377850332e-01
6.698224311917654328e-01
4.883328562186451949e-01
6.967148198718914331e-01
1.441756518124006625e-01
5.436348738557414961e-01
2.958139321084745088e-01
5.418919178859779029e-01
4.119467958515881101e-01
8.200664123408418771e-01
2.760687216182567960e-01
9.768671377197832850e-01
8.959944495238174600e-01
7.722882764335403660e-02
2.075508136620338728e-01
9.540734066238559796e-01
7.759557276781492430e-01
7.142796994990455728e-01
9.220787347393948341e-01
8.874718831003531871e-01
2.615772533698678126e-01
9.049536773632751441e-01
9.741720772985656973e-01
1.873639263973201352e-01
9.505612225387239933e-01
7.553332323992579811e-01
1.369105147144822343e-02
3.102602520943905651e-01
1.456587701653857536e-01
5.150480174450851045e-01
8.552436703530708062e-02
2.748046325419284397e-01
2.918458684299217731e-01
9.630579947010374786e-01
9.478493263430987081e-02
9.656786792821079324e-01
6.827162576800481775e-01
4.683189043370088456e-01
5.284251456131398017e-01
7.331181334318447318e-01
5.125804860087669335e-01
6.358909415830156231e-01
1.609991757091523423e-01
9.511611716258427940e-02
4.207399261153276226e-01
1.672523978660613864e-01
2.208171635586754222e-01
9.643055147563615037e-01
9.732241939011481158e-01
2.226854929716280962e-01
8.676689773682839668e-01
5.917677522234167098e-01
7.351311574281447214e-01
2.113525061283147988e-01
8.494775306055549757e-01
4.232084203935613242e-01
1.935018650920584671e-01
1.480289536524884708e-01
4.750687413826746308e-01
6.542103402038105253e-01
1.203988909718147760e-01
3.552612899698563975e-01
8.424783892741674052e-01
3.089057168308525503e-01
7.695922633519690637e-01
5.664987577389900553e-01
