3.740510682518723984e-01
9.333706708801369212e-01
5.326866832950205577e-01
9.631399221499910013e-01
8.070886855198026177e-01
2.365570532034457774e-01
3.185329632701489055e-01
5.457493951020927492e-01
7.281102362616541646e-01
8.609553602017411267e-01
6.860556024047961277e-01
1.629890126695432429e-01
8.532046562579268523e-01
6.334601344002039891e-01
4.045464018550493090e-02
9.649099724925438437e-01
1.991031034224177709e-01
4.944526965341400349e-01
4.565517467134230234e-01
2.124497972677015234e-01
9.398812911294484040e-01
1.063874877772263972e-01
4.808718654968554551e-01
9.625556635077532341e-01
5.959503562050738612e-01
6.876615122559186499e-01
6.022344118136950808e-01
9.564048928497543844e-01
8.124648213125575946e-01
8.737023670872388070e-01
1.146945058308366239e-01
9.559059036533473774e-01
1.083830027800076756e-01
6.373440357066382234e-01
6.486971617662602441e-01
8.118283460450930189e-01
7.062661230292531789e-01
7.773078794253176493e-01
5.160731816298947949e-01
1.689933393676792406e-01
4.796275097822088052e-01
1.389946901615927155e-01
3.582129735665674497e-01
6.555078237133833419e-01
9.050649949515283677e-01
6.452697619557959952e-01
4.995258351022316967e-01
6.184460293148912324e-01
6.450370074887900040e-01
8.770552845641984563e-01
8.749532560843935602e-01
9.732195178835006955e-01
3.902952588941018819e-01
3.899223682900093690e-01
2.992510599515972869e-01
6.349351396611608855e-01
9.996640589699988810e-01
7.750487532593046680e-01
9.718201466473368466e-01
6.531837330297809441e-01
4.991489317964763472e-01
8.660917123613933732e-01
3.427628151693868919e-01
1.939054788140239793e-01
6.218898284935477916e-01
3.068899710307563256e-01
2.323672514201372552e-01
5.484894907065207548e-02
4.579396292731315876e-01
3.249964947457243403e-01
7.910863496517943627e-01
9.041243809225022465e-01
3.161347499214040013e-02
4.527510696897550924e-01
8.244792080160930903e-01
3.527687734640466699e-01
2.455531781930209156e-01
1.984687133980858054e-01
1.086740297402511990e-01
9.779191351213112338e-01
4.480349743310508837e-01
2.958591059132865686e-01
6.733488607095575729e-01
4.136030414233392571e-01
8.746176104847657173e-01
4.592719005524723563e-01
2.311475962753505309e-01
6.629878084391344073e-01
3.501734079739384775e-01
2.099896775433917062e-01
8.803235736346562978e-01
1.087089855082931100e-01
1.597879009498365255e-01
7.431132887158736766e-01
3.798573572367280882e-02
8.624955515208917456e-01
6.482838803664761063e-01
2.308144278475262601e-01
9.764113536326758380e-01
8.232587922350234066e-01
