6.856458375724381327e-01
9.027261852183208202e-01
4.248417200413814321e-01
8.238346114444549118e-01
1.082387481598662271e-01
5.861535478281165723e-01
2.806155780898456076e-02
5.981588953029524092e-01
3.189242698575820434e-01
8.072080819459731549e-01
9.659791317588922732e-01
2.389558461607697026e-01
7.903469929217782353e-01
2.493472581097144758e-02
5.220233722136137233e-01
7.124128159263160009e-01
2.340283194432235536e-01
9.894835785536990613e-01
5.489996220282433725e-02
3.863921177378010219e-01
9.899287562879063307e-01
1.387066344415024410e-01
2.972512706909135050e-01
9.933039508224859038e-01
1.027518558469942000e-02
8.605257235348023892e-01
8.391658746928113422e-01
4.412137037378923710e-01
4.997414357419664999e-01
7.530194062798589716e-01
5.973001053177249275e-01
9.584952245444686714e-01
9.015648242088756259e-01
1.588246645310714689e-01
2.033146025183006911e-01
7.385368246268939618e-01
6.832576898368654117e-01
3.485442921104459080e-01
5.388973640282085364e-01
1.985513426414631244e-01
5.669107052273069103e-01
1.845822928433563659e-01
1.234407369199885807e-01
2.164283469828335305e-01
2.420275423661093495e-01
5.681491862002140403e-01
2.012281714187452719e-01
3.511382154685847024e-01
1.207224468203466072e-01
6.932436736521051523e-01
8.275393160866061359e-01
9.286865282366956187e-01
1.343115381520565421e-02
3.142747573786009996e-01
5.877730804586391855e-01
9.680496744159696743e-01
7.808028498339258938e-02
4.072743839561959733e-01
5.921231942653726321e-01
1.897506573210482328e-01
7.406173362020573858e-02
5.276125041479177158e-01
4.085828374080201497e-01
7.514713410304694197e-01
6.152192351169528672e-01
2.702457548006502730e-01
9.416778044200011522e-01
5.681634574585179287e-01
3.881098697183441582e-01
4.678534226389780004e-01
5.858747267084646326e-01
7.044361469042088597e-01
6.778394067584485594e-01
4.774989395420256022e-01
7.168234677297999902e-01
7.613714188000476613e-01
3.153915945923972952e-01
2.188393462722120208e-01
4.542819903998597253e-01
3.440231233915136411e-02
8.584886728002160128e-01
8.421431715828660014e-01
8.551256083238182315e-01
6.765588129909712034e-01
3.246242269818271353e-01
3.856884857565000546e-01
1.962658881639263164e-01
3.609316155728530262e-01
4.317068652456279576e-01
1.041327345438319840e-01
6.343933324996613443e-01
5.859490757536958139e-01
6.568524293307778095e-01
6.315138451861991298e-01
3.619064865401144804e-01
3.584144008768679335e-01
9.219548884149051382e-01
1.804355133824363522e-01
2.210611975072495072e-01
3.865985250336256840e-02
