2.229907505305299686e-01
8.236361118528866543e-01
9.747754093461737934e-01
7.181299646924695912e-01
1.086442154279585459e-01
8.885108407154812538e-01
2.536749404467748548e-01
8.551167532327142995e-01
7.545960471898021105e-01
4.834853141880119942e-01
3.344288658605818476e-01
2.289298330338074283e-02
8.156086638452210158e-01
6.299334864849021054e-01
9.845425670890157743e-01
9.141016421739966979e-02
7.972618900851302648e-01
1.218636679932679767e-01
2.069931110868823421e-01
1.112424624453991484e-01
3.551878263974350691e-02
3.320289530631959085e-01
7.745919473607545402e-01
3.823466828376985704e-01
1.411919841381253926e-01
9.274326441687097411e-01
3.350430328692268755e-01
2.711883253663340820e-01
2.082633715259876173e-01
3.424735909483984653e-01
5.579155810442818497e-01
8.027946106759343836e-01
1.725165642751792516e-01
1.201940582955310921e-01
5.426023616670841987e-01
3.493205465072011240e-01
7.082353796317388817e-01
2.746345971917325546e-01
4.416169255006675565e-01
8.479499958522964675e-01
9.755995353471655918e-01
8.428745283744417671e-01
4.058583529454350414e-01
3.932956346450849905e-01
6.068139065253315145e-01
9.154024405975546008e-01
9.761929505778278449e-01
8.858007600610988685e-01
5.828349594825781299e-01
4.185574812219861052e-02
7.329346784427229755e-01
2.596414038465816310e-01
9.679336406321569219e-01
9.842874536828372101e-02
3.663173418657601488e-01
1.376883754289777162e-01
4.156781914782610166e-01
5.186429570461156269e-01
2.304964940179015098e-01
4.071604063101836868e-01
5.235222067986321504e-01
4.575320228966529568e-01
5.082459041441061975e-01
2.021377821438031797e-01
1.553856739052271729e-01
3.469510679665505082e-01
6.426976897678473577e-01
4.915388992108057353e-01
8.423371668084955743e-02
8.283427207668065950e-01
3.808450151995754762e-01
9.168684725853640805e-01
9.734677291773646823e-01
6.393012142851312030e-01
5.406216268715452467e-01
5.204531828732787968e-01
4.127449943813088495e-01
1.484892404641351416e-01
7.890619715827990044e-01
3.292699027866761163e-01
3.944995308317785776e-01
9.943820554175986093e-01
1.051029823331790514e-01
1.261798749027264188e-01
3.977732599659291601e-01
7.342556825990651515e-01
7.837953267969923754e-01
9.109354444614583546e-01
2.836754779245382885e-01
2.566199886235935868e-01
7.607726806198256142e-02
4.865499445063732331e-01
2.082745798702005935e-01
7.444441763485847297e-01
1.528087567665281643e-01
6.373179165916154076e-01
7.478827224978809030e-01
2.018419841617798971e-01
2.412908467975818372e-01
4.089866574682530231e-01
