7.661393914851858389e-01
8.499202294109906575e-01
2.506099092916094229e-01
7.231015077675189140e-01
1.556463419277390736e-01
7.181679465543167051e-01
3.488891468323818135e-01
3.596227067303319203e-01
7.764746983990725715e-01
3.247632852640169876e-01
7.199824322670196342e-01
9.382791122451765720e-01
8.886783697255599135e-01
7.138172007306983202e-01
9.870308232996102271e-01
8.496495747399909204e-01
7.853575439845639217e-02
8.052609651634512478e-01
1.858027807110441687e-01
2.812529430308168266e-01
4.145762274879346565e-01
3.724184833336857681e-01
2.708476121052166841e-01
8.755893120220803461e-01
7.529612010563133673e-01
9.565639753062753492e-01
3.312265105145375532e-01
2.916143082693301025e-02
8.914933925430339468e-01
5.276253443131291299e-01
4.681323741792019488e-01
2.761911297180497105e-02
1.249737825795985691e-01
9.133423447174825460e-01
1.532529442050144519e-01
5.748843497475242259e-02
3.998459858343333950e-01
9.204191388867238866e-01
3.670727711343542143e-01
3.051742829078940566e-01
3.360108945450792639e-01
7.913995456448678079e-01
1.467252226771448287e-01
3.751541963069487950e-01
8.170039201421920305e-01
5.876991635419936966e-02
3.696011381019382869e-01
4.748023003596957281e-02
6.516649702155055124e-01
8.209144794461482597e-01
1.256592348369841572e-01
9.452662353761764891e-01
3.471528689680702939e-03
1.170813159999758435e-01
6.245763031313330549e-01
9.051168675042449152e-01
5.536734628107231604e-02
2.556646214290648755e-01
6.870566735913955503e-01
1.442349932735630391e-01
8.713179853698121979e-01
4.461881182437615889e-01
2.976917103978031776e-01
2.048562495561994101e-01
1.757521211438934916e-01
5.298413576843384876e-01
7.420736561602203629e-02
8.010348662871191738e-02
5.259919035177011981e-01
7.462312033914151321e-01
9.329085643857372157e-01
8.578659319650796533e-01
7.763697497818839999e-01
4.906168078798098797e-01
9.415561605391581379e-01
9.064384473378224172e-01
4.252179298339298086e-01
1.869355903583080902e-02
4.950263572748911933e-01
9.778985012109984165e-01
1.843386665224155951e-02
2.706951568669000441e-01
8.876120333793990902e-01
4.739856894849446833e-01
6.215719987525477608e-01
2.642250934027137177e-01
5.649528954536161551e-01
5.637492664038313839e-01
5.182405485824072011e-01
7.896357152806920965e-02
7.953428077434406829e-01
6.867318595955625993e-01
3.985496352156380206e-01
2.409597564786530866e-01
4.547099211992139400e-01
6.949021592031976446e-01
4.449302470228877482e-02
5.864893173682279581e-01
8.028546490562882276e-01
8.360539874876793398e-01
