5.160377473610181509e-01
6.619608504201185406e-01
1.068947159817256187e-01
1.507706430866878611e-01
8.409493986487297512e-01
7.342988708169591039e-01
9.993618994842446979e-01
8.594252993157601717e-01
1.509604482956412586e-01
3.706827203710396645e-01
9.353822002688394477e-01
7.277909589489202080e-01
6.709997251988627509e-01
2.778403340600560378e-01
7.551206999490268634e-01
4.682625583406032632e-01
8.227444929892906433e-01
2.818492535681329514e-01
1.061001811676293149e-01
7.252394010362513965e-01
2.915733517613460224e-01
2.790981241638220700e-01
2.499548033437156702e-01
9.556840213789125071e-01
7.347861481561330788e-01
7.380108868024248814e-02
6.004353424636957870e-01
1.080230743795439485e-01
2.429657753031144729e-02
1.904928204516491697e-01
6.348778854985844822e-01
5.977593595463402965e-01
9.546422543074184475e-01
6.168610935740337364e-02
9.721007270364718789e-01
3.554315005419482754e-01
5.459694359587484724e-01
4.561422633219101019e-01
6.480467225983367330e-01
4.106817939715994292e-01
4.721923085620834959e-01
6.350634893832866057e-01
8.021597578109255222e-01
5.868273217124316821e-01
3.931958718208475867e-01
1.588752550460603707e-01
6.393239561028756235e-01
5.876567716889561366e-01
5.139103041490198365e-01
2.247273962479479081e-03
7.200213713419656436e-01
2.844029457967085506e-01
8.306160918849848640e-01
7.275560243945535799e-01
1.978893840085674816e-01
4.769081929583707247e-01
5.643092146547812327e-01
7.609193061801682312e-01
8.436207253667880046e-01
3.279975108100222636e-01
3.334402942163863237e-01
9.157200430979894890e-03
5.060632121551096319e-01
8.377764488512893237e-01
4.193626479387961847e-01
3.327794390347291742e-01
3.665476816517058145e-01
1.448285515515949085e-01
6.083660360543741152e-01
2.755784616440856150e-01
5.535268869792394630e-01
3.733710270164217748e-01
6.629761401092776341e-01
9.363785584225778891e-01
7.307076493997467503e-01
8.669826170556390599e-01
3.643281440776990898e-02
8.724390903574044120e-01
5.898125586481655080e-01
4.307885641031105051e-01
8.419489963041528746e-01
4.290720724770040739e-01
8.436399613208821480e-01
1.368550252543099255e-02
9.222537681936224807e-01
9.143028872457841238e-01
8.632756343952683320e-01
6.493608583171323057e-01
3.362609245544211367e-01
5.931532704422135538e-01
7.488079884931594377e-01
3.665033433302247179e-01
7.449159946157246637e-01
2.127738228536998344e-01
7.495605892692133176e-01
6.458428791004722225e-02
2.071968497681045962e-01
3.524938593862457781e-01
6.693876492235364406e-01
3.618939334355123494e-01
