6.562664164980391845e-01
1.517258427836575274e-01
3.768534417216685695e-01
6.125621371379064151e-01
4.058503665544895833e-01
8.616078230995504184e-01
1.265435956431839593e-01
3.248868899454058212e-01
9.346454293436947669e-01
2.032310829442061095e-01
5.244696527733494484e-02
2.704363266363511986e-01
3.963789209092649646e-02
9.365616330887949204e-02
9.606633962478305921e-02
1.905850069091129528e-01
4.575409758820025985e-02
1.151450673580859396e-01
4.016437322347085059e-01
6.846822697030225946e-01
3.905020196875128580e-01
4.784162661195436872e-01
7.718804059664187145e-01
2.045701433343887210e-01
1.705663758836573063e-01
5.540931816708699609e-01
8.992710389516004321e-01
9.432735695017957500e-01
9.011693251129698767e-01
3.808503501036907268e-01
3.220234683846223689e-01
4.483148137106431896e-01
7.318380455701487541e-01
2.904387871870529603e-01
4.796653188742510121e-01
4.939394497805830175e-01
8.875191618006937899e-01
2.287196721892524875e-01
6.531010325816932749e-03
6.578549469702587027e-01
5.474126892638333519e-01
5.883340089887574287e-01
8.987003072669942361e-01
2.051526480216929738e-01
2.656610524453829614e-01
4.215479737137325378e-01
9.771168310675026891e-01
2.656651779504003441e-01
4.964701097416092113e-01
1.504224701769815153e-01
8.072124706109814474e-01
1.894066072008253609e-01
8.510238680042619963e-01
4.924370175788899129e-01
5.362892003950956443e-01
3.177963709711729701e-01
5.380212621703602816e-01
3.017428289818563369e-01
8.827464074160942253e-01
1.220933963290664614e-01
8.394867251392629237e-01
2.904766113187440268e-01
3.600590156111538320e-02
9.738857935473969052e-01
7.197984266040162726e-01
1.693101733398482134e-01
6.770283180796876632e-01
3.820187857529601105e-01
5.830429771034504327e-01
7.454050866438526324e-01
9.206932288369888973e-01
7.458552916056421234e-01
7.342998006888747931e-01
6.960319444457840898e-01
5.145456479950504258e-01
3.661182864346088639e-01
6.671090189690537242e-01
8.782860273434528464e-01
1.464201822711785894e-02
8.226287640754463837e-01
1.535689311387552491e-01
5.552732239070542475e-01
8.016204642924209534e-01
2.152996758970852076e-01
4.995936078752440945e-01
9.302443142572038859e-01
7.791463994595609899e-01
7.332542077972065142e-01
4.740742931216987976e-01
2.957738595973127271e-01
2.703783500616248059e-01
8.820808606564881638e-01
5.580426658331851808e-01
3.813075218092437657e-01
6.106316389855912519e-01
4.507195554822777117e-01
7.798628478875690995e-01
6.992060113163611756e-01
7.474693456642078626e-02
2.062346887856918443e-01
