5.036013125258098633e-01
8.433615716892576275e-01
3.252202692610143275e-01
1.722701573863433255e-01
4.641605549597357383e-01
2.270651689221526714e-01
1.480346990827936526e-01
6.675550552093821866e-01
7.985822074260953141e-01
8.430800603655317360e-01
9.434857345987118782e-01
7.638651814578645283e-02
2.579641080835526346e-03
8.440158856148795019e-01
5.402015146528977851e-01
5.457582917487332486e-01
2.271306369125165592e-01
5.653873473515628190e-01
4.740123467597443518e-01
8.145329725178469538e-01
3.448202810507292604e-01
9.000612537419389048e-01
3.683070129084298205e-01
7.055311715161649566e-01
8.934956415286048337e-01
6.410685561927325082e-01
4.833964140892330619e-01
5.482809905632651803e-01
6.808698451126035112e-01
6.469175549832739680e-02
9.520247310084195558e-01
9.362815093615436401e-01
3.382941573507820543e-01
6.167615920503133342e-01
1.592585768483325559e-01
2.680244133803977302e-01
1.346775747447659377e-01
5.294243453792554233e-01
4.643500811368694858e-02
7.404070207051867136e-01
9.432475871881477181e-01
6.703388410953871057e-01
8.874911485618959262e-01
9.824094897289972206e-01
8.078233345044505409e-02
4.361269099247154779e-01
1.692601533767599253e-01
3.055082593985545270e-01
9.929018365553200498e-01
4.075924418685697992e-01
9.332005070591065099e-03
8.824346913840238615e-01
5.593853167569602380e-01
2.842874642835302446e-02
9.452549572105627407e-01
2.385652414136331112e-01
4.954586784367376318e-01
3.657259663400436178e-01
6.273255767376633152e-01
5.012857271659720837e-01
9.433949610619590809e-01
1.601495593439844489e-01
3.156417654181253862e-02
3.018528012927095272e-01
5.401815356807191382e-01
1.818709461275521688e-01
3.752404039034190619e-01
1.236926609505639707e-01
6.134935929277171018e-01
7.881817396178791846e-02
5.538345615447404224e-01
6.326877191044610882e-02
1.945360536820481823e-01
1.481799692786934797e-01
8.491355014866864837e-01
6.122581069331118897e-01
8.627439159099159482e-01
3.143974826672517597e-01
4.222876603520939742e-01
2.881726311262986506e-01
6.756549191601900484e-01
2.198017895247945663e-01
8.646902685552264600e-01
3.324986961208782343e-01
1.005313689557910672e-01
1.142580166362345828e-01
1.830367463726116917e-01
4.295719566308207060e-01
1.770597722155531351e-02
4.762694537310762088e-01
4.668758491930624643e-02
5.836181345464597214e-03
6.936602909217439716e-01
8.185606542511607575e-01
8.587994917937255002e-01
4.011040362786515434e-01
5.323358874966154231e-01
1.612904514197808226e-01
2.959425658350781640e-01
8.468845509219948831e-01
