4.008542773709321549e-01
7.844551822566481203e-02
4.743491822203232955e-01
3.559316938351365645e-01
1.940177000584039080e-01
7.684656436612021801e-01
9.297348246756967916e-01
9.346240842525629366e-01
2.911546670622902067e-01
2.219701252173675865e-01
6.699074961619355673e-02
7.104157522763299148e-01
3.524709509552065301e-01
3.120476345947780228e-01
4.198980791806977697e-01
2.056111617369019706e-01
3.063587719022775602e-01
1.952096312016730062e-01
1.827557278740399305e-02
7.576375274872837462e-02
4.295144226484143291e-01
8.179013819607205971e-02
5.753250724404385119e-01
6.918679274874909302e-01
5.603837913087883482e-02
4.741873855401994575e-01
7.501543399251320299e-02
4.764969468551774057e-01
6.816228984626804266e-01
3.662796677168647097e-01
7.076889886307160538e-01
1.661388442277975663e-01
1.661225881245864677e-02
6.028925123216100079e-02
3.260463391136847466e-02
1.774438854637481189e-01
1.045588871677262111e-01
4.826375758066880906e-02
1.734755123130465870e-01
3.935533449241552795e-01
8.772572851430158192e-01
9.656138516094904256e-01
4.346139985705823605e-01
5.644713242609213921e-01
3.610271000839709865e-01
5.281396836604684841e-01
2.193799992806728660e-01
3.330730258890635120e-02
4.860164355223194343e-01
9.125315416189117013e-01
6.472541340937569831e-01
1.026628334345386362e-01
2.402111671123741132e-02
1.890541505533981370e-01
7.500381460318121807e-01
4.332927578786243128e-01
3.519003303112238079e-01
8.631961099916807267e-01
8.963409760070577548e-01
6.547827473430289924e-01
3.137894600121455824e-01
2.464985571305642331e-01
1.342753986172948721e-01
5.950751722864333626e-01
2.924224476148533647e-01
8.289939454553638676e-01
4.260588670804826839e-01
7.299028416872932468e-02
2.896439605004178519e-01
3.632650333315153857e-01
9.649343565349732810e-02
8.658404405998013642e-01
7.412920940744865961e-01
8.229085776011059172e-01
9.166937928668456026e-01
5.490995053807267157e-01
7.099169533862180748e-01
4.794775902168745274e-01
5.849732759137493687e-01
6.637375879130864575e-01
9.316594720593355250e-01
3.262933749158708485e-01
6.681771156146306678e-01
5.176641670021567831e-01
6.113514433370645929e-01
8.278725905111083971e-01
2.455879014420636608e-01
8.918085123998107377e-01
4.313482277679101529e-01
6.698893525654274761e-01
9.471054546347701386e-02
8.489557460018058999e-01
8.817889777308343113e-01
4.032310748871583694e-01
5.514748807626435045e-02
6.428233004437206022e-01
1.410564148018332853e-01
4.437917186626938459e-02
3.955332076590079016e-01
4.856313041842331701e-01
