1.353372809078124961e-01
1.665362636515260730e-01
8.047046957303177761e-01
6.327916087216498564e-01
5.646733334343781996e-01
9.226472235853792059e-01
7.646669185413448311e-01
2.027849824735661333e-02
5.683721459114312591e-01
7.172010859045551134e-01
3.028085381214555838e-01
3.793822852064381301e-01
8.442313604832758500e-01
7.646441549026671280e-01
5.413226952556940974e-01
7.612079348655222955e-01
1.055030847387389281e-01
9.477400012066269364e-01
3.531629403645272225e-01
2.961575298807022083e-01
5.871972414428807685e-01
3.733117307752236158e-01
9.314788061689327492e-02
4.355191125799904306e-01
1.695997860822304748e-01
3.087953237054461564e-01
5.872571471689770339e-01
3.513767394877765904e-01
7.828350635971315086e-01
1.401009858101244232e-01
5.902116893425035649e-02
8.452154065809173167e-01
2.380895583642772539e-01
2.044718753929776200e-01
9.317948507736362185e-02
2.713995413028430503e-01
3.443167335260720607e-01
7.358953530944412069e-02
6.719380785965416436e-01
8.187015854311952001e-01
2.958440746044888048e-02
1.516518582411869875e-01
7.546847359872808081e-01
8.484413929056469073e-01
9.829471836845378174e-01
7.739864269078606807e-01
9.603619518532738875e-01
2.214510653042924826e-01
9.233769716645719994e-01
4.589865034798523702e-01
9.476072726789337430e-01
8.544882641813111857e-02
8.712935582204457408e-01
6.104248079016462158e-01
3.063540724803589521e-01
8.015154426520784137e-01
8.428259961527261312e-01
4.424854789712312497e-01
5.793227644943420573e-01
8.612499063977050451e-01
2.609241852218786573e-01
3.843184643119338384e-01
1.567376779875315762e-01
4.792972405726594332e-01
5.845998510576473350e-01
3.995870619391290735e-01
7.984296602915830210e-01
8.556623673267248487e-01
4.325388195439927586e-02
1.196809551112755221e-01
4.004519278293492413e-01
3.274831951907383187e-01
3.749179102672439701e-02
8.383247970230135460e-01
8.341669657916871428e-01
7.111671454863837116e-01
1.410738422120828561e-01
8.527649715342355830e-02
4.153973233321114344e-01
8.864053053147186167e-01
5.276898337508882930e-01
3.066835437727530866e-01
2.484277892503851115e-01
9.841058698594707943e-01
4.376157353043770293e-01
1.004079188790368837e-01
7.437334515855514860e-01
8.752289976614568978e-02
3.649577785677379227e-01
3.782071947204436180e-01
4.081601736906763644e-01
8.659976388857987262e-01
9.381178567835266602e-01
7.195501829968187213e-01
3.483872529490759096e-01
9.589739744114256226e-01
8.320093116119122723e-01
6.342003955164361440e-01
7.367701114979385846e-02
6.502783821325882618e-01
