2.204066248723586252e-01
1.485698885926886037e-01
8.776755719161486446e-01
6.102378091735916055e-01
9.418910293609260576e-01
3.763703094524710746e-01
4.431977672283544667e-01
8.205251826638848556e-02
3.013118930893896597e-01
5.824256119892748940e-01
5.530817151006176546e-01
6.251412556341773286e-01
7.805878383718618529e-01
6.244953819839983433e-01
1.969954765777898187e-01
6.286785728307021648e-01
5.795517729921884076e-01
2.477186812880152189e-01
4.512151890529432219e-01
2.744672096163691677e-01
4.557415886005901084e-01
4.049049210090521767e-01
8.140035661266261657e-01
7.079106775547793218e-01
6.189567362031640485e-01
4.216571656531735712e-01
3.926198637299470606e-01
8.418925485699740863e-01
8.317093576971408275e-01
3.756146684481379561e-01
5.382617690755766571e-01
1.501627093122098744e-01
7.219150713377368023e-01
9.984698563923325443e-01
5.164505623826469716e-01
5.999389628689817400e-01
8.339048642723690952e-01
6.149991880200464944e-01
6.932578502252175756e-01
3.684414636119069941e-01
5.754692517855142242e-02
8.838298034785306845e-01
5.704881951254756611e-01
9.600831514542288447e-01
8.358879410086843542e-01
6.566090344190466110e-01
8.467106617176948236e-01
5.982404848951340393e-01
6.223326309752611474e-01
8.783516517450246086e-01
4.193936012634452704e-01
9.976718473407675258e-02
2.736210760194600633e-01
7.440679900554414417e-01
8.539958404284730964e-02
1.974310790216404765e-02
7.591923771209051486e-01
8.562722580170349929e-01
3.451850184604430272e-01
6.176227653105171855e-01
7.817746114236375776e-01
3.778049684218334203e-01
2.659829361390672053e-01
3.496716135019526384e-01
4.170809915974867943e-01
3.300360072618779839e-02
3.583473907693371929e-01
3.029762815524472686e-01
8.956997069054181138e-01
2.851684458222569774e-01
9.549592706315982449e-01
8.530853797667946603e-01
6.049510604203984787e-01
3.340413989627165625e-01
7.495171870598562602e-01
8.549432487380731471e-01
9.804056548836936891e-02
4.409271350252571553e-01
9.250880773054227513e-01
5.330417345737411550e-01
7.252797291830589410e-01
3.209598801102221399e-01
9.784700448633986136e-01
2.344978362834804209e-02
4.865455872053028319e-01
7.611302956933402308e-01
9.740639418086783907e-01
2.573793896785473434e-01
7.297738338563700689e-01
1.139888427944925064e-01
7.942411878179530538e-01
1.281629614247045135e-01
9.550018633075945118e-01
9.781085218014294869e-01
6.318991396107348502e-01
2.562539655995252907e-01
8.489653291093104404e-01
6.499923808823385718e-01
5.163404021482802531e-01
9.148193800506640994e-01
