7.351678566297885631e-01
8.667813187747575032e-01
1.340448942154052192e-01
1.280240006713561085e-01
7.450357037052183218e-01
4.867273156422918801e-01
1.535298583949893381e-01
8.511443972593527585e-01
3.160308407900450645e-01
1.696516657754688628e-01
1.805210070822186319e-01
7.045435632916805524e-01
2.215131608666915941e-01
6.940570371537765348e-01
7.698778512110139305e-01
2.703049373737782535e-01
5.730591084292006032e-01
1.861506918701349989e-01
5.958203852443770820e-01
9.544870335839750197e-02
4.091945676440033042e-01
7.063187030707424041e-01
1.123667746854483118e-01
4.425284360809317308e-01
6.295082354571122085e-01
3.458025873119842108e-01
5.667936944301211755e-01
3.785393203242338744e-01
4.662488368869956989e-01
8.791758960080249263e-01
2.724895075424632607e-01
9.763991397625779722e-01
8.673479650180595524e-01
1.519583668868070836e-01
8.690947240321486023e-01
3.893715289587640349e-02
7.088341570548217785e-02
8.339946584898136894e-01
7.516669729923330934e-02
5.313959813187273395e-01
9.883083887127644962e-01
8.359978274089036043e-01
1.426120970561806089e-01
1.650285559053529250e-01
4.669977115833418013e-01
4.537132233959404459e-01
5.618704224153886484e-01
3.615461759948845888e-02
8.136893726071432464e-01
4.257614787942580747e-01
8.544593302924905487e-01
2.758923771160515237e-01
3.336117332065177132e-01
3.010929679602144526e-01
7.017877240560402852e-01
8.515012778204017474e-01
9.753320141079433458e-01
8.173456994426983035e-01
7.686706061082267949e-01
3.756208581080939801e-01
3.041131565518553348e-01
1.480790534422754545e-01
1.563611677724664473e-01
5.316203564585687547e-01
2.679380030301348192e-01
5.359595434842480133e-01
7.124313331721501275e-01
8.755688483053105653e-01
5.763506348335580842e-01
7.770528295417640230e-01
6.275889749304595089e-01
9.121809543115515506e-01
5.547232786398679227e-01
3.885433503866244642e-01
8.624475813740650754e-02
3.573402809263070967e-01
1.029812431438406062e-01
4.454090669052508389e-01
3.908094210271779723e-01
3.638623041378143963e-01
5.993109707559228783e-01
6.374870705057288367e-01
6.996378189099473621e-01
8.360131369703128756e-01
3.381887573326282093e-01
3.992714423996740480e-01
5.790088377345035120e-01
1.538619287802162061e-01
4.322690447484227594e-01
9.438091842832162515e-01
5.042228370641627100e-01
3.241213054754492617e-01
5.914364049275155910e-02
2.144263827485527463e-01
7.913494583449851572e-01
3.663663391177224282e-01
1.283626920961621343e-01
1.433101021114179252e-01
3.002475372243721408e-01
1.699055978523715815e-01
