3.657202457380454019e-01
3.431410862738049072e-02
8.256622582754585826e-01
7.122576120119594734e-02
4.117730341596257393e-01
3.036951292093299504e-01
9.242846326210029106e-01
7.757886210893979451e-01
4.733700711462442978e-01
2.316796091366809529e-01
2.185357375459171525e-01
1.153656711220326647e-01
6.443027896033509672e-01
7.984815555929272168e-01
9.806472675380432102e-01
8.289736588766875025e-01
5.495854708747368589e-01
5.441076990278745917e-01
2.242468094861408412e-01
6.399797430532805365e-02
5.805554520994282708e-01
3.750889924898909156e-01
1.903825283645030897e-01
9.073237063342887154e-01
2.514903686941580840e-01
9.017068524164894017e-01
7.902815983971702707e-01
8.031733987265111674e-01
3.578939207855487137e-01
1.318427535366003545e-01
4.634593753417670658e-01
5.030931858521242583e-01
4.814162234608040380e-01
4.385319572097650109e-01
2.486367339847883606e-02
9.707850902089896206e-01
7.713578353849364078e-01
3.287280264720676692e-01
8.777366430340060033e-01
9.079360617255688437e-01
2.648389833708605368e-01
6.849809734943712591e-02
4.792270457374551151e-01
6.686764212264272311e-01
6.177143082307154920e-01
2.331175157428448941e-01
2.757088131846646695e-01
3.922118844229940393e-01
4.658387706580009446e-01
7.118532414898068872e-01
5.440011873896842820e-01
8.845505980435489635e-01
9.550056488564513391e-01
9.361372990370699920e-01
2.165874869917890910e-01
1.820797258914162997e-01
1.697420177935280439e-01
3.253900567083939377e-01
4.319321699148531701e-01
9.166765987869862631e-02
8.025341314973596374e-01
1.980871170979212614e-01
7.159960346475313653e-01
9.403889053659036934e-01
9.214794505504630973e-01
5.340690672578742859e-01
4.461389872321095407e-01
4.379816824405485809e-01
8.571179836174140920e-01
7.318063965229311130e-01
2.228944011977974649e-01
1.805821706618999656e-01
5.693348193815862546e-01
5.302796429172861314e-01
3.813848794800503983e-01
3.703577702099778435e-01
4.938805112488614535e-01
3.468593993830703104e-01
8.636173638015371967e-01
1.924889318752683876e-01
6.953842152591735992e-01
7.866279746516647853e-01
1.302140201551794663e-01
2.068209055830491083e-01
1.478216173875522843e-01
8.883333636331547378e-01
8.147502303477629493e-01
3.941907956129682145e-01
4.894011569917158244e-01
8.652707115665236870e-01
5.820090181220729519e-01
8.628216824818655262e-01
8.826895949381342588e-01
6.775836447484662184e-02
5.303778948977185825e-01
1.465324951386809404e-01
8.699867327271069151e-01
5.555957542364997614e-01
5.294515607505451138e-01
2.999242123483062405e-01
