8.308595651334926835e-02
8.174359069578628345e-01
3.127695611732590475e-01
3.733684362577323057e-01
8.288194239414972131e-01
1.609345276750420162e-01
7.895362432835753008e-01
1.243671019933972888e-01
7.546661802766447824e-01
4.265624608542938345e-01
4.455282769731546688e-01
2.027037245789622411e-01
7.787978088645577390e-01
5.518799823692274176e-01
8.345627211356416719e-01
4.052246598438317138e-01
9.843320238033309577e-01
7.162022454144608696e-01
4.589329000413098214e-01
1.999563480503114832e-01
6.626618139671105467e-01
5.238556223817513180e-01
2.814820136323087363e-01
3.621639583755427161e-01
2.716945377609750745e-01
9.957656637675483813e-01
5.777727118679953922e-02
7.086418941335748123e-01
1.173160239688402218e-01
5.264176555434202376e-01
4.697633624145561848e-01
5.154993371819978076e-01
8.663036461454495241e-01
5.074820259577114134e-01
1.482257536476350168e-02
7.942107424247880632e-01
1.327977945107080560e-01
1.396168462704594493e-01
9.260494811173805019e-01
8.849183879257248586e-01
8.278148832401100998e-01
7.254919870135092541e-01
9.589657156558054618e-01
7.335763285650399590e-01
5.640436897820672035e-01
9.976225984540137981e-01
1.022366421184450758e-02
9.047918206759508752e-01
8.606888083236249321e-01
9.468406862069356222e-02
6.168125659320867760e-01
1.003462342858927325e-01
8.121540123532338118e-01
4.716232536409359355e-02
4.664130300670299434e-01
2.590516007490343275e-01
1.470369779453442050e-01
8.753644994936894408e-01
9.689578717980481537e-01
1.004159616281808942e-01
1.655160319222785947e-01
1.006627197400009610e-01
4.544482181542558452e-01
2.438463229154611556e-01
1.641678095956420336e-01
5.415320164687195126e-01
3.900800581967551750e-01
4.317698979908246582e-02
2.069695138692098091e-01
7.230252858995157572e-01
7.082003261154876661e-01
4.556910624637459106e-01
9.937270189468758730e-01
9.608523300973289549e-01
8.737327945306818666e-01
1.281138385586285677e-01
2.980010471663904204e-01
9.399787085256094965e-02
8.385833011853129904e-01
4.187034604422752437e-01
1.850638875491289470e-01
7.359278340561326015e-02
7.864406590419429355e-01
2.752697700538542236e-03
4.921621456306124465e-02
3.325394461893882436e-01
4.816541733501676914e-01
1.473254957539268384e-01
9.320218065651861838e-01
5.703898348008684671e-01
8.503086346032178167e-01
1.668310981563261297e-01
4.677630667938401654e-01
8.337112698210015216e-01
6.936438475592932029e-01
4.132268181138132324e-02
3.735663651283325226e-01
5.288551871410962502e-01
1.094968492021642925e-01
1.943362855373633735e-01
