7.829250235498035337e-01
4.377935821100837899e-01
1.895914372861728925e-02
2.004496706964984387e-01
1.149998764659780903e-01
5.747094754701833619e-01
9.805990733204206222e-02
3.046021268039753593e-01
6.763085329388647260e-01
1.173225675856318651e-01
1.098650814621952021e-01
5.723739863627164137e-02
9.854535227305566414e-01
4.235662061654031918e-01
2.833258501349940062e-01
4.917719648432687940e-01
3.974757311162228079e-01
7.531174229366394135e-01
8.702509056429881262e-01
8.857264257181043376e-01
7.534132540371885067e-01
2.527238001974295711e-01
6.956676038155658048e-01
2.117131247169041774e-01
6.832766469299343948e-01
1.525186762408190511e-01
8.992200009931218263e-01
5.184649511834961144e-01
6.258603052329034799e-01
1.359443300415856815e-01
9.362235488798988925e-01
6.770646231875857568e-01
5.929368164382899931e-01
9.380320078854263999e-01
7.557958062741730876e-01
8.870517613259972789e-01
4.249329453197848716e-01
7.898687932608723372e-01
5.480657003201868660e-01
5.718685532886608192e-01
8.186770126145022086e-01
8.346206064873346042e-01
3.678774012067950183e-01
2.412238291535598878e-01
1.976822721881760225e-01
3.019253832238943946e-02
5.625447019934273207e-01
6.965346001349815852e-01
5.623991003966016811e-01
8.471784523239511699e-01
4.943832657872541114e-01
8.257008258013678326e-01
7.209571063353596987e-01
9.137201169294850711e-02
2.158386515105689130e-01
6.178622831940069338e-01
1.104104380551211850e-01
9.688321217997547530e-01
8.483823699799655227e-01
5.542110767777748137e-01
4.220350963260280919e-01
6.851011687934140948e-01
4.866540024816206067e-01
8.501096819024916984e-01
2.230006903444151645e-01
9.580394436277093195e-01
6.744098937919084102e-01
2.489893887988153809e-01
7.685280574658586161e-01
5.632704278213342963e-01
6.123033295371425044e-01
8.889565107820942558e-01
4.529808126977401539e-01
7.170902592793845232e-01
3.618316468135622799e-01
9.179667221750699158e-01
8.547113334273627183e-01
9.392186015540555655e-01
2.300738112024914850e-01
1.780846029784566298e-02
2.139651284967507561e-01
3.753270671535815506e-01
5.947597820036107930e-01
9.474773681833026373e-02
4.742296219071319152e-01
3.953899692151828793e-01
2.714700706988082413e-01
4.111218228018064247e-01
4.745367318894411213e-03
2.443905250725647571e-01
3.571787962568119257e-01
1.301929786317029825e-01
3.480823021945803619e-01
8.118656834349476936e-01
7.278451830856624838e-02
6.776281770111086677e-01
9.390427559846702410e-01
5.564221409756576753e-01
1.565695990223487932e-01
7.207068082798449016e-01
