5.459527651691334915e-01
4.455506874902934733e-01
8.565498858304265717e-02
4.909753483777570260e-01
2.765290083813918276e-01
2.811467055580701979e-01
5.030657026779076224e-01
3.280040529622890721e-01
9.438608064876451431e-01
3.801130410134935245e-01
9.975816787072137037e-01
4.597890078327265817e-01
8.228320192556159984e-01
5.342224594276812066e-01
2.898034867356109601e-01
2.990009505628006270e-01
4.569410865335635785e-01
6.773954375568258524e-01
8.975576220245895520e-02
2.874166186175770576e-01
1.582178368675080105e-01
5.266796643358553354e-01
9.074566959251172404e-01
8.743623453123192668e-01
4.366662633019544604e-01
1.137690075921694577e-01
3.117486155612025911e-03
4.442969906903074806e-01
8.373895248681650916e-02
2.130768352770433527e-01
3.340401656950799936e-01
9.695306461658692587e-01
8.819943952194806425e-01
5.694478974227684676e-01
2.460232589075996845e-01
6.230135183453696657e-01
1.234077225187596438e-01
3.323609042120019286e-01
6.472572699744669755e-01
9.715147197807738610e-02
5.854789195495780918e-01
1.251758933987257016e-01
5.229109192291574448e-01
4.244575095120082242e-01
4.061899639487347446e-01
4.980948919922697504e-01
5.886966150208561288e-01
6.270883314694987165e-01
5.298372650419996832e-01
6.149937108816251330e-01
7.095277435358570139e-01
5.664386478145164716e-01
9.984339160673189051e-01
8.824561080316213335e-01
4.695915971108024500e-01
2.431712489803341537e-01
7.361728356924366334e-01
9.465581891828217520e-01
8.881050065426456808e-01
1.422451987556053732e-01
6.727596954728810585e-01
1.044911687334046935e-01
4.099713678927282556e-01
9.879103425861249788e-01
6.618919036173406267e-01
4.507679974872220718e-01
4.376641159761691657e-01
1.784493114470989683e-01
7.483961707698629784e-01
5.637837473757967288e-02
5.000021829746990054e-01
2.535593594532963291e-01
6.059907708597376264e-01
4.924236654029983118e-01
4.883253735992233446e-01
3.883615687100538949e-01
7.074727219302088255e-01
3.047507661602241180e-01
8.266490767558368757e-01
2.614120891408474590e-01
6.940920807665402759e-01
8.819240622749194847e-01
9.824822782994452330e-01
5.282607828460351707e-01
7.698997955629571788e-02
7.924496292957439181e-01
3.049882686218656769e-01
8.111954449450430316e-01
3.471800519555106046e-01
2.624243043471278236e-01
3.645483007481723492e-01
7.846227545774817624e-01
2.157470834758408174e-01
6.714857861519958337e-01
1.028882736765416306e-01
6.134429875977623903e-01
5.887133377918358779e-01
4.727330230097361863e-01
6.557775661801340528e-01
7.034158464020309198e-01
