9.019654440031966702e-01
9.247749983880381164e-01
2.349761007339226104e-01
8.494292161293425236e-01
9.336698058788613919e-01
5.465306002811076702e-02
5.012225955320349646e-01
6.092790066706245122e-01
4.981178962901566809e-02
9.945522766189740516e-01
4.284780917647160736e-01
9.717250115858054871e-01
1.819929563337574496e-01
6.812971295459580023e-02
4.874402487492845992e-02
6.486544568449822412e-01
4.046551553096132681e-01
4.522335457406817527e-01
3.103406738331767611e-01
6.379828985434851107e-01
9.530616353101492022e-01
6.750482055607434084e-01
7.784516439767481533e-01
5.097513197144669661e-01
7.459050865465112201e-01
6.365036281186754463e-01
7.851072352550646505e-01
5.404876157167960438e-01
7.156027576449326411e-01
4.314647837183033241e-01
1.115574223340592974e-01
7.070999249532903264e-01
9.520092174096267401e-01
4.638675599897209567e-01
9.538702013295987658e-01
5.080912428158972372e-01
3.400093566949629054e-01
4.642405696573040919e-01
1.515814574283641525e-01
1.977862336641256213e-01
3.762847938057289898e-02
2.577465349726748567e-01
6.885688170547223930e-01
4.353740328452349040e-01
4.171504925541449360e-01
2.943191176907522522e-02
8.399333672151114705e-01
3.933509888530202225e-01
7.521173115166287504e-01
9.841484780669640386e-02
5.697569155787819417e-01
6.512566222551455786e-01
3.747605234464042034e-01
9.081205927399101929e-01
9.565731115497879689e-01
8.084772730942593189e-01
4.496011450056880410e-02
7.121878039056350751e-02
7.659531283590802486e-01
3.305909465201973818e-01
1.044938947033309251e-01
8.176723835567190068e-01
6.567704242964679251e-01
2.828517716094204326e-01
5.035178456330585695e-01
2.883865975470901732e-01
7.369560298067907578e-01
9.147927968431890378e-03
9.684011230665742209e-01
3.488439836828440832e-01
8.190980636262266135e-01
3.657564188690960449e-01
5.345427503837764105e-01
4.902680475643510505e-01
4.405975247123752325e-01
8.714761139478159890e-01
3.323916081276486745e-01
5.231507112377293822e-01
2.414495990325483676e-01
8.657501592497245380e-01
2.103460561662700012e-01
9.689862808052451815e-01
7.218258095063928570e-01
7.016001107070493070e-01
9.240040780311906676e-01
9.606707431146088716e-01
6.732475054423501248e-01
6.152888356759399491e-01
2.692293881749761031e-01
8.742091177008395331e-01
7.338037431932027399e-01
8.160189463438983770e-01
4.888899342948292981e-01
1.267982551047263096e-01
3.041498814868470735e-01
2.302709373719018515e-01
5.648237265093650761e-01
5.222412479540092800e-01
3.387636024931072187e-01
7.558083972873208545e-01
