1.183197535919857657e-01
8.794824802976342060e-01
9.669280991450576179e-01
4.372451810143902495e-01
4.779379600951281226e-01
7.181051639757632943e-01
8.076738041179806205e-01
9.356466624357195894e-02
2.328049035220183249e-01
7.984754533318365599e-01
9.107554271325460915e-01
2.728531628095165473e-01
8.403772819079307066e-01
6.746229202235637379e-01
7.170804202077181166e-01
9.648128859572953075e-01
7.714288062015971503e-01
6.635443462886291277e-01
9.961051010595661781e-01
9.422383931718971706e-01
8.429488165463402405e-01
8.557375244984966045e-01
8.326303772377071644e-01
1.616055920193145701e-01
9.398683002097296679e-02
2.957846878268545199e-01
3.294709470438519361e-01
7.246063502428801151e-01
1.187730066779374427e-01
6.645130382759621979e-01
5.860091625943701921e-01
8.020437958863605443e-01
4.415900769836104134e-01
3.134957966838503030e-02
5.313894083674275404e-01
6.037507811605000718e-01
2.416427896399877540e-01
6.892080361128083421e-01
3.603394819597177667e-01
5.760412005100302713e-01
1.087104323750148760e-01
3.560809119446444182e-01
1.363142810008832750e-01
2.948296025261949449e-01
2.894325836968274501e-01
3.345293928824459861e-01
6.751988478546189221e-02
6.852064603102059337e-02
1.297104370004534823e-01
9.557819531594043960e-01
3.812215030820544914e-01
7.366297215951711497e-02
8.684955468344263130e-01
2.212150655124345278e-02
6.536059752911083098e-02
7.580380185391800696e-01
7.953690856195928527e-01
3.269877645753921369e-01
9.988846857508300037e-01
7.570511949178959643e-01
6.299264976512528591e-01
6.690827060927199144e-01
9.268727653836968949e-01
1.135970857085226715e-01
9.022011258165008041e-02
4.985243596956335788e-01
6.959882097291197889e-01
9.288187333519436484e-01
5.666547772446849374e-01
5.654267785304338823e-01
4.656800283442086297e-02
5.548884614549931538e-02
9.240338290678351552e-02
4.550772633007278412e-01
2.488637694309974169e-01
8.227029208186482645e-01
9.701709260265298784e-01
7.897430373437146489e-01
7.952726440663567820e-01
1.898984772121599107e-01
5.544927919080215872e-01
6.242388179493176814e-01
2.523314947276447118e-01
8.894314930264530794e-01
5.156189187462967283e-02
2.789461412656114581e-01
5.564130700027219989e-01
1.155210036812059915e-01
5.298048329848931148e-01
9.550156718241088472e-01
7.727264690797134294e-01
2.047989408081052343e-02
2.266834062516582815e-01
9.693533640172481425e-01
3.868641635240764876e-01
8.823266198787855785e-01
2.022285201532449950e-01
9.381932429009868235e-01
5.501100305215930186e-01
7.584144355031926521e-01
