1.230031675267784230e-01
4.849450899161886763e-01
6.220626027675276726e-01
1.531578953467696014e-01
1.900186522711067028e-02
5.862847900329314355e-01
5.252115092957148068e-01
8.293987314205184536e-01
2.427574619029553293e-01
4.248752977189719227e-01
6.044120071870409117e-01
3.472097864822407676e-01
4.294229300951508677e-01
9.522227152927024152e-01
9.595837300059510966e-01
1.849303877463748247e-01
6.247500638811845919e-01
2.075221206744610747e-01
9.183883490265062344e-01
8.385141295516169713e-01
9.716958630788925522e-01
5.692921686867348230e-01
3.468208144699457263e-01
8.382656863886001064e-01
3.111670278923569510e-01
8.137080065031676579e-01
8.366963100182274182e-01
9.513295663805088065e-01
9.504087780190861867e-02
2.242412059402421054e-02
5.695530522703310394e-01
4.308986121487559107e-01
1.112149667619457549e-01
3.922939496356563360e-01
4.440490582973681821e-01
5.098817819569336773e-01
7.485056546457917737e-01
5.915467652457784276e-02
2.572408030205161067e-01
1.713383342795797848e-01
3.765822597317580733e-01
5.771171562867218885e-01
8.898036843180983091e-01
3.530576006984637027e-01
7.246121007266881353e-02
6.808693096330253880e-03
9.582943323347991038e-01
6.740308096529850079e-01
3.276456469376772818e-01
4.862301776723000346e-01
3.130373655444814718e-01
1.969242440719325415e-01
6.799550479362496125e-01
1.541736268207969385e-01
2.586422030351021029e-01
4.497105309827371666e-01
3.640458580477321515e-01
8.133845523203765415e-01
6.613217436116672898e-01
3.240764168522347610e-02
2.059409758588180983e-01
7.653197293190409090e-01
8.993943298113269424e-01
7.176369570050584734e-01
2.503145842037965974e-01
8.748858668106548331e-01
1.971209817175758605e-01
5.644376585447126171e-01
3.148426942903973513e-01
6.031200915071039947e-01
1.626333058172896306e-01
6.684759967117557267e-01
8.300995959189677587e-01
8.077248073337138790e-01
4.134703932765726453e-02
7.011144380186086211e-01
9.098660502332571731e-01
8.031981885922055975e-01
1.098255391591739238e-01
7.674964916534947612e-01
6.275017047595629061e-01
4.304225970063718654e-01
2.198058195647908386e-01
9.952936815252543257e-01
6.423762815295021023e-01
7.951114015018034831e-02
4.067253105737808072e-01
2.446335330266262709e-01
5.697374010555424917e-01
1.594335330195628675e-02
3.308938889782357951e-01
8.937860123577817673e-01
8.220437894825870506e-01
2.492097884672699326e-01
9.071225866621644984e-01
3.426424442484697908e-01
3.978258680984142481e-01
6.673874608295541355e-01
5.267566837286623560e-01
5.450769185642703185e-01
