7.201022618580005252e-01
6.738248954973683480e-01
4.672019256680866039e-01
2.046971596616020683e-02
1.182872897335262019e-01
3.060280155444090600e-01
7.371386263727103261e-01
2.963384987547154070e-01
4.861611620395198674e-01
2.731059717466520764e-01
5.421624534732629730e-01
1.606427948025809238e-01
9.392885732092588480e-01
2.893192532254261762e-01
9.055534188637944792e-01
7.267271834086406201e-01
6.108723696850767437e-01
9.866061212203125486e-03
7.667725435750911700e-01
1.868542514766959872e-01
3.131655051449915295e-01
3.143518796254245462e-01
2.962678436601039467e-01
8.349572551047886870e-01
6.234126273637067284e-01
5.165032993959454144e-01
6.180218365060885510e-03
6.591972577711561199e-01
1.642990248490128202e-03
1.581447828680667689e-01
5.749618253385757605e-02
2.267224464635795300e-01
4.958464092598137141e-01
1.604282820293541079e-01
7.593666814682888955e-01
9.129709727540993303e-01
5.086684890222825661e-02
5.245590656046815736e-01
1.638485291349068840e-01
9.808067797185319181e-01
4.306906285768741238e-02
7.763141680539050737e-01
3.881485238233642887e-01
3.661861484300263925e-01
7.391288662937585130e-01
2.617279377390923090e-01
7.863647612563537947e-01
1.388249985485150440e-01
7.411987912899922204e-01
8.097334957166355540e-01
6.564930499472464431e-01
3.983209863730715616e-01
9.141427777493353890e-01
1.125040567999464614e-01
8.627670666557973878e-02
3.544470800500767460e-01
8.383081624823780498e-01
7.634402694428122915e-01
2.026992230589240718e-01
9.674366963892442328e-01
4.086431556665081066e-01
5.448832035009476549e-01
3.386386138863025641e-01
6.513609405174224376e-01
2.095011432817481811e-01
1.023492701280508399e-01
2.405084735292144504e-01
2.421387767864086049e-01
3.827642525743266688e-01
4.657906833293719018e-01
9.737542014604130269e-01
8.137042932206853818e-01
9.627180893266258366e-01
8.910826460132944549e-01
2.462539446777649577e-01
6.646072845117748651e-01
2.134889901171855842e-01
6.886467312509666483e-01
6.062387672639891756e-01
3.453301958021438578e-01
1.960731567825022559e-01
5.042147794502663816e-01
8.681204029288329682e-01
1.532879359623210425e-01
2.153660242864584573e-01
9.119715869871288794e-01
7.677043434420386392e-01
9.470129600328345276e-01
2.095519804040659739e-01
4.256351944626299844e-01
2.926378066470745054e-01
6.895900382586492849e-01
7.168158196511678071e-01
7.054656594424085769e-01
9.756927735611437003e-01
7.318468270721730784e-01
6.747400927092874756e-01
6.319844029938096464e-01
1.161096650584406698e-01
5.866918417457698265e-01
