3.811399248204359047e-01
7.561105644263186321e-01
9.359242315103674104e-01
8.489865602247381737e-02
2.433031925070356927e-01
3.891821606478589324e-01
1.838036204114597005e-01
1.205392909132487755e-01
2.590378257079507529e-01
1.649063868908887676e-01
7.896058731440126488e-01
8.137356114556707487e-01
2.816557611222030300e-01
5.175162303340264947e-01
8.776525155580555682e-01
3.235071408439855745e-01
3.358373314745747296e-01
9.760096305737907540e-01
8.083315178417662672e-01
7.033996362831050897e-01
3.523711036977825728e-01
7.967530082306640837e-01
2.700383884397441481e-01
6.084164952002144577e-01
4.172179643378248759e-02
5.830825672385654412e-01
6.199794375675227176e-02
5.318608292657656111e-01
8.749118976361525135e-01
7.831892841328653709e-01
6.902765561328423338e-01
7.640743742137886541e-01
1.043898073991001985e-01
5.736893108862548551e-01
4.624924562550748464e-01
6.420607690496992204e-01
6.892448013151960540e-01
6.496273041335779430e-01
6.182742523196946838e-01
7.975202103104666040e-01
6.974210364161722575e-01
7.869927217328644975e-01
4.062580245517655175e-01
4.948750340888822263e-01
7.285435854811329603e-01
8.853491525607604107e-01
8.101732160169500263e-01
5.750348174742151430e-01
4.853861446695154624e-01
8.618451086764025160e-01
8.082123770494609172e-02
2.277674629937898043e-01
8.875341997551333684e-02
6.624195733251452278e-01
7.013352706191096075e-01
6.814056733265184684e-01
4.782489714838757955e-01
5.921710047596754345e-01
3.410625302235236189e-01
2.168609864912596219e-02
9.037541552269885425e-01
7.381298017977372394e-01
4.090480532840475858e-01
6.394722678058227805e-01
1.273585298032839930e-01
5.545569065777207207e-01
7.063021406966667470e-01
8.157970519924651054e-01
5.260546844889741891e-01
5.755746575015037170e-01
2.764380205127975332e-01
6.532195094353160369e-01
1.220753851337347262e-01
9.908028121829615120e-02
4.108554113167489641e-01
3.492047631395959195e-01
6.214869046716940959e-01
1.353576231256703455e-02
1.239092276715569874e-02
7.541737791075142638e-02
2.020876427351200322e-01
8.963973051180355034e-01
2.659054107943936707e-02
1.252489662950621030e-01
7.989124974849785010e-01
3.460403313029984940e-01
8.485586827908373486e-01
8.690392055722867548e-01
7.237705665280775857e-01
5.241279746855262989e-01
8.764395165634720763e-01
9.445441910109908523e-01
5.208993777285114701e-01
1.533201461492595952e-01
8.660770282154152122e-01
9.566636988111985040e-01
3.302495976217678653e-02
3.338842588800489120e-01
7.984754097871803458e-01
3.388615249061101009e-01
