2.165755570235519123e-01
8.064473991280945997e-01
1.687161245664217102e-01
6.153206193738570695e-01
3.877854367969620908e-01
6.028711641987952730e-01
4.335407882284755265e-01
7.801931129826765732e-01
2.647631535895509369e-01
8.839537801470875866e-01
9.112172233016644363e-01
5.035085035687918431e-01
7.353068377987681536e-02
6.972877313166806479e-01
7.024248878335097590e-01
9.870870487422339634e-01
2.170707420713747782e-01
2.646524846895875749e-01
7.288084290325027581e-01
6.329320352700714691e-01
6.681692707668968056e-01
3.152014133341474178e-02
5.148378374972288896e-01
8.549176495506485285e-01
6.053189960578558848e-01
7.408106916994339208e-02
2.931184864188751682e-02
9.957693619342067315e-01
4.785403430854818785e-01
8.404261736492824042e-01
9.346579949243313257e-01
1.295256784911381631e-01
6.821254838595558478e-01
5.361048162069055323e-01
1.768352388311856815e-01
6.763716270736769287e-01
2.936992608949591244e-01
3.921665263992443196e-01
1.951897060209906165e-02
8.184314457254201480e-01
3.709149463434153748e-01
2.985146446537023657e-02
9.412623976805348791e-01
5.642333736118818610e-01
6.632095677970339942e-01
9.208277684321681811e-01
6.925063871044651043e-01
2.221796245572904560e-01
4.337350253613323492e-01
2.560687092777614859e-01
8.647070492125386032e-01
7.721653919285941248e-01
2.555714537496730498e-01
1.359627423293936488e-01
6.074892248683890772e-01
6.989489572708745824e-01
8.745896188215873668e-01
9.455769079635379937e-01
1.013969661626382690e-01
7.263826045880005244e-01
4.081771098701294509e-01
3.937777987777012489e-01
2.256529604950354706e-01
5.593196152687984757e-01
4.298010852981629659e-01
6.820899621502177768e-01
9.105934528215701151e-01
4.195342767114075277e-01
8.231930688603028567e-02
2.563514010360576911e-01
1.423258408218580628e-01
6.798090202736694065e-01
8.289191179750243776e-03
1.956103676968745653e-02
5.668475342261616312e-01
3.609663760049339754e-01
9.663113561826724984e-01
3.934910633108080757e-01
5.481917074931097478e-02
6.205124370787953314e-01
3.475520598984702669e-01
1.711732568193391479e-01
1.101611304326217677e-01
1.285412916992949572e-01
3.674955297830112544e-01
3.490152004755203707e-01
6.688630399099974033e-01
1.893026476301324923e-01
9.109354712974582213e-03
8.736721489273289176e-01
5.026999728006081858e-01
9.637101146471588331e-01
5.116399608792984166e-01
4.711325557102340467e-01
7.778559531170232688e-01
1.800250558064573347e-01
7.168416537165347435e-01
6.506959252685994288e-01
7.970187440923746092e-01
9.077867422373747663e-01
