4.623665017609662753e-01
9.261679852789996836e-01
6.959741434314850039e-01
9.377932642002206887e-01
9.137769276437173183e-01
1.410439638752687408e-01
5.537994032526671884e-02
1.297770510878299977e-01
8.941241379737908668e-01
3.656193806921916867e-01
3.448214810119993867e-01
7.034590067104771194e-01
5.631712220233188182e-01
2.680830837225178787e-01
5.882459704909448472e-02
4.847871668678535029e-01
9.114187264376818476e-01
6.569920490586037554e-01
9.213074192654571171e-01
5.262991312978243519e-01
2.858972631380969354e-01
8.419760919263012955e-01
8.376779608779824082e-01
2.248039595840278793e-02
8.440729895511737135e-01
6.859505671035626140e-01
3.162629875104244759e-01
1.090340106697503808e-01
2.220002451833751334e-01
3.277449244041857890e-01
9.214638821349708797e-01
1.928090840242965287e-01
4.958601183096347231e-01
8.310654449713043013e-01
8.266883316326387732e-01
9.756016427899865118e-01
5.992689435381838292e-01
4.054232332914985415e-01
4.421898635112607723e-01
2.720791460331707379e-01
8.279208343510339185e-01
2.297955215988957134e-01
9.207476742964280092e-01
1.884879520679751952e-01
9.702755086457757194e-01
5.375893086036978019e-01
2.622866655725097917e-02
8.488535533286170054e-01
4.005313190162622661e-01
2.916814248027196355e-01
9.093596135614736564e-01
4.310574871591366097e-01
9.134734930547684373e-01
7.320418569564568489e-01
4.549067787279589270e-01
1.989947931502888956e-01
6.696076733131367531e-01
4.279072627960373021e-01
5.897561356877317751e-01
7.729195763067964187e-02
7.387364839651098247e-01
4.274364709037720145e-01
4.732831409763551545e-01
9.229374091453573792e-01
6.431606633989161992e-01
2.190499213223481290e-01
2.879224458469189507e-01
6.403533656155081522e-01
8.592073180103125818e-01
7.829915731052984329e-01
6.266189649756105373e-01
2.091916420344830385e-02
1.206994136550770813e-01
2.270549452582195649e-01
3.797425580514338650e-01
8.282043815119580765e-01
8.682062325276739267e-01
5.999855286720444658e-01
6.692030400795822009e-01
3.923632299608664775e-01
7.110125478402593568e-01
3.879299887592791984e-01
6.074657830562368854e-01
1.666054636651576049e-01
9.414690174867479389e-01
5.923137784680918561e-01
9.147979705008533191e-01
9.152418091429979086e-01
7.105576692365067615e-01
7.634602403663369730e-01
7.915093472956772347e-01
7.578290799333224914e-01
6.894688804167115048e-02
9.654544522263308615e-02
4.643505611524619825e-01
2.884303529551224266e-01
7.619329175299481838e-01
5.468630302909471830e-01
3.605111347513395570e-01
3.685147298065623023e-01
