9.959560574905866881e-01
7.068014191533114055e-01
1.340106484727356939e-01
3.026601535015874811e-01
3.233135699784046579e-01
7.953429522888465497e-01
5.677628698066314872e-01
7.921270210531794476e-02
6.638659191988940389e-01
7.217810029539547534e-01
3.915361202070112290e-01
1.339524062111591141e-01
5.151136612356613798e-01
9.713512783759725711e-01
9.623916015142256475e-01
1.408488207631551914e-01
1.411776430018024664e-01
9.853534323913494264e-01
8.262545027971933687e-01
5.687948013002486203e-01
5.471432197832799549e-01
3.842821636418736198e-01
4.799813062979708667e-01
9.573201300902064448e-01
8.743688515885809087e-01
5.465683403091651238e-01
8.710363214571957835e-01
5.223639621442001113e-01
7.186494298032757300e-01
7.732241977419767043e-01
5.898172075130292402e-01
3.194976570955757600e-01
7.703164037136898123e-01
1.207977795468317961e-02
8.057772550729825900e-01
3.337548997730865885e-03
6.318642033052340734e-01
6.386764169794845181e-02
3.064163080917078341e-01
9.577430064493617223e-01
4.585311321980822807e-01
8.966238798325326664e-01
2.634722584914619414e-01
7.639673625181347960e-01
3.616442114981500699e-01
1.748967916564176939e-01
1.034426873954644721e-01
6.151065433510526370e-01
9.527898477562959378e-01
1.885843105294118249e-01
8.133031627229869720e-01
5.606422313649489508e-01
2.397617316053940462e-01
2.107987487075412281e-01
7.470775404676175402e-01
4.066280747910466786e-01
5.192865145650145120e-01
9.996334871235781350e-01
4.836925223977649457e-01
8.199314995904090075e-01
7.152222831278290949e-01
9.264623935114975062e-01
4.947868542106445000e-01
4.187417325356453945e-01
6.629761343160012199e-01
7.927853291143833747e-01
1.508790606973783310e-01
6.650736481368211273e-01
6.297472263942837101e-01
7.112850738404049578e-01
7.496436058381628076e-01
5.301014879756872356e-01
8.595760677752602996e-01
1.229538474183542451e-01
3.356361257920048580e-01
7.318066074959235223e-01
3.339004403427922041e-01
9.144921800769746367e-01
6.172214479932086606e-01
9.742706774450961005e-01
7.589714311502920863e-01
4.006003496914364304e-01
8.113031181718518559e-01
8.640699667441866794e-01
3.676340187007034466e-01
4.261633787461691636e-01
1.426660522655973651e-01
6.009890325045686987e-01
4.925673532975709534e-01
3.855284286809709249e-01
1.492898066155204928e-01
3.112397032075723269e-01
6.352594903481252331e-01
3.593687366423414797e-02
3.804691134988448242e-01
5.503813223354462325e-01
5.774602762624171381e-01
6.718382593530619618e-01
9.591720212290990588e-01
2.406703554827952507e-01
