3.545596224354218284e-01
9.755006482313844929e-01
9.834299603052196748e-01
4.098762347607565193e-02
9.295789209661953212e-01
7.849066249252212302e-01
8.265545250836541236e-01
6.378144744394746990e-01
6.383582339687380314e-01
3.496269064366571699e-01
4.595664810394428645e-02
2.054045325816062917e-01
5.817655915451837023e-01
5.997243189421797016e-02
3.855260094291912409e-01
8.488994712862760750e-01
4.218632288611031678e-01
9.680587005433372028e-02
6.424651287980840397e-01
8.012109067055060985e-01
4.303167707845816370e-01
1.804368715772618481e-01
7.474999837529998636e-01
2.816525575885633348e-01
7.185574753480008514e-01
5.277297758252630366e-01
4.462444576842135024e-01
7.108646718398656805e-01
6.031827934306058792e-01
8.167972758225360286e-01
2.584728481998185279e-01
8.679009466885144741e-01
5.955943636830639543e-01
4.892819085546117330e-01
2.129004344606211241e-01
7.209696995160704835e-01
4.516494176913662395e-01
6.807938107319293497e-01
2.099466718517537522e-01
8.984784137963899298e-01
8.122615647996611621e-02
5.356334618223961286e-01
2.435418723510829331e-02
6.654437372445947130e-01
3.265398647474173632e-01
5.637954334121383360e-01
2.479094810966990803e-01
5.252120095256507248e-02
2.807390773008620055e-01
3.255076755157026991e-01
3.641359688459550048e-01
4.105792100397943623e-01
3.872099443366753269e-01
8.905575211953076220e-01
5.528495642881086081e-01
4.115997412809078160e-01
1.569331535688784918e-01
1.191226176559591066e-01
9.475049176211119972e-01
9.793959273523125120e-01
3.909141193299880968e-01
3.784691084741098610e-01
3.529681729505984578e-01
3.243797106652718254e-01
6.395884819887061035e-01
5.300078683222808618e-01
3.160183590452803060e-01
4.028151886594917297e-01
9.940236558061799066e-01
2.436130560900757747e-01
3.535859425555891722e-01
2.478982569760778132e-01
8.298136485439455701e-02
8.834106691665621902e-01
1.116317845416544552e-01
4.452403182739677057e-01
2.206087162248961953e-01
3.095415151719242974e-01
7.206634469324035841e-02
3.807956618817028849e-01
5.213379426731320487e-01
2.127762778456040449e-01
3.220167230208447195e-01
2.650240658162826834e-01
9.818158870840572039e-01
8.820948662727395861e-01
1.536296759383783961e-01
2.322764330269212474e-01
9.857467079864528081e-01
6.808838770307558130e-01
3.778999168418422094e-01
4.195265384793901431e-01
1.026568072579684410e-01
1.782335982113425477e-02
1.581136331494414904e-01
2.447566879600681089e-01
5.083398648929586816e-01
7.849244334425529157e-01
8.232836602194542053e-01
6.676881152347939885e-01
