2.503323889404832636e-01
3.772541984583628327e-01
9.289176396744702746e-01
8.350194432979458625e-01
5.802020357113503168e-01
5.280112049560113929e-01
4.755226996184728216e-01
5.724521991197194515e-01
8.690120037145134813e-01
5.416283677729960555e-02
1.539459851078859298e-01
4.555242937446237761e-01
1.410767996009476555e-01
9.698907118589188414e-01
9.830305946571796794e-01
2.471057712216815361e-01
4.800749243264248456e-01
3.259083751216244051e-01
5.272305838024524682e-01
3.271616659209413136e-01
2.330924896141552960e-01
7.977434395697354796e-01
7.732083471270042585e-01
3.506797276987481116e-01
3.114772779552582582e-01
9.152518536267573168e-01
5.984776095081794089e-01
7.116083395911598775e-02
5.757626731885069349e-01
2.499295577986706540e-01
1.057183625394809701e-01
6.128048384523366865e-01
2.880932745532955863e-01
2.877064702391604056e-01
8.078131791297971098e-01
6.602953789049035294e-01
2.628941958402397638e-01
2.765638857581664833e-02
2.163002401183338197e-01
7.680496389892566000e-02
4.137053398871914922e-02
2.989215549610946265e-01
3.349252752158832225e-01
6.711976402310011469e-01
8.061883613658893388e-02
6.865271188421395721e-01
7.040420110048465352e-01
6.305480002654245686e-01
1.746367569416406029e-01
8.424713391565360476e-01
5.065481879215881778e-01
6.820939382129499462e-01
5.414819791599877474e-01
5.725363033715435979e-02
9.366223893964262803e-01
2.130795099757473166e-01
9.273438935632458691e-01
1.767223559937924904e-02
1.049496610947326936e-01
6.100702815662649714e-01
5.070662096671563202e-02
3.579410165582651571e-01
2.870624804728405532e-01
9.653012974208382557e-01
4.906745307494085884e-01
1.964239921252004528e-01
7.445049636254665870e-01
4.641279109701978989e-01
7.264646848564977333e-01
8.289560652765862736e-01
8.430032468517254518e-01
8.171010285974811271e-02
8.261718920356999618e-01
2.975568959632158839e-01
6.745872944185656861e-01
1.652723759670949866e-01
9.930902161385124494e-01
5.246128051582986673e-01
9.635350977998924371e-02
5.205125417147454803e-01
4.445513349274243797e-02
7.807504741918769309e-02
8.157438937396221945e-01
4.263740881101621971e-01
7.291308072265634266e-02
7.415751567791165622e-01
9.041630999735583707e-02
7.112370153292508768e-01
7.790830273093585223e-02
1.093438110964083387e-01
7.140219308088082695e-01
2.941446715390737543e-01
7.148664448530727134e-01
4.407699704864594947e-01
6.318400372354218142e-01
4.153235562070711762e-01
5.806293715999395477e-01
5.407396003551707686e-01
6.367354523536942201e-01
1.329503635011719531e-03
