2.284704987314903901e-01
9.893100341044140933e-01
8.728162984185861006e-01
4.920416104484587327e-01
8.862541883438435075e-01
3.881890528766339665e-01
5.045915806091318956e-01
2.771230236466059038e-01
6.504652890338246118e-01
9.799796990947462483e-01
5.240202973050422930e-02
6.701955586033410128e-01
9.918228486802060928e-01
5.402223563890992120e-01
1.534126720686695977e-01
1.415405588106044554e-01
4.586779079192425668e-01
4.251265986765166982e-01
1.152391512274353325e-01
8.519886430935382782e-01
7.395700852868303254e-02
4.341191728403104300e-02
8.771215592778384140e-01
9.027868313901611375e-01
9.267919728810747326e-01
3.468123430774694427e-01
4.704805008037149516e-01
6.425871591830144558e-01
7.750670840100369885e-01
7.124375180586591805e-01
4.916909861433416129e-01
3.450193436737104546e-01
9.166958953899061457e-01
2.252131228175743294e-01
3.323537762550015096e-01
5.978523232094690165e-01
7.475500047682592797e-01
2.003916108379394379e-01
6.590806968435669599e-02
2.483279907466319214e-01
7.257748878149121730e-01
1.755017816162529609e-02
4.567513932163473900e-01
1.998452256797671467e-01
4.042434477733549691e-01
3.058041660463228784e-02
4.583127633444429305e-01
4.203085261251714444e-01
1.171922926380778440e-01
3.229065347296871114e-01
9.986225191408124591e-01
9.823786202157780423e-02
3.444356841819107284e-01
9.720274725356039536e-01
3.253982090323348508e-01
5.394583799949291825e-01
5.547450626093269888e-01
2.668677390970617402e-01
2.168460346455824972e-01
1.351346610032444495e-02
6.666399546095299611e-01
1.260620713720839170e-02
6.995862608172020991e-01
7.359802077857886538e-01
4.853120463200349954e-01
1.203397581425850182e-01
1.645783713588856445e-01
2.505446445064163363e-01
6.791638000471977854e-02
5.185345851476663714e-02
5.478289480394976652e-01
2.375286156646816416e-02
9.676266806105392471e-01
3.291011069470994865e-01
4.120455401643555726e-01
3.658207726763723633e-01
4.557828545039754875e-02
3.992196774151989258e-01
2.119904694369512121e-01
8.786590103798355145e-01
7.916400671180003901e-01
9.491919333041788365e-01
6.501318724699797214e-01
9.974133837163589034e-01
2.877068512544300738e-01
6.696589460748956224e-01
3.171402239888043706e-02
3.043812807539034715e-01
1.843987439919153593e-01
5.819618428737735050e-01
2.452205309333270744e-01
7.725020426076150137e-01
2.127438967659179836e-01
5.426442459584208677e-01
9.857161387586236279e-01
7.230956238225016985e-01
2.264594072507057909e-01
5.154596092289969178e-01
8.157389360596521977e-01
1.882306926367094402e-02
