7.221209206178171858e-01
6.007432004324575470e-02
9.601440112803859561e-01
7.028795178399862564e-01
1.640341009261002680e-01
1.448876835154856435e-01
9.664315192906280938e-01
6.807025668467149293e-01
2.175573635671105288e-01
7.170471498338953920e-01
2.637521255949705212e-01
2.237335087224808783e-01
9.575423670616278748e-02
4.051512061253667030e-01
1.371870522540729054e-01
9.874129456089595358e-01
5.421584952032723059e-01
4.768667152639771700e-01
6.066203574826626310e-01
5.571663859622280057e-01
9.341824103627539566e-01
5.021725752006434007e-03
7.441056909083807458e-01
2.337325056358178221e-01
5.464142921549175469e-01
5.531010991945066735e-01
6.557978451831052435e-01
3.039967732886190710e-01
9.831174906521152890e-01
4.395508118324283897e-01
9.376181812696060547e-03
7.495301211663890628e-01
7.840753771493762514e-01
7.761548157095939926e-01
6.307179378685350279e-01
4.941258600035114412e-02
2.418302954389445203e-01
9.408283901697380713e-01
1.289559579128104483e-01
8.575943210048431187e-02
7.791885434971915769e-01
7.539277291713392115e-01
3.189401806237022186e-01
8.326282561714507535e-01
6.238638074726851057e-01
9.577399645387152383e-01
4.488943112497162380e-01
8.955789247862875335e-01
4.651306750093400222e-01
4.216191274511711384e-01
1.798639797610581681e-01
5.631945484301329463e-01
3.294157153531473980e-02
7.858218826190809247e-01
9.880795602792151744e-01
8.307587373235491013e-01
8.329761113240461423e-01
3.127588775046293845e-01
3.639247431452116155e-01
6.480995706231860165e-01
3.204819223818711205e-02
3.939867041920821489e-01
6.582893632484765334e-03
2.323407317391708027e-01
5.768530168294442317e-01
4.866857710930906356e-01
9.128002969758177709e-01
2.649353495624982013e-01
2.117402475018609342e-01
6.916135224922076441e-01
5.433607205312193100e-01
3.561268513960446080e-01
4.691855137599776349e-01
3.890366056742782241e-01
6.490453857829776574e-01
6.209102066264473585e-01
6.319553376872554251e-01
8.988540677343053176e-01
6.407352589643593443e-01
4.888666126371495890e-01
7.506654139866243414e-01
2.793188490248197375e-01
8.404461086987137231e-01
5.642285921171293905e-01
8.050560366925033629e-01
3.060499187743856986e-01
5.651600126260137857e-01
7.885498887851580818e-01
3.156075735993844056e-01
2.579710894818425526e-01
4.144724135929187536e-01
5.425528625432307628e-01
2.829659784342775097e-02
8.594707682919702219e-01
6.595396430703720503e-01
3.738928035347809375e-01
4.195007910820458541e-01
7.080275549589090112e-01
5.142786565440159441e-01
1.923581913964397261e-01
