8.361343699041494659e-01
4.405342360536168567e-02
2.639763972613519138e-01
2.195175527518321568e-01
7.578308667505828655e-01
3.657850578863727220e-01
4.138458878524510220e-01
1.994593370265139720e-01
2.521283725924778896e-01
6.785953831805867642e-01
4.229238005056334959e-01
5.974391516744379516e-01
4.730832887346603233e-01
1.771674819967578030e-01
1.053624112005101532e-01
6.890290934598075623e-01
2.557328777046775636e-01
8.772059854632946463e-01
3.719867761435551312e-01
8.513516790205774010e-01
3.270546589911815794e-02
4.037705976997207902e-02
2.392132512741915740e-01
6.567894068325796919e-02
8.991221674228709881e-01
7.020222869750128991e-01
6.506726928529732445e-01
1.075282083442802294e-01
6.458616983185982985e-02
2.824287557746755217e-01
7.301536076877980230e-01
1.088746677952785458e-01
3.082274660767528873e-01
2.459520030652968536e-01
1.261605271873668110e-01
4.300733887465129079e-01
1.063005549936227867e-01
6.018580534381354763e-01
2.628587637636031760e-01
1.725581777439300080e-02
4.439490902807583517e-01
8.779366678248879952e-01
5.282736639105131138e-01
6.718088376358171132e-01
8.414669617568315552e-03
7.824831464235604273e-01
4.090287317340156603e-01
6.058854665939874540e-01
7.759653571444108389e-01
8.801122818911472079e-01
4.948657578157362735e-01
4.329746376178196243e-01
1.873175027414243354e-01
4.354436989015172399e-01
2.023796745406573061e-01
1.544928978706021638e-01
4.274147924806974697e-01
7.072156426713926969e-01
5.240976747012026093e-01
8.445338065595852095e-01
6.516354095868187590e-01
6.967343661934877197e-02
3.098179682514400346e-01
6.268846438155626366e-01
4.545956942197074691e-01
2.273109629756325800e-01
9.211166725638025854e-01
6.777833670267988664e-01
6.307145289110293040e-01
7.315736641736830803e-01
7.081103458370816561e-01
2.083151925452999542e-01
6.249163026410754496e-01
5.220544298842757502e-01
2.453724628330378188e-01
3.314260489770864959e-01
2.676105603538442290e-01
4.522594700047160021e-01
4.796914836071047850e-01
1.399261405152260052e-01
9.198251298480928373e-01
5.915508673152545249e-01
3.957421428392109419e-01
7.456932081784999333e-01
1.375621463067868699e-01
1.734616413456754325e-01
5.703822865806829068e-02
1.773042114589861162e-01
8.516107684698887015e-01
9.871059872306446881e-01
9.372472226501060710e-03
4.911558977624215228e-01
7.055640152273607857e-01
4.924602991158480991e-01
3.306684233798623529e-01
5.723429445100182145e-01
8.475409939880484966e-02
8.275888327672086264e-01
7.527392620918615940e-02
7.214068808921270115e-02
