9.653774653844851006e-01
4.367002611985815186e-02
5.159592489841424712e-01
8.299727529172762353e-01
1.774909224334549895e-01
7.023394329567146377e-01
6.505232324522403076e-01
8.394755717265703909e-01
8.780908092318571168e-01
3.505292174773024794e-01
5.449619748321343771e-02
6.652356317118555129e-01
1.188570173551573017e-01
6.330147683740353637e-01
4.523740858943127163e-01
4.585943093564828210e-01
4.224012076616162625e-01
7.666734378396461436e-01
1.422139181357702231e-01
4.361800347354422014e-01
9.721905558646152246e-01
5.265956136157432521e-01
6.819638563129556408e-01
9.285447507449653415e-01
5.743896542922521942e-02
9.785941578459610435e-01
3.575275285999039987e-01
4.710684334987376154e-01
2.079383562943393216e-01
6.776486722982527633e-01
8.533947406928495960e-01
2.566339245097039035e-01
8.684871070966851958e-01
2.978813827540705006e-02
7.593199054873586151e-01
8.026508070085524027e-01
6.378287564059746950e-01
7.120089862680534232e-03
8.649606397269272717e-01
4.042147860586986496e-02
5.461688961102200146e-01
7.766302955680522979e-01
2.813755451310707700e-01
3.630682095573336543e-01
8.813502548216020083e-01
2.709756372499840804e-01
7.945983189328187368e-02
9.373648472224327399e-02
2.660170216439831092e-01
1.381664635844070954e-01
5.679402239459208079e-02
1.933409410380685367e-01
5.868922147225102970e-01
6.914193751797111931e-01
1.791820385551335937e-01
1.099212062085830333e-01
7.249755912271079739e-01
7.050673600180578093e-01
7.936360262024885204e-01
1.782544901340774590e-01
2.059417255920860113e-01
1.881728026333071568e-01
2.707193147675063249e-01
2.388677426274923299e-01
7.592444353209122365e-01
3.837522760782491327e-01
3.311043073281033644e-01
3.675557699287407276e-01
3.256952740076676234e-01
2.450426379119325926e-01
9.867690664768372644e-01
3.701510548696554936e-01
5.704261551335906288e-01
1.647609334120014868e-01
4.695349667005639382e-01
8.284420625710564590e-01
9.270563210431799206e-01
1.743884656352221452e-01
7.726002538136220732e-01
8.208414447074654507e-01
3.969162485719917033e-01
7.538603880523148115e-01
6.228410810635568451e-01
9.846647733654433354e-01
2.587111786879354725e-01
3.480194822965725354e-01
5.763508267825908638e-01
3.753063641206078049e-02
8.497584404831862726e-01
4.858149394623842987e-01
8.028916916756962951e-01
7.728564547935278251e-01
3.758926070931842833e-01
4.255554441535195354e-01
9.369808464335205311e-02
9.528110837676980749e-01
8.179231780528842810e-01
3.829408861427882060e-01
7.325236749016561522e-01
8.528810261653274605e-01
