3.589469278213792691e-01
1.330117216687891624e-01
7.299432309510833772e-02
8.822082594581095449e-01
8.871811279312613596e-01
5.064838416601048499e-01
7.372815589785831625e-01
7.724001452618400876e-01
2.407148383339167141e-01
5.552275243371140867e-02
3.551618783839487481e-01
9.742195552641230716e-01
3.938794090980601847e-01
7.196300634237066118e-01
2.039188881106461793e-01
3.198257168954987684e-01
9.716435472178552857e-01
2.240702410748542928e-01
2.289418410515304814e-01
2.437623618958195681e-01
7.453363782691965200e-01
9.854542467406950390e-01
2.902814282014802849e-01
7.249741281485320155e-01
6.892856523364834231e-01
3.832890723047233106e-01
8.812081416956076829e-01
9.113040827159697432e-01
7.720831117234140395e-01
9.883555945761957062e-02
7.304779428908508843e-01
3.825216628592487123e-01
9.826531556701478820e-01
8.204902853337037172e-02
4.927276499721841008e-01
1.325170613808491771e-01
5.583771115213426173e-01
2.702401088809858187e-01
3.932136561030175059e-01
7.447035770446275293e-01
9.293376840316101006e-01
4.685487448625449414e-01
3.332781274028869811e-01
7.527815281893402988e-01
4.747930819930082924e-01
3.641352142694985750e-01
1.283878024553213315e-01
6.478666576194642701e-01
3.377121000288378916e-01
5.459725567211924924e-01
4.747391821938724554e-01
4.376500158865217482e-01
2.529767598033527687e-02
5.403613214126384845e-01
7.051766763116465997e-01
2.371581229652863776e-01
1.469253650712009085e-01
1.939186512141953811e-01
7.390765831538014252e-01
3.101936314083180157e-01
3.475849333258471674e-01
3.097061069653270771e-01
9.520014805685022008e-01
7.036259044997043022e-01
8.812672128733037846e-01
1.014458098989383661e-01
7.254821205106929405e-01
9.458736292621505726e-01
6.918379726243021333e-01
5.287593477186264268e-01
8.516115513740614151e-01
8.018016850497332593e-01
8.384117685818459620e-02
3.280244406609670316e-01
9.573986270142220700e-01
3.011446985259215170e-01
5.914522150014746016e-01
4.938028111184413760e-01
2.039907404277496727e-02
8.655201906223459751e-01
4.962119095111202638e-01
8.745708941966477967e-01
5.259283387481165084e-01
6.076417422556601444e-01
6.881843523556641085e-01
5.729885939872657596e-01
9.842042534888850724e-02
4.800919474202137716e-01
7.194986819320988713e-01
9.742609750261372881e-01
3.729918785232270162e-01
2.690986122980965067e-01
6.587596316118404793e-02
2.562258258591981752e-01
4.318799063043993192e-01
6.557689269052210390e-01
4.972600995606751839e-01
7.749425831685127219e-01
9.567364405819630546e-01
7.688206660839769224e-01
