5.930765585209407664e-01
8.079782916992936936e-01
8.940853443937116785e-01
9.301395972144546054e-01
6.944024994129674999e-01
3.134427378756311500e-01
5.609249538200478113e-02
8.931959844056147624e-01
2.397845372777626105e-01
3.986971009783508713e-01
6.176220363785499545e-01
7.739304234601820376e-01
1.357950025783538628e-02
7.492355272870965255e-01
9.634878044024430821e-01
2.275053947699168244e-02
7.729430861971802180e-01
2.204235872264044271e-01
9.987046551634102265e-01
8.227538829403376885e-01
6.118085265044638232e-01
5.049770077577114824e-01
9.735189416478056135e-01
4.411972151587870705e-01
2.060645636943689851e-01
8.657549172692131645e-01
2.376035650926152654e-01
3.569082636253105845e-01
4.106769863088798322e-01
8.605913434982445098e-01
4.974021649892103047e-01
3.813951227093304031e-02
3.528541372938098775e-01
4.867596569640758597e-01
9.029015228883993105e-01
7.889012976830837021e-01
6.058275206810570523e-02
6.708407055286171872e-01
5.662777246214385496e-01
7.746287242693580266e-01
1.226789916709845052e-01
7.885361300178106436e-01
2.396660231481657632e-01
6.251981460141935454e-01
6.694710280496191102e-01
1.335083260654892356e-01
6.502131777577476734e-01
2.749460150931520852e-01
9.171596533106469717e-01
8.764103993474982035e-01
9.056532431194704857e-01
2.498394783058489610e-01
6.630619577524837771e-01
5.851471622905312087e-01
9.406303496483793269e-01
6.570432598665844059e-01
5.712553965950246671e-01
9.427086374155732029e-01
8.374930816485375296e-01
6.458394414261275918e-01
3.797077550170974147e-01
6.941067183643138128e-01
4.250428057250006386e-01
8.754269600852180311e-01
2.781122689880884957e-01
9.458797079686827036e-01
8.724861074770847713e-01
8.460133373069869123e-01
7.762458220253098951e-01
6.957880161834917310e-02
1.895591091981375653e-01
5.119747045008998798e-01
6.172821786222928431e-01
9.807016869482985122e-01
1.705187746943670479e-02
9.386388616994966183e-01
7.871511747059048991e-01
5.085046493210813034e-01
3.480349781697549272e-01
1.687557580853104033e-01
5.878553315184010808e-01
3.971856443642405310e-01
1.182207636493080027e-01
6.915223829583181381e-01
1.811270273388588814e-01
6.427569202627680944e-01
8.699469091531419895e-01
6.589662685742792014e-01
6.469401586607738119e-01
8.646036630047593263e-01
7.570251684659563551e-01
4.709296134055500627e-01
1.928524275678280553e-01
6.614627314310849160e-01
6.669520034347399262e-01
4.847344725986667546e-01
2.322620064060882950e-01
7.127728174617020684e-01
7.741711634339798476e-01
1.855303457843996418e-01
