4.042784661741796182e-01
8.777318423021784888e-01
7.573429707554814039e-01
8.506371826369706346e-01
1.018777150278271648e-02
6.872563097394925880e-01
2.211405323421167246e-01
7.725487972786686530e-01
7.676565995355414396e-01
7.572485465426286311e-01
9.318944209206649898e-01
1.562349484665270793e-03
4.277550892701855734e-01
3.432108666562412314e-01
8.670586627168572758e-01
7.335259515440792910e-01
4.130898276057052287e-01
6.600735821382558433e-01
9.938343488908414347e-01
1.062814684906827623e-01
4.516436834949214552e-01
9.521041293297852759e-01
5.636648848281040625e-01
4.536839425894133582e-01
3.137311474443947867e-01
1.963970903606333529e-01
1.213661572909650044e-01
9.965017127929346463e-01
2.687090133587115570e-01
5.421808189344868856e-01
4.578673977038949516e-01
2.590010578848878087e-01
4.694755789001270330e-01
1.451812516723123281e-01
8.107921374194948516e-02
7.935191266262605625e-01
8.883633931161274422e-01
2.550314435572427207e-01
3.280625300026257518e-01
9.331337617887890401e-01
8.693825005033717357e-01
1.723417190729892301e-01
8.878080027232924110e-01
4.246465654318049010e-01
4.765430809247761523e-02
1.664997318488891098e-01
8.474558228399142745e-01
1.566295508797752589e-01
7.988770858005377340e-01
2.079595555185047573e-01
8.610982763607173407e-01
8.584924951096816192e-01
9.024792458370188841e-01
6.245705299998834947e-01
3.840539882679786521e-01
3.120892608262487711e-01
7.184220329214562328e-01
4.433184444680832170e-01
6.284118775084064357e-01
6.190004622057478922e-01
3.139071480357042976e-01
7.807671881811584225e-02
2.947583093828420875e-01
8.668870068966025855e-01
8.143427050782255927e-01
4.888694694365272042e-01
7.276575310480172254e-01
4.751112355835354073e-01
8.877559664608966061e-01
4.825106618636086919e-01
6.927922893338656074e-01
2.822030389692862240e-01
4.500260796878002845e-01
9.637593607600983825e-01
8.758832430492476950e-01
1.851453226787407313e-01
7.885607768661004879e-01
6.615985117379674652e-01
7.936955505770557640e-01
9.173544277776864986e-01
6.395380633371215984e-01
5.542260164122839727e-01
1.449757661537341979e-01
1.809295225742839630e-01
7.349816453491001544e-01
8.690499555053365910e-01
2.082376477527965175e-01
3.802406745849286063e-01
9.822044378395881070e-01
5.379001954297154553e-01
6.944388162621691896e-01
3.353010351357336161e-01
8.438542717692196771e-01
2.049516912114863754e-01
3.842797737121329549e-01
8.356067678553734668e-01
1.729456019618840212e-01
4.550488845562630225e-01
2.122064033391292126e-01
5.029472173044280403e-02
