2.102886625276172428e-01
2.775855386397008129e-01
7.444963180904357047e-01
2.199245754775800421e-01
1.641041099111346657e-01
9.870382942013627980e-01
6.202671336171887706e-01
1.114531153059719060e-01
8.312104938802232779e-01
7.901762495440782796e-01
6.052457738784216001e-01
8.808936593570139140e-01
2.406298990042194941e-01
9.629278770263860476e-01
4.918891250721184605e-01
6.348530859497270029e-02
3.275708020575525126e-01
2.095726655430897312e-01
3.810784553402294383e-01
5.527543348826101655e-01
2.925860344889684717e-01
4.356055955716239270e-01
4.672078367739843641e-01
5.387252459041447228e-02
1.309458584972156281e-01
7.432600187337856656e-02
6.650773142594553766e-01
5.871745954618780017e-01
6.327869846677601773e-01
7.085389170924139002e-01
9.927110532836501688e-01
5.261298837219186009e-01
6.883687636650323016e-01
4.972968227539732444e-01
4.570805240162919558e-01
7.967749241319821429e-02
6.476030667729337775e-01
8.886038662269515331e-01
5.742105246314608280e-01
7.207397891823191793e-01
3.446510746104124445e-01
6.206372568258071709e-01
7.957068238477068567e-01
3.293997201978601241e-01
3.434735380952114170e-01
4.243658149059973406e-01
7.054372242518853753e-01
1.287154335783891046e-02
1.077370132583791440e-01
2.773066682407215877e-01
3.679484211773127456e-01
9.862354295364228474e-01
2.234210284655946399e-01
4.565542434818707918e-01
4.305587421466656739e-01
9.727058800243570946e-02
2.026125013910189399e-01
7.493966109138621157e-01
2.866470446640567715e-03
5.701322391883372198e-01
2.229008525762787851e-02
8.839107374519009630e-01
3.451908544568097481e-01
6.985704393464925444e-01
6.874361982421639539e-01
5.942549513677172213e-01
8.781298508220058974e-02
4.710404227416539191e-01
9.551846177073906041e-01
3.694160951421833206e-01
7.488853169884425176e-01
2.463932435975491053e-02
5.603181790700706433e-02
4.424858202622885539e-01
1.011288937767311769e-01
9.636112197016588610e-02
1.008965039236511263e-01
8.424241824694708169e-01
3.843524395829360785e-01
7.527880362658612157e-01
7.661604379441948609e-01
9.378337635983908793e-01
5.105803393617387442e-01
6.350972882225345284e-01
6.342970064668477237e-01
5.427925549798079397e-01
5.427683273639338779e-02
5.866962768690596741e-01
8.981031647729859069e-01
2.355764073462295327e-01
5.406608960280467890e-02
5.171506127304797973e-01
3.450653226873892088e-01
2.222652104639929460e-01
6.393791829117307923e-01
8.592951256333267729e-01
7.663386559645897211e-01
9.264152040051001347e-01
9.457204323569996518e-01
5.759140020524343706e-01
