9.982312580332101115e-01
4.151948213785057185e-01
2.052257960483950816e-01
4.899518427290853184e-01
3.489732940875812650e-01
1.488677831551170616e-01
8.548220794327457961e-01
2.278514653493294295e-01
1.276407021555472365e-01
7.079898559921194989e-01
5.771299791697236392e-01
7.096286276322127939e-02
9.162560370797634413e-01
7.399336394538723605e-01
2.006580943051716748e-02
4.002184737836235184e-01
3.940075398303077847e-01
1.967562823124164861e-01
9.872997179462962292e-01
5.694033508218790951e-01
4.159443573331724764e-01
3.962805167885655733e-01
8.802648734964741983e-01
3.296618137881368593e-02
5.102978934012256662e-01
9.470821660915904605e-01
9.194196222325519141e-01
6.298516890368888177e-02
8.743826722031491361e-01
5.350140350038146142e-01
9.206979922222241486e-01
9.663330342072131707e-01
2.454455762405672870e-01
1.559903734677454690e-01
7.761734100692548877e-01
6.179209455366175829e-01
8.606890260760257094e-01
7.240322217142519667e-01
7.390217533182481535e-01
4.256937413771657575e-01
5.539491589709888419e-01
9.979805990424609474e-01
8.199111874653556287e-01
4.633762769031535278e-02
6.601529555950012007e-01
6.409741162366224820e-01
4.140459958520062989e-01
4.622873033334741200e-01
6.146266336559079724e-01
8.035022162628402409e-01
1.365937249009149257e-01
8.063607525043005042e-01
1.247138787530654991e-02
1.923655018066899869e-01
2.494660046811141285e-01
4.809325099185284280e-01
7.544662576880185600e-01
6.132380147888485400e-01
3.617628755491864023e-02
6.362956573449590758e-01
7.938583901401427001e-01
3.315536603886659606e-01
7.554547462760885512e-02
4.891014567295531856e-01
2.022064251975886906e-01
2.306893372714491353e-02
8.762006883883987074e-01
5.471242152360811239e-01
3.401980336776966318e-03
4.232523958405753906e-01
3.702217902477077383e-01
3.290262540580209949e-01
2.040127940196094780e-01
6.324501096552259671e-02
7.690494422413890474e-01
2.197595492526516203e-03
8.569180028719989295e-01
1.754716184019584624e-01
5.425255526349637147e-02
9.353155483033822604e-01
7.360026141459841131e-01
6.900741734926695292e-01
2.539501324351356448e-02
5.936828382458534392e-01
8.497582126588386631e-01
5.086940041639675947e-03
7.036310465498468725e-01
7.965323878918253442e-01
5.083492285714957815e-01
9.527575722636404398e-01
9.731031863055741304e-01
3.472359403927751664e-01
4.578978259025251463e-01
2.488370754931878981e-02
9.922603106666659789e-01
5.536104075957903881e-01
6.921963716972939773e-01
4.488009231440770463e-03
4.402436386800859802e-01
4.544163900778701581e-01
