9.047484293483299966e-01
3.347492205696935841e-01
8.721432484049107536e-01
8.189124080098879599e-01
3.602010039192087287e-01
4.196577462533437330e-01
1.171117488226092185e-02
6.719807275058837792e-01
3.105035228067175579e-01
4.725679692036739432e-01
8.116059921547924549e-01
6.477836734141990682e-01
4.828341790084341723e-01
3.862836456628571113e-01
7.490943384757208223e-01
6.294299100581254303e-01
4.905838815313923185e-03
9.521167680684865520e-01
7.015583752656853189e-01
5.760711231057260573e-01
5.787929711896792062e-01
9.091354722159562529e-01
6.744968691065171829e-01
8.609116198881974213e-01
9.096584865640525708e-01
7.524520410189605713e-02
3.263211852372694954e-01
5.237869557659744491e-01
8.128265461272616843e-01
1.386262487697504930e-01
5.370654460528422325e-01
4.496097712044222483e-01
1.324562136855045313e-02
4.033111825351076707e-01
4.757737135402726469e-01
2.266388308980626931e-03
8.707216105274055984e-01
3.328668414663925601e-01
1.620063638144673135e-01
3.334303874442122728e-01
6.614177148269361206e-01
2.288946122329766908e-01
1.245971973129785804e-01
9.299935813337660839e-01
8.044132469929146101e-01
7.230990752711542457e-01
1.687524904210558896e-01
7.671650121182467252e-01
7.742622624155448552e-02
6.351770111839889488e-01
1.110413396882805603e-01
7.155001446949159627e-01
8.077473019910299534e-01
4.259123158136850495e-01
4.148846942702850704e-01
6.932650715318612322e-01
8.188149258950453424e-01
7.815060407945010335e-01
3.844062864413068104e-01
1.646109303820961767e-01
1.377370407070104275e-01
1.046142155886470304e-01
3.480098541030307580e-01
8.126098465393072345e-02
9.841517228933901462e-01
6.116896475223790874e-01
7.415796038777099364e-01
3.810638925267685329e-01
8.706627626672722720e-01
5.324576383908830035e-01
7.905523382400357901e-01
4.328146254022003925e-01
5.266073591692077560e-01
3.643667373686554356e-02
6.208313257931425966e-01
2.759008931895678973e-02
8.267059990860177177e-01
2.433910669538483784e-01
5.742413621006148272e-02
1.618925293001888255e-01
2.206880863653998270e-01
5.745781369691372875e-01
6.764713359064167264e-02
4.938476478204818498e-01
9.438558155883038925e-01
2.137488898949534422e-01
8.445405106656267424e-01
2.870664353449607908e-01
4.899758784965787539e-01
2.683744399214598175e-01
7.030281450515037944e-01
9.430722455750276678e-01
6.630318055762193241e-01
2.816276133902233525e-01
7.796795771293544286e-01
1.925296788568685580e-01
9.897169627309730933e-01
5.199342741660039069e-01
5.966483568944758176e-01
9.670777275095039371e-01
