9.002573620526281850e-01
4.701181682678868823e-01
8.268507969020235659e-01
6.828492105768257936e-01
9.357529912130333472e-01
9.207808760639493162e-01
8.343549591961550993e-01
5.400079261167689548e-01
3.762965985599397989e-01
6.587622267750725680e-01
9.199397195261000970e-01
8.942610562160402399e-01
1.097561248644707277e-01
9.039737321438902073e-01
9.248066352244058708e-01
3.196045945681161848e-01
5.653965940478447028e-01
3.800992232510205238e-01
7.592674301573147932e-01
1.973935511026653211e-01
1.042001186507808264e-01
8.243390945038859829e-01
5.312924436664414607e-01
8.367519076108428377e-01
5.693026939594426628e-01
3.135850033367909573e-01
5.979228035871612112e-01
4.449951325892083087e-01
4.797096038590927813e-01
9.026881951695806539e-01
7.028731658130936699e-01
7.324682045607588954e-01
7.110236449101778877e-01
3.458487989271119556e-02
9.544242320962710302e-01
4.775888889032192663e-01
4.955181954387390952e-01
8.317474806810625232e-01
1.933048617425481286e-01
6.673860878183592860e-01
4.204803449155886108e-01
6.508195683052512281e-01
5.342953792895036580e-01
8.891387623366586723e-01
4.702656965456433191e-01
1.934861443061005604e-01
9.642906314085033515e-01
8.352611292528377973e-01
5.099387389071070587e-01
8.317284530015035537e-01
4.165578805255032435e-01
5.568042066081635433e-01
9.514890350282311227e-01
2.083469800393573657e-01
4.938292954489290620e-01
7.257155681174241035e-01
7.222724544086484011e-01
1.974713512207721955e-01
6.983974883656534072e-01
5.855194818507256649e-01
5.482648359045987352e-01
1.989597983422057847e-01
4.108953734153615311e-01
1.307318778264986436e-01
9.482292020490086237e-01
1.311676203306706423e-01
6.960227559556184662e-01
4.734181441263702883e-01
3.140156048977073011e-01
3.941534984945044284e-01
4.728430258712374989e-01
8.925456447134397786e-01
6.780292164858687798e-01
8.678985576920708045e-01
4.173518106783965509e-01
3.719192754735894946e-01
4.992007995458126457e-01
2.146303003443185142e-01
9.746319810250128057e-01
4.447935071960396058e-03
7.405511824091226547e-02
7.123712306120538740e-01
6.454327819899585705e-01
7.125058133429925666e-01
9.742239158858497783e-01
5.363401021030292926e-01
5.831158840109575969e-01
7.342547177527793956e-01
8.859609007541738857e-01
9.349144046206658842e-01
3.613056900008906336e-01
3.584014475224520657e-01
9.769681723668047768e-01
3.116611449621089491e-01
3.040273197120524351e-01
3.830526136433719531e-01
7.587902416707036357e-01
4.541098880811161864e-01
4.523215609914806867e-01
9.924125111725101700e-01
