1.585246168257836707e-03
4.608353150513172514e-01
2.012813478144568347e-01
6.133837996003885795e-01
3.810384071194860001e-01
3.392554524549148409e-01
7.267210209224507222e-01
3.541856695852356740e-01
2.083573106037125422e-01
8.592699203098234095e-01
9.849084363165097056e-01
1.219701480188795095e-01
3.348590817684811149e-01
9.680639482135184881e-01
9.948404354338642452e-01
4.551978321922680593e-01
7.410284965604466700e-01
1.432292246611843733e-01
8.525047741701292647e-01
5.505023623933451571e-01
1.441077533102258501e-01
2.283210688104327923e-01
5.894380804082298697e-01
4.552297684678181522e-01
6.927630839236272875e-01
7.347604918538697127e-01
5.738247645495342386e-01
6.835018776535685125e-01
1.914291170318194180e-01
2.183615189553950175e-01
5.672358529656846837e-01
3.122566294271731380e-01
6.404346363871742387e-01
6.813890816599288414e-02
4.483165098219268341e-01
9.468860525386757487e-02
1.087451249899551442e-02
3.978669841879683977e-01
5.842080388890279474e-01
3.703669663150152003e-01
4.199371857304219358e-01
9.709885357133624106e-01
7.167505011685521010e-01
5.935569354793335251e-02
2.960317661470455164e-01
7.861153205791173715e-01
8.317660985689090403e-03
2.823946902312500784e-01
6.492647267672373435e-01
4.024763475122947742e-01
8.874256541083295202e-01
5.432660937681362823e-01
2.760490764582740342e-01
6.190301853560500334e-01
3.897197378184157346e-01
4.221444154141890115e-01
9.477166947700651489e-01
1.933325765213836922e-01
2.673256201907725504e-03
3.298669231155043624e-01
6.163357583459075917e-01
1.839925193489689859e-01
6.545119356427150370e-01
6.237076611506243706e-01
7.536421905955493772e-01
3.735971319962345660e-01
1.353570838131313847e-01
3.867154600765776440e-02
3.367128962045895513e-01
9.829048909664410694e-01
9.296630815942220627e-01
6.887358434462995671e-01
2.071173949334949027e-01
1.026646791820129412e-01
6.820122762121048066e-01
1.967723576031431554e-01
6.550030295083045795e-01
3.899190296183562277e-01
2.466796337096937020e-01
9.534745037876009022e-01
6.435269817783068058e-01
9.000041212666601842e-01
4.153811300010828989e-01
4.716669694928232737e-02
8.649094553892021642e-01
1.946624876720450814e-01
2.835145632615054812e-01
2.970198973412917498e-01
7.716821609222394018e-01
3.753335556103535309e-01
8.513774508369493788e-01
3.456021069156162140e-01
4.038109738953997718e-01
8.635524616724894464e-01
4.002520200796902961e-01
4.809509280192819647e-01
8.508578523888795653e-01
3.580562194211347471e-01
4.560522959833614998e-01
7.817110072881924276e-01
