2.668749044778317980e-01
6.748164148147123287e-01
6.204696713754037640e-01
7.662766398782706601e-01
3.807361838747920224e-01
2.112402489243260240e-01
9.760755931913097649e-01
5.775197587243022790e-01
4.836511532273871650e-01
2.034525835731564314e-01
1.497445435649905621e-01
7.911359806537793249e-01
7.723839599336786987e-01
4.081909930644533890e-02
3.240867073334505744e-01
8.402092808244566724e-01
9.655355321695207049e-01
1.727820065259167981e-01
5.098110953987242677e-01
3.812678201741795947e-01
7.481195798215465320e-01
3.159906206643178228e-01
3.718292183197465794e-01
3.522886259614697035e-01
8.606036615498066089e-01
3.230374766996062519e-01
8.398135753764865985e-01
4.287976211927657655e-02
2.678947705773881971e-01
9.868169802335012841e-01
2.125121535493709191e-01
3.813355415497522438e-01
7.662594458537952402e-02
4.714146424793878021e-01
1.404679783889354328e-01
3.586450362845434725e-01
1.265754105909591143e-01
8.810611234001961556e-01
3.416820828098834362e-01
8.483891997316653777e-01
2.471034693135576443e-01
7.290798105231867110e-01
2.343947625049317418e-01
1.042705360643958468e-01
4.742716486173703672e-01
9.420295687934188145e-02
2.256391080821217310e-01
5.060413685778184512e-01
7.527238789686180320e-01
5.873735782635495228e-01
4.837435875137490182e-01
3.406319135688475885e-01
1.675185443639694016e-01
7.077763002278999460e-01
7.195899951591755439e-02
9.323550494496986030e-01
6.117984663704265635e-01
2.825038955485424941e-01
6.110927577010678569e-01
3.350478039981248379e-01
5.272144745492154394e-01
2.425974825727971185e-01
3.716941793838364205e-01
6.909668563641129246e-01
2.322622814825481274e-01
1.684425310253376828e-01
7.381009042420717536e-01
6.719793644547659150e-01
2.976747715743890410e-01
3.992080383668615839e-01
5.622374781791844578e-01
1.568824626007729872e-01
4.238186350237871380e-01
9.783714574126378682e-01
5.586170585207668182e-01
6.961022325934719257e-01
3.644059174247319399e-01
9.486047479204871014e-01
1.716301479267504648e-01
9.926136682408218670e-01
2.605558932875609024e-01
7.622151341805771807e-03
4.526978581030468574e-01
2.166889810230142599e-01
8.792767650464122786e-01
9.505170735727483944e-01
9.463760154860753060e-01
7.110631022587214911e-01
6.575661828086792893e-01
1.011894993380941798e-01
8.435394412073096149e-01
3.885153904784539591e-01
1.174078179899342711e-01
8.023397845026589703e-01
1.294025698346215059e-01
9.585470827891084955e-02
3.028935584242202772e-01
6.344278441453889972e-01
7.655552862623221655e-01
8.502194164428067413e-01
