1.515249255190552757e-01
6.566554676563475246e-01
9.127543014709808000e-01
7.496589303075790189e-01
5.134737283567258892e-01
1.489817511844725439e-01
5.712477668690466581e-01
2.389178571311659782e-01
6.932356149254302879e-01
8.238475595411637320e-01
3.732191268820018726e-01
7.899436816965599295e-02
9.241619611306008952e-01
2.729512180696302970e-01
7.599709105640033435e-01
2.054536497801194850e-01
4.758347822631546764e-01
3.477967293164851981e-02
1.091932067722313215e-01
5.400522024045107949e-01
9.921746412432997930e-01
8.255195047766211713e-01
5.867925908013252867e-01
2.790202650651738558e-01
4.990308938106087222e-01
9.723241071756273390e-01
9.958565438593288688e-01
2.576440350461359774e-01
4.340773654525093006e-01
5.665620879450605774e-02
9.037060789792084048e-01
1.242599221349173222e-01
1.984885252533146183e-01
4.472905104654762987e-01
4.679235738005914635e-01
3.678738227306372899e-01
4.007011414342326328e-01
5.772062096395946806e-01
3.234746863851900578e-02
3.041289342742687918e-01
8.989753505723612204e-01
8.755125303430509875e-01
4.322034377474576194e-01
8.464885956004718492e-01
8.029117165251957733e-01
7.668109558873479337e-01
6.116087505210410225e-01
7.418652982797551143e-01
7.474114333806791688e-02
5.760206543145766078e-01
7.723173577347887120e-01
8.905346196424869243e-01
2.940798846778214237e-01
9.546728127227963601e-01
8.093917398057209889e-01
6.250651899861471295e-01
1.266363357654515243e-01
1.679851711943463055e-01
5.563739434960415231e-01
5.679231720631602309e-01
3.136783307660073739e-01
2.583447062261076121e-01
9.141462418410410962e-01
3.027869629522061956e-02
9.787115465369511380e-02
1.369847712172269638e-01
7.911201535798327855e-01
2.137307128516287014e-01
2.454237108638382958e-01
8.485043693687419619e-01
6.825371778206922313e-01
7.158137091462174473e-01
2.306323973415491668e-01
2.509186980453843585e-01
5.174018806303343210e-01
1.568710468087470833e-01
4.832240264058761392e-01
7.709570646185657239e-01
2.772235895069385947e-02
2.830976065516004336e-01
6.169064532026622416e-01
2.491246198350253183e-01
9.407933947869050462e-01
5.824936573714745158e-02
3.219540853426272609e-02
9.067975979341904580e-01
9.526029974147907087e-01
4.291146054282206634e-01
7.457172118395203331e-01
4.449603461690322392e-01
7.446318405851329869e-01
1.085493781441076999e-01
3.456632021677705779e-01
8.428344898852035971e-02
7.588031356656704807e-01
4.554499751004686958e-01
6.313796540892804288e-01
5.848818834892275387e-01
1.673249145707533803e-01
2.930316727073370986e-01
