4.180185335754049714e-02
7.265606632017963529e-01
7.981994802343810314e-01
6.560363268441663509e-01
2.506717788516801271e-01
7.885578186115224097e-01
5.348283489055841722e-01
3.342799819256542238e-01
1.634930321948946386e-03
2.416375261894659898e-01
4.326083832577714006e-01
5.082958313155273578e-01
3.164467571544755664e-01
6.789940252026458456e-01
5.125647914965193452e-01
3.536135772040929215e-01
4.867960288254822299e-01
5.146961017806241934e-01
3.443421078030645122e-01
4.267373626395568609e-01
1.099209478418978758e-01
6.101777771022642849e-02
6.992207602141531364e-01
4.259025397949631753e-01
4.215924411418054962e-01
5.016895113674499918e-01
5.347050957786667613e-01
3.761873687995942461e-02
8.818166209306832481e-02
9.037130045201131612e-01
1.381353023606127772e-01
2.955153026952963558e-01
3.298460546163932694e-01
5.450856272108922651e-01
9.809554616730971066e-01
5.296628815224856401e-01
1.005474050986953083e-01
1.102378919941597868e-01
3.469328128638248243e-01
4.335892034909816228e-01
5.296653901374266393e-01
1.413452307921105877e-01
7.527057214966499377e-01
2.480457945766787464e-01
3.830476958061268533e-01
6.708701182629085435e-01
8.068420757360550422e-01
9.585090198711879728e-01
3.881394638435606836e-01
3.241648722654050241e-01
5.013491603522730600e-01
6.770126867653681879e-01
3.496809432363456871e-01
3.262965261312443799e-01
6.445596337155531375e-01
5.896127380263864737e-01
2.990253032297487401e-01
5.362903471458452254e-01
1.634294890374599074e-01
4.186503122343083749e-01
8.456809395337048230e-01
8.979222546408253125e-01
5.594243253616015821e-04
6.715994176302987340e-01
7.103873322830320802e-01
5.856683839625775878e-02
2.632773165036321750e-01
4.322205813618954506e-01
5.718871877640604451e-01
3.461741392107682280e-01
8.221804370581532462e-01
4.121918441003958877e-01
5.528111899775363103e-01
1.762175008596823522e-01
9.118225754918286574e-01
1.297867600336213290e-01
6.244490141838817676e-01
2.311915036397717005e-01
4.613244329458623394e-01
3.578381174662914610e-01
1.511514603631435305e-01
4.517700998529037282e-01
7.979914687052673816e-01
7.330841059714526819e-01
3.062894181158692941e-01
3.731375673855175101e-02
5.722960781669969021e-01
3.912579956516688551e-01
6.301918679901279408e-01
1.289626885362337161e-01
6.256841341524711497e-01
3.632642406836908977e-01
3.653495066893157617e-01
9.044737033504857138e-02
2.386792014396967865e-01
3.365552229823352004e-01
3.907370081228792591e-01
2.364838887448080795e-01
3.113868135358718314e-01
3.506042645751650255e-01
