8.046285945455829980e-01
4.774420302319298814e-01
2.867358561883900370e-01
4.401650824919629557e-01
8.639009442230770608e-01
8.557384289471737793e-01
4.614653027270178010e-01
6.864637645013778045e-01
9.944906557849836348e-01
7.658027625466928834e-01
7.353690602331480752e-01
4.831266639219167214e-02
6.904482929527733237e-01
9.063021728437994362e-01
7.754331276726740274e-01
7.478299219435461387e-01
8.224761631661454686e-01
3.948353038686082117e-01
5.491535105152494101e-01
9.585013157507370485e-01
1.734692441790508521e-02
9.673609218613631322e-01
1.319512872171300089e-01
6.893969196222795581e-01
6.267840022493152974e-01
1.674196761702637648e-01
8.880479096701073827e-01
7.865550297563461690e-02
4.608120462231151127e-01
3.458880390651946080e-01
4.737590713999986214e-01
1.992310941018289316e-01
9.466733179250486074e-01
5.303245449074582840e-01
9.102218395892088809e-01
1.966019425024511103e-01
6.049925076619628861e-01
5.168237230981357344e-01
7.313714982989220070e-01
7.638097102235299474e-01
8.021434771415559828e-01
4.701481435526236874e-01
8.776215278878014558e-01
5.086389435228992895e-01
4.513777483181736772e-01
9.726907908485976639e-01
1.225522944360655231e-01
1.582277300889926019e-01
3.993413440524784530e-02
4.643795001306921799e-01
9.704220192079948681e-02
8.096974024214148580e-01
8.515308840116606603e-01
8.240053035418974936e-01
1.942217326924073895e-01
8.976175504817662798e-01
2.984587980188919687e-01
3.948516719599026725e-01
4.781420917087783051e-01
5.671675679913563695e-01
8.177860152090540291e-01
8.132167456593841770e-03
8.044537118305912227e-01
2.858676551492380646e-01
4.809805258122232807e-01
2.542312929365800889e-01
5.672102992174757885e-01
5.848946154568162026e-01
6.647561381761138977e-01
1.637171984700558358e-01
7.369135045148444974e-01
5.159599493870029585e-01
5.617126263298878319e-01
1.274449823592567199e-01
2.894872061165798538e-02
2.710519366509492878e-01
4.962594545237799526e-01
7.085317004065229129e-01
3.528230221946148104e-01
6.101541468351484587e-01
2.654482451250148589e-01
5.874643306181800417e-01
7.818702920948600310e-01
2.500681519378359363e-01
5.998893666173891193e-01
9.653034232670838488e-01
9.548876032210973364e-02
6.083131503024160613e-01
5.041065432243142519e-01
4.934560123664196718e-01
6.006595463584318839e-02
5.213293285932214527e-01
2.030499185114047478e-01
6.569944279385753205e-01
5.884579003120677942e-01
6.954847474553321751e-01
8.469006786546994237e-01
4.306312829913975238e-01
7.439195855644405997e-01
8.080635123543669085e-01
