8.784551790303851693e-01
1.023299574046647731e-01
2.345268780394282881e-02
5.387508191151559878e-01
7.137282038082548574e-02
8.850838047502240791e-01
2.833182311741819781e-01
3.400462347515033068e-01
4.285879649543907766e-01
4.040796993760420452e-01
3.257705640639149136e-01
9.088899628528857022e-02
9.533395811014034882e-01
8.819203285212328103e-01
4.925392440764099211e-01
3.856944681321512469e-01
7.609264566713894729e-01
7.161946969031846022e-01
6.546865463835145338e-01
8.220851398827159207e-01
7.394186900757029335e-01
5.985263077022129341e-02
6.407989531993932841e-01
7.529129576330932938e-01
5.288216451637071103e-01
1.791817252394504179e-01
7.111048859929877120e-01
4.596125127065998628e-01
4.188201675754819053e-01
1.905994715061680722e-01
6.906858149594535812e-01
1.166524320777995172e-02
2.942493301267926631e-01
6.128949933616277823e-01
9.445937637129322439e-01
3.400867725648616391e-01
4.716853971823038449e-01
2.734137683197083168e-01
4.131713293139296361e-01
6.797420329376993031e-01
1.567136176138406167e-01
5.933143211607598833e-01
7.395012364937370020e-02
2.746419103212227597e-02
5.050315148430352119e-01
2.061585565401813369e-01
8.473521174619923491e-01
5.243106978799838558e-02
9.636270146157664973e-01
4.348986047730756255e-01
7.696652999302955322e-02
8.380950538812949047e-01
2.985482616069348172e-01
2.241619201434299491e-01
9.210316900200342660e-01
4.973352447291945477e-02
9.872282688161587716e-01
5.560291443930115429e-01
8.038181129946468939e-01
2.466478352443615130e-01
8.833571313776708012e-01
1.651387409793246830e-01
8.775875256827045945e-01
5.040297153592370183e-01
5.865268004832369098e-01
4.922560310093631042e-01
7.271943978637392947e-01
1.216258339308147196e-01
7.204867780067164551e-01
7.153651234105846690e-01
2.834842062483413638e-01
7.827689905251583591e-01
7.647570855981820070e-01
8.898628045196377290e-01
2.495289625612938655e-01
6.371449833469882140e-01
1.566745384475687342e-01
8.612534812158032516e-01
8.067785932657212111e-02
1.236664278123653649e-01
2.284553074008879303e-01
5.352560030537663049e-01
4.417481159101505073e-01
8.294407099732969968e-02
1.587590348075191837e-01
5.869289876197270051e-01
7.153846191058419457e-01
6.361638174793766698e-01
6.453427861144300781e-01
3.746703698332768395e-01
5.288074198188653652e-01
5.939996630028309132e-01
7.874898971172291651e-01
7.829032304988172708e-01
5.212965304070150685e-01
1.161095381362567958e-01
5.716236551160407409e-01
3.405557468410008726e-01
2.233232656547204931e-01
5.135351649359691795e-01
