9.833822159361166326e-01
5.563848648548058717e-01
7.160445222952067645e-01
1.534596776698267107e-01
1.945302929230452449e-02
2.741714721849243253e-01
6.691893971920636064e-01
7.773313891229222117e-01
1.406775968250761899e-02
5.223011345105645908e-01
6.364527081469527614e-01
7.841000074678265985e-01
6.632338623070133110e-01
9.832228904673969705e-01
9.882640299615650381e-01
1.853759541140378442e-01
9.003248540282071666e-01
6.662820714018458101e-02
2.573538147633639417e-01
2.329637803882019798e-01
5.541666368117251773e-01
3.670439001791849787e-01
2.075658628212574408e-01
3.576521671311490014e-01
7.723136643377539468e-01
3.724698136953479288e-01
6.401049007529705515e-01
5.614363714467359712e-01
5.539876584660399228e-01
4.423438721077944669e-01
1.602419311824506698e-01
4.652094127987321803e-01
7.024539653597052791e-01
5.976850783024585390e-01
2.900885476464811763e-01
9.640871430715424184e-01
4.432682957437488191e-01
9.833183757344662324e-01
4.317321940791138957e-01
4.219176495131070626e-01
3.078927712763102065e-01
1.215331000987232013e-01
7.748741909572604003e-01
5.727816451585221458e-01
9.923333095390280967e-01
6.263382331854968621e-01
9.121036709773588935e-01
5.542797704370279188e-01
9.711526786346753592e-01
3.653805992266542235e-01
5.928662899664371988e-01
4.975367435172355357e-01
4.904006757988633725e-01
2.738215363859298757e-01
8.737529436372576397e-01
1.183538451133956393e-01
2.523587316762121446e-02
8.621918507233709006e-01
3.772484488031546679e-01
6.955991535113835722e-01
2.415045493048073588e-01
6.475432779651274506e-01
6.854856767902883785e-01
2.558997310261857949e-01
5.042988324544087630e-01
8.040935063398092497e-01
3.387476330209350239e-01
5.149265778663285609e-01
8.328801140514774382e-02
5.320871546780471251e-01
3.419585977702532809e-01
7.306966431423209674e-01
3.524919256108123289e-01
5.201350233426690339e-01
5.454254710634423020e-01
9.659777172063895856e-01
3.859544452724376074e-01
7.596575691653605356e-01
1.304674530186513692e-01
7.704923417555765708e-01
3.149573838801844605e-01
3.090444532458819227e-01
1.776395326835328303e-01
1.250803480170853410e-01
4.829773489036399692e-01
8.237252025234156338e-01
5.481832673207639450e-01
6.884198058723680624e-01
7.356867035596313942e-01
7.004488871190465149e-01
6.523945343971279121e-01
1.706332567826048807e-01
4.184491149504970808e-01
5.880553714880195626e-01
4.321993783102539011e-01
7.411552649779497015e-01
2.501050510384192904e-01
3.631313315494246741e-01
1.871234703602976390e-01
4.643309488955027486e-01
