2.185743333020885304e-01
8.478083576948873823e-01
8.513883437896194728e-01
1.747783680093026870e-01
7.478274369171471481e-01
1.709691221679184858e-01
3.111223123153886716e-01
8.407161478740743377e-02
1.275699431948474905e-01
6.020206798371185997e-02
8.296731788940098218e-01
1.272536814706615171e-01
4.755228427899567123e-01
6.113138184339879100e-01
5.523469524056278113e-01
1.402356863249679675e-01
9.590379449843096094e-01
8.443989514140839425e-01
6.843582984169364059e-01
6.653040831473681083e-01
8.029987233228561561e-01
9.192472522871448781e-01
3.353695160675220777e-01
7.660861923113944094e-01
3.236165960993981905e-01
9.211132957995287196e-01
7.515996462095795305e-01
8.401133380474242740e-01
9.214547662724149601e-01
4.719722052822979963e-01
9.806755847944949034e-01
7.983637611386590338e-01
7.278137690034559570e-01
5.446917581653479834e-01
2.873930637082343642e-01
6.260605540638038979e-01
6.728786432628581782e-01
3.962021236244591682e-01
3.637695970747845120e-02
2.561708953909839215e-01
3.643431532526218986e-01
2.020103125475388728e-01
5.567903576348729455e-01
4.480106814873118237e-01
1.064291573602357266e-01
3.079856133375709071e-01
2.474640350063987970e-01
9.525751271644247176e-01
1.464061899485086249e-01
7.512223004836231510e-01
5.369919249150817420e-01
2.419882340625310047e-01
2.559870750860763211e-01
9.369603320977137884e-02
3.849398035489962622e-01
8.323064979293846033e-01
8.047972783298029675e-02
3.528674361242400970e-01
6.832576441175828297e-01
2.927403695409309670e-01
2.368095857756303824e-01
9.252319446341704667e-01
4.283068405110590504e-02
9.673268137110083709e-01
5.012119524712091989e-01
6.822295215517161227e-01
9.173202968170047766e-01
9.626526857108167468e-01
4.190757667135673881e-01
4.157797846639433859e-01
2.811961147351376145e-01
1.567070581804397289e-01
7.289773658149620861e-01
9.750824856936208818e-01
5.385658436934714910e-02
4.385734235436511419e-02
7.849195793829070178e-01
6.064990847109396066e-01
3.166957438187901763e-01
8.786810622763565615e-01
4.553310161771013664e-01
2.297095001188075303e-01
1.438730810373978208e-01
9.587894995096143402e-01
8.933304429642781042e-01
1.882147384102447196e-01
3.852412924730382882e-01
7.830734884974068777e-01
7.970526029935405266e-01
4.788744183672584143e-01
6.164530113775498199e-01
9.205239280458443751e-01
2.085789514123136401e-01
2.636963416824797957e-01
4.754912088371077150e-02
2.935849715237596191e-01
2.928935015988641810e-01
8.461732939405535170e-01
4.878357606761865028e-01
7.298675266317511401e-02
