7.235794293701001134e-01
1.227204607538980863e-01
5.867134323347660274e-01
8.530587588762045259e-01
2.257692373186505064e-01
1.816691088771865692e-01
4.495140131780536175e-01
9.008480845849983210e-01
2.153061847879944590e-01
5.168382210976356639e-01
4.646987513280146365e-01
3.518333070416923558e-01
9.592097402440364906e-01
8.110494845633620109e-02
3.592657896301358900e-01
9.618792318974673794e-01
7.610043264566540566e-01
5.246270645338176886e-01
4.046619441636887249e-01
3.364590851963329410e-01
1.113568648881003709e-01
8.247757153830181931e-01
6.170129733558621377e-01
4.565144532477573014e-01
9.193402579875670222e-01
3.577745224640919153e-01
3.265672610452318159e-01
8.948058214404556177e-01
1.545761526228677241e-01
1.020647429374130777e-01
8.543284301963266492e-01
3.350653009412517536e-01
4.024104482403314531e-01
1.974372609474591700e-01
1.313450477676778583e-01
7.288228563959431305e-01
7.204296676021139101e-01
5.945526680202684044e-02
5.989688951741870548e-01
5.942909455624307835e-01
8.395452554713438431e-01
8.239098456308150409e-01
8.625948080041522248e-01
2.125117411401672429e-01
7.289299214014737238e-01
2.776925888119172736e-01
7.308012202860503237e-01
7.185455507003700726e-01
7.877907380764775924e-01
9.065386380237746566e-01
1.891126821257893553e-02
6.326481192544547438e-01
4.782379008990925717e-01
4.968578311135536385e-01
8.205433440275701207e-01
5.397202019830342756e-01
5.118632231854529646e-01
6.580192901902499614e-01
5.555326975895624741e-02
9.075864080374411724e-01
8.397402417250579010e-01
8.195176341811484244e-01
4.720462879923175148e-01
6.496869031483250012e-01
6.934595896704309759e-01
2.472741996416555343e-01
6.279064930289077751e-01
5.537815532632155424e-01
5.424773305300416570e-01
1.840988370311746891e-02
8.543044891271966979e-02
5.105233518345356769e-01
1.703417034270825470e-01
7.297602207842122102e-01
2.874156776070547759e-01
7.913924280429840419e-02
2.645084979991529917e-02
3.660760471387686232e-01
2.739975036898216754e-01
2.708454276710635655e-01
8.947344122924089094e-01
3.246906740867439023e-02
4.676722811727620499e-01
2.809759117844281562e-01
4.375239244941810934e-01
9.626922365744366994e-01
7.131339797942781722e-03
2.572170311900101591e-01
3.930742444865374940e-01
7.066138604201022133e-03
4.272367703470046907e-01
3.843021954433905041e-01
5.571634296257527152e-01
1.949686252890268090e-01
9.801911475485978187e-01
7.958023252076984466e-02
5.358700572946790697e-01
4.748912289835337530e-01
8.147962860115409711e-02
8.651026382278289573e-01
