1.727680224329232184e-01
2.200932366543630891e-01
5.106602336457281011e-01
3.932766834432804837e-01
4.953165961221497327e-01
2.115443165453154695e-01
7.518435321592685794e-01
2.626142323138221935e-01
1.385980794022840801e-01
7.461822448246759887e-01
8.148966902613664631e-01
7.690596673713233633e-01
8.671560997769960366e-01
9.803359109115071801e-01
5.552373003280329788e-01
3.601503818954815417e-01
4.350561547401997631e-01
2.004387943777206083e-01
2.367595841625564912e-01
9.583725251312341653e-01
5.126239786007754651e-01
8.973053398458352703e-02
4.056659495853459640e-01
3.229857734564484106e-01
3.092096968401009116e-01
5.931247420905317869e-01
1.764063536534233867e-01
7.467318625346627270e-01
2.578323978321136467e-01
1.341042664853229205e-01
8.147771665096713578e-01
1.208896555210149382e-01
7.470846657063634488e-02
3.144971178883382290e-02
5.835456839899597625e-01
2.045783007622735683e-01
4.318828210434422221e-01
5.941505779029840895e-01
5.606463751656498573e-01
3.380495111932954044e-01
5.618460607783024585e-01
9.568276630444868536e-01
9.172036681757235188e-01
3.164360549014476609e-01
5.647719791290533031e-01
3.245387972040731928e-01
9.466700364784208510e-01
9.080381633701590793e-01
8.351953933468838631e-01
7.718119305438987388e-01
4.157646759401558700e-01
2.265289872029345730e-01
3.829589496417783456e-01
6.464116854829837777e-03
3.575337049173119564e-01
2.914032945125523133e-01
1.010848531601261646e-01
8.817595410307530468e-01
1.578032631006595077e-01
2.105206194197324354e-01
8.044537583204872666e-01
1.873148818541625626e-01
5.463603229154592178e-01
2.176825244893658695e-01
7.589158156696746982e-01
6.944361184153935440e-02
6.473102115737473516e-01
8.600150830312083272e-01
7.736447584733765481e-01
5.278368925110201726e-01
6.148270368139406861e-01
7.424326796908589099e-01
6.163692803701793510e-01
7.995578765351409878e-01
8.973300259935088619e-01
1.913153340202764507e-01
4.846158237829930604e-01
5.598576300946228601e-01
5.677283939120295608e-01
9.063096777325105879e-01
2.692531098240993348e-01
9.184663087421700567e-01
3.405917335149203362e-01
1.270358852639559277e-01
8.990502404786452351e-01
1.655446403788680687e-01
8.849777550796771308e-01
9.848581229914488144e-01
4.154722989145611667e-01
9.279196840095216281e-01
9.389536820594985844e-01
5.128728094413372851e-01
5.691038401240334776e-01
3.510384402137773918e-01
9.754470664676156977e-01
6.862290970623332598e-01
5.212195651467771418e-01
7.451081265559090783e-01
6.823422639715840399e-01
4.991393661601323251e-01
