4.210217901326518408e-02
3.443873691758030375e-01
6.156167023064906818e-02
9.540765507181095950e-01
4.018583964863046143e-01
4.979058531344217053e-01
7.162219989347690108e-01
6.359133911366633418e-01
8.027101676466021907e-01
5.363929880197200184e-01
5.487261439332095092e-01
6.438568746856172531e-01
5.371527432882503561e-01
7.121330322170789096e-01
9.109434892328434064e-01
3.688800380761557696e-01
8.823104588119634606e-03
2.195527317380157051e-01
9.333863932185659795e-02
1.082880875031592138e-01
2.823421625105079213e-01
8.686528820088602609e-01
4.228159482358009313e-01
4.636663482276786041e-01
8.536407129735117394e-01
3.128062880872389817e-01
4.572691485268053357e-01
4.792083011335067644e-01
5.940018462459654147e-01
9.213535884293064804e-01
2.355500021592237259e-01
7.815040199797533838e-01
9.161842450308378405e-01
7.068117077796852721e-01
7.504822608123949967e-01
1.056565863461514931e-01
3.508928923842743464e-01
5.461681930778076177e-01
7.743705638818605408e-01
4.686134142654019286e-01
8.972803329854406318e-01
3.044648549851936004e-02
5.663374845457503914e-01
2.807706146602602093e-01
7.875845158511559641e-01
7.624904424056999641e-02
5.501048031079800449e-01
9.365590600646890307e-01
1.087523227437510176e-01
8.978173643665043890e-03
5.040993108302994630e-01
6.715448564841395296e-01
1.877874080241204169e-03
1.714218535183166248e-01
8.038264030985220465e-02
5.528397858969621437e-01
6.428299686986032047e-01
6.327605065052616107e-01
3.096447696974913288e-01
9.348107151718837438e-01
9.658432075310039444e-01
8.218210049138304774e-01
5.518170053545912168e-02
7.849245855799296123e-01
4.831490943922539527e-01
7.444431599297676172e-01
3.884188838587868675e-01
2.424720629744298028e-01
9.416580541285720640e-01
9.484031435362605400e-02
8.060562757140207202e-01
8.602266693429500011e-01
5.583170221770358266e-01
5.603662058870850782e-01
7.537142248179349302e-01
9.464609168244338955e-01
3.369559648042511624e-01
9.958170722615874437e-01
1.872672953904072068e-01
3.264349756876954167e-01
5.247157852261253863e-01
6.812196331759780010e-01
8.413426605026630423e-01
7.162908100562757063e-01
3.508958934359396320e-02
3.867266838061718115e-01
3.383646133489349728e-01
8.245426991040319953e-01
2.266745244024308548e-01
6.553738674223857918e-01
6.142903277213080937e-01
2.219779655883578062e-01
4.956397265185318313e-01
7.734779086124056180e-01
5.579672830888233737e-01
4.376867885928120705e-01
5.013599718665370242e-01
2.110166579276044896e-01
6.935709393955563629e-01
3.145813931090423177e-01
