1.261837808769001867e-01
9.950681858512777644e-02
6.007518236885801555e-01
7.089980460270736140e-01
3.532396585035697534e-01
8.137959474373654967e-01
5.789695322161959590e-01
1.842448407023016266e-01
9.492245802862747661e-01
7.631594430958118513e-01
7.308444003979749359e-01
5.131537149021885291e-01
1.003166114566901301e-01
6.111124131402742021e-01
5.901682195139426046e-01
3.650614538130722009e-01
7.086540745831196864e-01
3.265991395293859068e-01
3.023028673663761268e-01
1.881184974387908326e-01
2.915168392809555087e-01
3.839650525478780496e-01
6.435378288025248583e-01
9.004727787461114241e-01
8.022177272617919686e-01
2.137733000478748702e-01
5.158445347062670105e-01
8.327764775607682246e-01
2.471525007143113850e-01
7.010651099821437748e-01
1.367698825472373203e-01
2.278432303721643626e-01
1.300179445420766022e-01
5.568875976135867489e-02
4.340968635171579271e-01
7.990287140520572207e-01
8.197327475772838712e-01
8.605223504832749670e-01
7.160177842788441049e-01
7.559344021250229417e-01
8.418140539587929405e-01
7.529448258382795967e-01
5.592602591653389466e-01
8.464873323846100472e-02
7.377535382630617811e-01
2.108369905661736654e-01
3.121618300155979409e-01
2.554514258063045329e-01
7.825473836046787923e-01
2.459067339415209608e-01
7.687216576613100649e-01
9.191218053413170441e-01
3.178689368939136006e-02
2.237152937512032480e-04
2.433351798232317176e-01
9.426412191269196716e-01
4.362029540548691964e-01
5.854704834839471461e-01
3.479657898318385678e-01
7.401222064202809259e-01
9.120833795505066677e-01
8.035435898203190375e-01
6.685809715158218536e-01
2.075283709430056911e-01
7.342010085339567560e-02
3.116059630348064768e-01
8.493674558825603516e-02
4.844817606037405966e-01
5.189941821927768206e-02
5.861998939442953915e-01
8.617713339700672215e-01
9.747176846973116815e-01
1.785552781352400809e-01
5.715607078593181178e-01
6.859056675169430406e-01
7.403035459056950263e-01
5.037773248736950871e-01
6.262834441596987212e-02
2.773538929811452114e-01
6.715350354789185738e-01
6.228794650924860399e-01
1.230588301717103761e-01
1.142156238378786437e-01
2.782838921572853286e-01
8.240853131439822565e-01
5.327763122049806732e-01
2.449577703869353362e-01
3.910906932791575752e-01
2.976296117306465039e-02
3.781123945257502950e-02
4.648106368437638913e-01
8.833414557264684941e-01
4.148436075322291527e-01
1.353134692942410400e-01
4.128312700586730388e-01
7.061040561364629875e-01
7.687464696273494935e-01
9.967539509537972631e-01
1.999136672454218111e-01
8.695970300234742156e-01
