9.255056524928804151e-01
2.300447704517162295e-01
1.784042025759120520e-01
6.808221292668298341e-01
8.437192043847454581e-01
1.771860786677759148e-02
3.492246896514114018e-01
6.697242573271214860e-01
2.852874387649310117e-01
9.812338736812911133e-01
3.145177901244491370e-01
8.009016792203829116e-01
1.314220096321322417e-01
9.317146287288863293e-01
9.386145305873001554e-01
4.402775159213472289e-01
2.046041027613859642e-01
4.876683119666486155e-01
8.491868838268101793e-01
3.460019845275514871e-01
8.057566523338295372e-01
7.738071936018791064e-01
7.165002743098376481e-01
1.430558007512505725e-01
9.627280336537519245e-01
3.059856896301413887e-01
5.714724274354523459e-01
2.915088691798679577e-01
5.755876078414526864e-01
1.745619167588702281e-01
8.313401394795129074e-01
6.127758669020269000e-01
4.843652509494484892e-01
8.313729274684227288e-01
3.436451156857044387e-01
8.608320595356446780e-01
3.897418986751047809e-01
3.087858280630536578e-01
4.980896821869233992e-01
5.812935470588067588e-01
1.178673708332323988e-01
3.762730330188370775e-01
1.476492510819419346e-01
8.213469215378497168e-01
1.186776125479692690e-01
9.978680313742457342e-01
9.714742444768834639e-01
2.624329922851196262e-01
8.785399321099544023e-01
9.150628696117135696e-01
6.920976737503371501e-01
9.693217531827159616e-01
3.019895721713750092e-01
1.885391019988047479e-01
4.548718102500685090e-01
8.171456902607235895e-01
3.030276321214181445e-01
9.108587365790173918e-01
4.421116654490275799e-02
1.034589956899754082e-01
9.623463541207277760e-01
8.404975527478845132e-01
9.113631086665618941e-02
8.370379104060067244e-01
8.915053627602066433e-01
1.801916258090413558e-01
5.995278086310457111e-01
1.059491354665441643e-01
6.936361426803983043e-02
8.302155725961362087e-01
7.085278822861567072e-01
7.298125954160900042e-01
7.108019072241885672e-01
9.388003047964745829e-01
4.242814233883182018e-01
5.345848576708922550e-01
7.332392820536415279e-02
4.998011471603747147e-01
7.685204146231703337e-01
2.957761568768372262e-01
4.819200831179304423e-02
5.586063980634514703e-02
4.843458987357629475e-02
1.502632591805302953e-01
9.898402824515064591e-01
7.956395411706510545e-01
1.413364536263634896e-01
6.780415665196883879e-01
8.052600277113256544e-01
1.940715684209122216e-01
6.163566495163386172e-01
1.729165791737719005e-02
1.514423924945623723e-01
9.806820202455736046e-01
2.856884466564425518e-01
6.638571439018219333e-01
9.425155484550414853e-01
6.334120157758877934e-01
2.934102564811899017e-01
1.843475004283228191e-01
