4.533709145028778087e-01
3.199790530474792005e-01
9.853808950603697436e-01
8.776570542735379066e-01
5.822220531383639486e-01
5.035218220892855312e-01
8.014894650145447663e-01
9.053498447367146484e-01
6.908812795318852729e-02
3.490889482946574196e-01
6.615662254981785617e-01
4.545626770276821604e-01
4.847759019535421432e-01
4.789469091792212252e-01
1.755524000116442940e-01
8.173482448831476121e-01
9.277824653439441516e-01
8.728391320723377644e-01
4.635947730055425264e-01
6.637963022899666665e-01
2.263294627964748118e-01
7.916562403619420429e-01
7.820226840405143376e-01
8.088086718066122005e-01
5.506410751295793826e-01
2.627726108053016763e-01
6.747376464264139839e-01
4.442895502490984416e-02
3.701023090502248980e-01
7.374578157321910465e-01
2.135212509328880959e-01
3.856615240027053693e-01
3.765880855780956438e-02
5.468795928003026274e-01
6.245766376472253745e-01
9.505711591792868065e-01
2.749950034575987523e-01
3.038215577174562254e-01
7.264435736702110624e-01
1.903534260178800785e-01
6.023687893373043112e-01
7.810030141692089201e-01
6.649225197645444174e-01
8.905808622603811342e-01
9.368769707532320634e-02
9.177000142292799367e-01
9.834948036808922600e-01
9.637035743019466416e-01
1.638452987377618797e-01
2.352255163742137389e-01
2.450361816025364847e-01
3.089702073013360639e-01
1.166563590054597865e-01
9.288112325971192851e-01
3.733121418532044933e-01
1.148407313493380322e-01
9.567034870336017516e-01
3.478203361553180439e-01
5.212012041826995512e-01
3.867938870920673011e-01
3.325057884248636686e-01
9.329522022179953522e-01
4.934588364133594141e-01
9.258049648258560582e-01
4.731394546354996677e-01
2.891169279125032077e-01
6.249764862172403346e-01
8.336801319081899031e-02
6.395650707501381316e-01
4.567469154034990986e-01
4.697419260481978665e-01
4.507282350399794968e-01
1.036923318891794787e-01
3.633146183207202062e-01
5.774958628124320370e-01
9.230357205896184691e-01
5.201336810128164290e-01
5.191867649086645553e-02
2.001542601275131394e-01
8.397594874387096509e-01
5.550056548021448100e-01
9.896504498736425903e-01
2.961538890489281428e-01
6.099062079861309327e-01
3.347579675284013678e-01
1.655538153265354584e-01
6.322359225454744491e-01
8.543758657688304003e-01
8.490456344553928281e-01
8.790798862170912109e-01
6.049958141480774598e-01
8.475538754753912940e-01
1.441879204208872389e-01
2.547125495552395869e-01
6.652334803039228195e-02
1.284830185479352016e-01
1.997968298340703219e-01
4.000445256609085343e-01
7.498380380541630474e-01
3.920579112632909258e-01
