8.398722197906515197e-01
8.812196933546374567e-01
3.783618105566498580e-01
7.106110737068388472e-01
6.045481400211696332e-01
9.730170796521029342e-01
4.970745720474145646e-02
5.818132117319320118e-01
6.946064840093114645e-01
5.266542760571902848e-01
2.206949192718570263e-01
9.777933024898617376e-01
5.071761755022111684e-01
7.519503220452843362e-01
3.633517804756791758e-02
8.730701539625391749e-01
7.759508614457111264e-01
8.851822203096157970e-01
2.675551661791122360e-01
8.169104808147339414e-01
4.521094177127121805e-01
2.117082304151493011e-01
5.804766659573099563e-01
1.164853043688711676e-01
9.230417793602826437e-01
4.984039773229846926e-01
2.353478930782746392e-01
5.147419609686035846e-01
2.444109345816374290e-01
1.939515748021882757e-01
3.145554933574556955e-02
7.558289528147669190e-01
6.082293124180389032e-01
3.376022839083164806e-01
9.511042898485033703e-03
1.746879072424463164e-01
6.703454856033050913e-01
6.038543022281440686e-01
9.143987343361118514e-01
1.104994175764495434e-01
2.545357534004900613e-01
6.341638870856193266e-01
1.452326398698584597e-01
4.521436247114030138e-02
3.143338256266501318e-01
1.808320076283951305e-01
4.033538716170790295e-01
8.218412033109032677e-01
3.336434687844791469e-01
5.060712535001344881e-01
4.732129977020339551e-01
9.640658046405998771e-01
6.799629019757793547e-01
6.476249274991884297e-01
6.192618797137329212e-01
3.292478334771408166e-01
7.473411168698416152e-01
5.501941403333331371e-01
5.499703551619060660e-01
6.844517095071221968e-01
8.724183847719224616e-01
9.603595597408437490e-01
9.130058761462346295e-01
9.119205290195386837e-01
5.158900907108006084e-01
1.814464274165343838e-01
7.599872029078270641e-01
1.855663694511835438e-01
6.330929422690227959e-01
9.238522991896336300e-02
9.295990564777906195e-01
3.590267184512944132e-01
2.468234111714513457e-01
6.653139686507166806e-01
4.499418540754658302e-01
5.451665537823717766e-01
6.741213945213418990e-01
5.424505088607001202e-02
8.983789012808542918e-01
4.081405261192414535e-01
2.463038125770087294e-01
2.505946493987620816e-01
4.635406826346897269e-01
2.125884098430048663e-01
7.800827976479474124e-01
8.654424034094108098e-01
8.290941324334266671e-02
1.866284449758091046e-01
9.709995032876431731e-01
8.659654036657160603e-02
2.244265928787162467e-01
6.295368998434415220e-01
2.186178037558161869e-02
6.483238697659686745e-01
1.835867103569504000e-01
8.460061008556230000e-01
1.953040927283997696e-01
4.341438872085723322e-02
1.596008893977897136e-01
4.450710999102521770e-01
