1.200343457339162478e-01
5.312908561076725711e-01
8.748799719825604004e-01
5.154848829203768634e-01
1.329457576863122270e-01
9.195369774306467736e-01
3.626507658755919739e-01
7.357067677786776061e-01
8.576834246803517470e-01
7.678185499773201306e-01
5.693506162171798612e-01
1.831527450696003312e-01
4.674371913300564563e-01
6.545164858228680327e-01
2.920251134648003122e-01
8.336002001809403872e-01
4.539960472430155658e-01
1.368656070542663139e-01
2.680165626644493981e-01
4.058729914488067303e-01
6.396772232935485913e-01
7.597930766239494593e-01
6.884277291275268107e-01
8.258153191549133521e-02
9.887104035900794452e-01
5.660703898134511469e-01
6.487871675546788008e-01
1.227890142943052210e-01
7.364245628897587714e-01
3.102034949685297249e-01
1.699047139492636527e-01
1.158630632515128545e-01
1.646054878991999315e-01
4.785061394984814198e-01
5.469965054047724040e-01
6.500866107554148510e-02
8.490222989434371703e-01
5.904536129277154766e-01
6.237077255715728352e-02
8.455429913212374471e-01
5.785497595908346558e-01
9.806248495275502464e-01
8.340762686510960755e-01
3.487215028895971347e-01
8.208278886140052411e-01
7.562102722941245192e-01
6.628198100562188166e-01
1.768159356632493795e-01
7.857464458872791546e-01
1.012821938931750543e-01
7.938868423693351550e-01
6.587096859575102270e-01
7.423897098971112829e-01
8.568329367984858225e-01
2.231981745086428770e-01
1.905386971336890944e-01
8.704998802738000974e-01
7.339547956583919452e-01
3.258790386762788760e-02
7.858266075334167100e-01
6.587869680244599069e-01
9.401208374373049015e-02
3.852475335903265963e-01
7.566105248792125426e-01
7.672017827460779760e-01
1.394220296877736187e-01
3.310106081229438058e-01
1.869496992327883689e-01
4.800130635423551784e-01
9.249917363780613133e-01
8.491895713786441480e-01
7.478618327918074016e-01
4.706257613238101767e-01
5.368313476194100931e-01
2.604461134223984287e-01
8.494740792434127830e-01
8.771454218289015392e-01
4.829992595037464476e-01
6.443000583246736301e-01
8.371899308970530695e-01
2.660741917644706689e-01
3.879257586395771229e-01
5.797160711489842688e-01
7.036842804075688074e-01
6.533121529912340186e-01
7.484425476980449687e-01
3.590755814437536220e-01
5.172555591349515813e-01
7.417139955557046083e-01
7.485475716514453648e-01
6.127383312238632307e-01
5.503640906409431599e-01
9.469585014205648132e-01
6.156163070947876514e-01
8.269414643780512719e-01
8.587705610551116253e-01
7.017553051529498154e-01
7.647868172113290175e-01
3.716475742352338685e-01
8.925133135976347498e-01
