7.847835272970471454e-02
8.700444304930031736e-01
9.689010124796271217e-01
2.043627202663962361e-01
4.272999138141497788e-03
7.830992351146038866e-01
5.765434589460702863e-01
8.772531809110178935e-01
3.033217499815926699e-01
2.988418306228791677e-01
9.701839867399257855e-01
6.660953687791003608e-01
5.035177500428189568e-02
5.917079805402701842e-01
4.139326500532081177e-02
7.465598788163825272e-01
3.896643818886268429e-01
3.734515316000992513e-01
3.560666765875720730e-01
6.217760649955079710e-01
7.355621648306988059e-01
9.633189847798572236e-01
1.796846519676637000e-01
1.412651577572854311e-01
4.457636059199012735e-01
2.266101289592333812e-01
5.452532778671999036e-01
3.921687598533929453e-01
6.120108009764940737e-01
1.036893778957357348e-01
3.444380119200081136e-01
4.223358861304471468e-02
1.017244137670983983e-01
8.677323892915459469e-01
4.087945172744347211e-01
5.291896963617730432e-01
8.125198778252139542e-01
7.917710901285690550e-01
4.085601517419482631e-01
2.809155195492669677e-01
4.194121454440662422e-01
2.932489665389867994e-01
4.529031485139698443e-01
8.554710638870387518e-01
5.398611532457608941e-01
7.577872129016405278e-02
7.891269652913366350e-01
9.932650034019863128e-02
4.580774840369602474e-01
2.516700579133535065e-02
7.492276701834938990e-01
6.739513724029709829e-01
1.914555400489014181e-01
3.643801624544507067e-01
2.608933394144669071e-01
1.301659248104183320e-01
7.523836695395179630e-01
7.936910881634738901e-01
8.445203453138379057e-01
7.938336850466924943e-01
9.376588411977098136e-01
7.884733419575439273e-01
7.380718422285709179e-01
1.606999055695980116e-01
2.729526550798063722e-01
2.294054279786705841e-01
6.222703491827796807e-02
6.655787158250174862e-01
2.256264954898768993e-01
7.655723075935634281e-01
8.431159691002504397e-01
5.731368585686905659e-01
5.177202951373116591e-01
7.918652253153402043e-01
2.509611911282665364e-01
2.434402320179461787e-01
2.455170103723957054e-01
9.196535577069704370e-01
2.816252694904008980e-02
5.389099471154189525e-01
8.504673239104937332e-01
9.669579793693926506e-01
3.927143070048833007e-02
2.737071838124526257e-01
5.410860450336774097e-02
3.403205993204710955e-01
2.304201500034364081e-02
3.914993949419277586e-01
8.256536857654056538e-01
8.458212303751359018e-01
6.412590857741489181e-01
8.839343379048376637e-01
6.824885565266176624e-01
6.917370803657657552e-01
5.099409254494120525e-01
7.883828861025924395e-01
2.892241868775465852e-01
4.013594345477400349e-01
3.059896263590060617e-01
7.867702959895849224e-01
