3.366021758135403497e-01
8.773531235160486608e-01
9.168990680250709291e-01
6.291112631435582525e-01
9.094060440372220278e-01
7.309179804790919555e-01
3.478966040068467436e-01
9.259487023644704662e-01
7.730385605631062695e-02
2.650507225573186521e-01
1.809012434272641023e-01
2.772852158218848118e-01
1.574571591227261758e-01
1.077778392705043276e-01
6.735227948276998333e-01
7.788193861140603191e-01
1.377328404344627666e-01
2.564845819250406445e-01
3.851233955475695803e-01
2.562140342118781611e-01
1.183486886244676795e-01
7.508064518587066472e-01
9.205134826345735544e-01
7.336612297346436495e-01
8.842250744943116469e-01
7.705539970026825669e-01
9.230459188295938588e-01
7.926656769542286263e-01
2.904116787059384253e-01
7.169143456351061428e-01
7.382461253970507009e-02
1.799749483314396770e-01
4.100233655331826377e-01
5.702874514376318205e-01
2.855502963156593133e-01
1.046387192018275458e-01
7.064745325187181679e-01
1.932113089738329847e-01
7.249195148439249170e-01
6.903175386774558220e-01
2.864701488051745182e-01
7.079748260260465553e-02
5.700446468362311281e-01
7.566400098719014977e-01
6.969594958077043323e-01
4.286952641398464880e-01
7.317230717211266056e-01
2.667485248389848129e-01
6.015787184703815793e-01
1.402801857860223045e-01
4.805226735552827755e-01
4.216600246802038043e-02
1.120161957755221316e-01
8.695257143915691156e-02
2.517483686195961523e-01
1.737248399693093193e-01
7.992901232736144834e-01
7.556255497415153011e-01
4.073487719643198446e-02
9.237056346852798860e-01
6.125497173348153357e-01
9.206242076072098657e-01
8.621422588718647972e-01
3.588840000784604412e-01
6.470943229418594234e-01
1.822247532370372403e-01
9.507819172959586229e-02
8.266615679146147588e-01
7.878329159621111355e-02
4.560278138743709686e-01
4.972804954602020322e-01
6.330529273242196941e-01
2.854600758848824249e-01
1.065678646638726912e-01
6.272242994551898709e-01
6.650183425574196505e-02
3.509443699359444668e-01
9.946378684817125393e-01
9.357275774407824986e-02
8.254032073346186937e-01
1.925836134076346351e-01
2.102107381231920202e-01
8.556691987253135512e-01
5.679282959120108831e-01
1.815340892441664744e-01
4.582134098844213854e-01
7.652048887900185781e-01
9.143828897691582691e-01
4.150403225206866775e-01
6.332073441379604262e-02
7.198233347835076845e-01
4.921710088888765489e-01
5.507613157546705773e-01
8.845885338865926428e-01
6.763309532529692136e-01
5.159779484094479951e-01
4.620981386883484809e-01
1.068802355187219444e-01
2.403095459672590639e-01
7.399940421440193150e-01
