8.712840027749551020e-01
2.110573056927338431e-01
6.335484314076893497e-01
4.406933991861650135e-03
6.540135570601811610e-01
7.473646559640886311e-01
8.610263882945261571e-01
1.959688469166472879e-01
3.345258827464926421e-01
3.820611226991577070e-01
4.514404329599234211e-01
5.392195468203366815e-01
8.987345798494472682e-02
4.427987457938757920e-01
5.357149212515098791e-01
1.283108356301982944e-01
1.384181719623569506e-01
8.156365854265322790e-01
6.938744586329077535e-01
6.198466858823654668e-01
2.463386845652600909e-01
5.764787113007695529e-01
7.591736485391388234e-01
4.775519764126523459e-01
6.355624241340231961e-01
1.538355793228268764e-01
4.486955278377762202e-01
9.450596142370208952e-01
4.916023270160245762e-01
7.005241825391177457e-01
5.123975448448012671e-01
3.253066815801939349e-01
6.704826044883528402e-01
3.471251108365398519e-01
1.697530531588842262e-02
1.480595785707893297e-01
8.627671377337728931e-01
4.339912558185629043e-01
6.377464326401603989e-01
1.172765401597510859e-01
4.086073461918986460e-01
4.216809767619839056e-01
7.934149297579199400e-01
8.802522167392248242e-01
8.028055328253453915e-01
4.127076329108261277e-01
3.210089269142988311e-01
1.721777542360176660e-01
9.646969364804824920e-02
6.950558019850446856e-01
2.652062877007139718e-01
8.117501703268232838e-01
5.721725978264037282e-01
1.777333288074708362e-01
2.754642575515595659e-01
2.606702494754079558e-01
5.488571738852199289e-01
7.773025822922695616e-01
5.618744921801060999e-01
8.412159261771647856e-01
4.829933519187301627e-01
5.769914087187278939e-01
7.659205456157427427e-01
9.874921282875795958e-01
7.555802409656845464e-01
6.604725998794791497e-02
6.283634755054861021e-01
5.559726585918534081e-01
4.183776205039742013e-01
3.793400286324855042e-02
8.339002373136040758e-01
5.340350544418077661e-01
4.113207413015532721e-01
3.547637478215991402e-01
9.366948094874538722e-02
9.944280733211885437e-02
4.291097132853082252e-01
3.883084913239557290e-01
5.868025770604246016e-02
1.343391504985769203e-01
2.881770745943555978e-01
8.199502805796768934e-01
6.485466781718589591e-01
5.287400654509428755e-01
2.132497743107011345e-01
8.030745825894771706e-01
6.702214425207690951e-01
8.740996827592195650e-01
9.562096305659465445e-01
7.133815104276285401e-01
4.807155135912204447e-01
8.585196004021083960e-01
9.482912116868339458e-01
1.195487216293630306e-01
7.159164291086298482e-01
6.431146627262052107e-01
1.428330976181405587e-01
4.782242930249489543e-01
7.536790211939681239e-02
5.075638636495174438e-01
