6.612300701401363501e-02
4.843400267666022607e-01
9.229180596123147673e-01
8.581972262035555410e-01
9.559567011687494231e-01
1.715822077700472903e-01
4.610405547472411492e-01
8.105828214010765143e-01
4.495355980519344374e-02
3.506805075552412720e-01
1.409736613131672422e-01
1.475927968086342412e-01
5.806090193706847646e-01
3.848624017122337371e-02
1.333132608471711000e-01
1.054306269858482636e-01
5.730283104703119967e-01
1.188347137137579779e-01
4.967276033160148430e-01
4.294522934767855959e-01
3.866317661083310542e-01
1.034918724272116952e-01
4.154881668098787673e-01
1.511176676820568110e-01
2.882678495833708165e-01
6.824461672824625458e-01
3.555504676373471007e-01
8.682537739313087588e-01
2.670173454600025531e-01
4.432135793014795322e-01
1.352146750526129759e-01
8.468793477987935914e-01
8.001194557678911190e-01
7.186783981049820191e-01
8.304808094498002946e-01
3.098397236150413070e-01
6.037333579644672543e-01
2.894284876550038410e-01
3.070638193132912974e-02
3.368650646211360788e-01
1.830850249441468014e-01
9.416270669017812178e-02
3.915552256054050106e-01
8.750973319963009089e-01
1.544204296032299917e-01
5.997259998926197655e-01
2.330786069547181594e-01
7.785478432432703100e-01
9.162150154992326767e-01
8.996154601665693473e-01
2.985040648047688761e-01
3.642559644015845866e-01
6.295829288160610382e-01
1.295491037877474216e-01
8.999228749682619544e-03
1.753434371004023440e-01
4.896325509205534665e-02
6.456394323602065999e-01
1.905994426602791725e-01
7.202050535100037454e-01
4.949007095709214710e-01
1.433221936313452405e-01
6.023261568862628978e-01
4.115826632344351532e-01
8.456292346196235821e-01
9.682897624891310118e-01
8.806132991640370777e-01
4.187863813461547569e-01
5.695234792797623236e-01
1.134316672707974538e-01
1.154037633409448205e-01
3.112163924014219596e-01
8.035324232755556295e-01
3.398463950942420819e-02
5.460612092780210425e-01
1.486123871510717231e-01
3.269232006405811131e-01
4.522611869075696678e-01
1.433860738371592891e-01
2.389973252384035574e-01
9.259107403904409672e-02
2.694863045691106018e-01
4.027926533654079266e-01
1.339121962001567079e-01
3.154414790116910616e-01
8.953864819639345551e-02
8.226500195024259998e-01
9.198988525268366745e-01
4.526822237979291064e-01
9.465595645831134108e-01
4.243633353490763316e-01
2.511695078772450129e-01
5.724803429292862900e-01
8.078651127244765862e-01
4.504094982847955952e-01
2.892642542603031108e-01
1.381989714982234663e-02
5.451834218848137237e-01
2.115446293047850146e-01
6.621881769953597008e-01
