2.719505212112319770e-01
3.664185496676930498e-01
2.495421848123201558e-01
9.101849461845665790e-01
4.020272329004055401e-01
2.481447832306605816e-01
8.960148318981725479e-01
7.700020296108842643e-01
5.961426134452868508e-01
2.602058885604514593e-01
5.072430465087796048e-01
3.157985365677008494e-01
6.578923458527101698e-01
1.649924333449919178e-01
8.579706262367502445e-01
9.573285330616554401e-01
8.431749480229536742e-01
6.919492274170691015e-01
2.665222115976076944e-01
9.529651487177709379e-01
1.162373809535002245e-01
8.446661518043058203e-01
5.666734431365916258e-02
3.051119315011872057e-01
6.475412578255420604e-01
1.850746007516651526e-01
4.369366561898180290e-02
7.306485452766722233e-01
5.174135660022762817e-01
1.830359626979922716e-01
1.484804942164585917e-01
2.227323450948545114e-01
5.407534798665535325e-01
1.941585314920973859e-01
9.434902417007540176e-01
7.272863805226007505e-01
4.323798426799854155e-01
1.140836775310805074e-02
8.271464063396887223e-01
2.440570698831854290e-01
1.227327134840879852e-01
8.271779447646313566e-01
1.575664215310691452e-01
3.939557035422114328e-02
9.243591173699443608e-01
7.772438238193224436e-02
8.262010292481145601e-01
9.083380214516186824e-01
2.929552336548593150e-01
3.577363183008352987e-02
4.322443780633306032e-01
5.051803291438740073e-01
9.850296941019759389e-01
2.142443548782080320e-01
8.281902541086860747e-01
7.142476139535532953e-01
1.475638253201722039e-01
4.709752654739857158e-01
6.488056881689966415e-01
7.976520828300103227e-01
2.233457725271332794e-01
7.777541552669530178e-01
5.036601752959060097e-01
3.537904410107436393e-01
9.930819963273375128e-01
6.389696838366341058e-01
1.047440876798370057e-01
7.118649567432859815e-01
3.571663091752603769e-01
3.228979975875323483e-02
9.177764721424146455e-01
9.865672362572890375e-01
9.661120555221091033e-01
7.210910442215964222e-01
5.583965386522496965e-01
2.003304336833870991e-01
4.080535806111019737e-01
2.706441844818866516e-01
8.325857435120602723e-01
9.218148902167736525e-01
1.154809594899155467e-01
6.865643985623248735e-01
8.161787554568066261e-01
8.843118747423790449e-01
7.643166290619362035e-01
4.241966565717921744e-01
2.141108057294739409e-01
5.654968137413816098e-01
4.336355824529161129e-01
4.286394564478043234e-01
8.125238717273608469e-01
2.446311348772196581e-01
2.326488861706088596e-01
9.022064179605012724e-01
9.468391866389714862e-01
2.104985303255600959e-01
5.028025333828819443e-01
3.299525642660550151e-01
4.671585493822318913e-01
3.500396704854263907e-01
