1.950409555787101512e-01
5.536684229932635759e-01
7.224574771984615396e-01
2.572246167850134047e-02
8.620507032249230539e-01
7.803052224284656724e-01
2.207756177781076135e-01
7.779980567215342147e-01
1.185023494953604262e-01
4.302240043785701129e-01
3.718323075685623369e-01
3.354982135873029181e-01
6.448829999498166821e-01
9.806228926299572768e-01
2.963606147046720096e-01
1.193191321069368982e-01
3.528580564928112118e-01
3.274873778249137724e-01
3.059897172548392552e-01
2.405692998858566245e-02
8.562177611783458042e-01
4.174885926047035012e-01
7.230059368601493563e-01
1.867146761229441232e-01
4.953802055000201543e-01
9.464941826412629489e-01
6.459709908103953291e-01
3.612115319960553794e-01
7.608623722982454929e-01
6.097863556099437643e-01
5.824148622713979373e-01
2.471267460932584648e-01
1.303810343696674146e-01
8.562887666963687749e-01
8.492785908076423418e-01
4.631652288620735636e-02
5.050074224358820363e-01
1.531619358386226981e-02
4.786779115804157270e-01
8.768572914711688648e-01
4.461764669515623227e-01
2.853046560251848440e-01
9.818368893463957914e-02
7.724310523301582965e-01
8.506625208629082779e-01
4.511702885384135664e-01
8.417390752178084412e-01
4.059657887295722301e-01
8.913442651069085620e-01
9.847404319302336395e-01
9.558322037082849221e-01
3.503793130642208764e-01
7.569832479033659078e-01
6.603124653571261771e-01
3.573505617753067742e-01
9.403355560253567891e-01
3.264947711199505109e-01
6.082178293615373432e-01
1.417464815686234614e-01
6.629884141480064663e-01
9.585886055821439822e-01
6.551882288497903328e-01
1.292740303700086191e-01
2.219578035072000688e-04
8.481000607448802020e-01
5.315459749819857471e-01
4.662263482176093321e-01
7.887874531376527498e-01
4.543176411449918461e-01
3.853828554267301199e-01
9.016104879652813153e-01
3.148726675186347412e-01
7.925144921690074895e-01
3.851621233526787424e-01
5.771000896608913244e-01
4.247082499450166582e-01
7.150432638980586120e-02
2.419991029143478967e-01
5.952659245387983411e-01
7.732066382635103263e-01
1.563918406603552747e-01
5.573289658233757660e-01
1.734772460047523390e-01
9.568488981473991517e-01
3.451511522634875817e-02
1.617205201390607971e-01
2.622999401339840553e-01
8.926912342144937007e-01
8.673206858200197544e-01
4.201798310199966746e-02
6.337414144252180304e-01
9.266276729689185698e-01
4.565885570099980084e-01
9.839157783117825629e-01
8.222828479289882031e-01
1.752931525294754156e-01
8.967559150638131360e-01
4.313954071174230798e-02
8.665639250837658958e-01
7.922358432527499827e-01
