5.655419184958562218e-01
3.876789827203174221e-01
8.068661738315041632e-02
5.911746103363552107e-01
8.069085067708189341e-01
9.025802059449244963e-01
5.341089487665232616e-01
9.369640312255421710e-01
3.863645413910936632e-01
3.359294647427593095e-01
9.678048312031503064e-01
4.580678086133648241e-01
3.932195430393312652e-01
4.217559310216190127e-01
6.712334060279478987e-01
8.397291326357184671e-01
4.151452095585319579e-01
9.622895335670076378e-01
1.666825824236952691e-01
8.988944628894065536e-01
3.197024251744305934e-01
4.978556126262145831e-01
4.266628262059894983e-01
2.567658777783250468e-01
3.857782115295286252e-01
3.622411371320198858e-01
5.314273928779884582e-01
2.111213496557101665e-01
5.636660649176209459e-01
6.045148629999996803e-02
7.810881098581621274e-01
4.204349190807509240e-01
9.127143863429165727e-03
5.850700983549182999e-01
1.644250863862939394e-01
6.717834928031474195e-01
2.438547264789211466e-01
6.290735972498787687e-01
1.297910976618292800e-01
4.717082243099212091e-01
9.335082618027193968e-01
8.184701889502641325e-01
2.129776412900806770e-01
9.168333720938675047e-01
7.020225250267364547e-01
7.131900579155503461e-02
1.884597627938474629e-01
5.625309146179922060e-01
3.548268484127010680e-01
8.396918026306188221e-01
8.221430102708934262e-01
2.003513561919907371e-01
2.233295018587115877e-01
6.531935242745882109e-01
1.809338089525646120e-01
1.992127376185861554e-01
9.531261347674010453e-01
3.206034954498064860e-01
7.083304807189438890e-01
2.435373606603316032e-01
4.439289641080691462e-01
7.633434439909292379e-02
5.160450739547024490e-01
1.669955987881222015e-02
4.143433924480915964e-01
4.207946649715967880e-01
3.992151349111578984e-01
7.988802499546954206e-02
6.097946893043026950e-01
4.222271999925055752e-01
9.901816647223227186e-03
7.855285624861351179e-01
4.779602387743472347e-01
4.736376702377154135e-02
6.190378384061309136e-01
1.346893580657404499e-02
5.676435379860349517e-01
2.112333461515784050e-01
9.087716110262480385e-01
1.964330464155741307e-01
3.266204623905948345e-01
5.977212993345435432e-01
2.602496691402517159e-01
4.263038423853819925e-01
2.360528183214263276e-01
9.602746957713864662e-01
3.804851947819550828e-01
8.679967576921470140e-01
4.873685851379693235e-01
2.559502269499747129e-01
6.735095306919289815e-01
6.950482592625296663e-01
3.124350715174784021e-02
1.903082996248294245e-01
7.540853244965464164e-01
5.152746618517451971e-01
2.816121800614556081e-01
3.660825591796299516e-01
6.540282455564954134e-01
6.782056095242465776e-01
