6.291042007598665053e-01
4.224148142047693399e-01
6.069330561851515871e-02
3.625158729875858077e-01
7.773841398087322219e-02
4.778848995238920150e-01
5.609331208018722981e-01
5.658664274707267960e-01
2.759741445897503365e-01
4.223657632668575967e-01
4.492882814003305025e-01
8.656648060673332035e-01
6.600922783110890757e-01
1.806269445062766987e-01
7.708889252643109646e-01
5.543578616475954846e-01
2.910326306913323391e-01
9.854678107085284022e-01
2.819144138484754869e-01
1.204625684822929754e-01
2.158902377114936266e-01
2.034380958249688565e-01
5.323281070197302123e-01
7.955898096709979050e-02
7.820072944628319034e-01
8.275753388492335105e-02
3.792254001674637554e-01
2.298198632842554101e-01
3.408436437128267160e-01
4.939229992186580098e-01
4.833128298530465772e-01
2.204890233131073796e-02
5.868152053380873978e-01
3.383224244026382665e-01
8.670451605073201673e-01
5.486595591982483811e-01
1.941112270545115592e-01
9.853477294709258594e-01
8.099008773276450412e-02
4.422279205689858550e-01
3.795458507583548968e-01
6.905301124482410291e-01
2.207166453865511135e-01
8.970419522654593525e-02
5.325633321045938340e-01
5.688308712547774926e-01
5.862788124494181519e-01
2.536341288043539866e-01
2.899392819029353863e-01
3.662181279491092400e-01
7.209845436480868397e-01
9.737730745083417183e-02
1.154436772406425282e-01
7.201993161275292987e-01
7.227361720733893602e-02
2.465203781113219916e-01
4.879039143507762910e-01
6.124832586563007109e-01
2.640210039569231837e-01
4.749039929846666785e-01
7.038966686535487183e-01
6.381406238433524614e-01
9.681602208414276101e-01
1.788026578563013391e-01
1.867735449712437656e-02
8.613055681522756579e-01
7.203941468743187970e-01
4.579287540387915190e-01
3.592702248568139245e-01
4.723558400069995944e-01
8.038458513609839651e-01
3.723032677816773273e-02
2.633481428230888266e-02
1.506352529206911317e-01
7.917010989676342980e-02
8.838348970901093171e-01
6.932738579078555619e-01
1.123222716042253655e-01
6.003955940355855114e-01
5.925980409037515662e-01
1.032169736120471804e-01
6.924723793602367561e-01
9.081547324585437231e-01
6.941647672285451431e-01
4.651819194159785287e-01
1.101956291949165445e-01
5.398692062758655430e-01
4.999577790600312488e-01
9.609274705759895951e-01
6.613646617798165650e-01
9.204714176240802459e-02
8.977025083551163354e-01
5.324467910962435990e-01
9.943197201292208742e-01
6.998738155867573196e-01
8.726109891317314071e-01
8.156432279073833058e-01
9.897356939147642363e-01
4.802217962581377675e-01
9.875252788379729196e-01
