1.642828463434947706e-01
2.759014122786104251e-01
4.140987002752085644e-01
7.595780256710634726e-01
6.482257985762046593e-01
6.813405134070918967e-01
9.246598132316506957e-01
4.947582107578923916e-01
7.390553186262526220e-01
2.073560414836271848e-01
2.221013789191725873e-01
6.660996444342368594e-01
3.182066637265168474e-02
4.830451958847048477e-02
8.740735349001512722e-01
6.317134875272445438e-02
3.800323875251253591e-01
7.226376515584443938e-01
1.755147461622672544e-01
8.188727697021084273e-01
2.550998350093058864e-01
8.461632014505323651e-01
1.953713769132661149e-01
1.173701912262297142e-01
3.478166496347452341e-01
4.364381331469673331e-01
1.151355621015882624e-01
3.385919872330124258e-01
2.972510823188433404e-01
3.479694626939269231e-01
8.179251769310007525e-01
6.662055223044381913e-01
7.593544697467173865e-01
3.282314905493541879e-01
4.163608885154632677e-01
6.359529137154992240e-01
1.378213042061529059e-01
6.227368194070513896e-01
5.148376662095033307e-01
6.472952944846398493e-01
4.862794137553372309e-01
6.128375920487197925e-01
4.205876662987643178e-01
3.610549355220412648e-01
4.287925791206832482e-01
9.882528558119298978e-01
2.885544108987900813e-01
6.102821762121539706e-01
4.367815825891979697e-01
9.790513033934451492e-01
5.429628293886068491e-02
6.232984694648091573e-02
1.434864927789077926e-01
1.017597544414478028e-01
1.854618776611460795e-02
6.574765592174425244e-01
1.256680912492125213e-02
2.224656082778950772e-01
3.631748525294694607e-01
2.515980326078282037e-02
2.034899701377284043e-01
8.040170561500867841e-01
5.697093450888283117e-01
5.311377320692440840e-01
7.476738645151603802e-01
1.250278319239493952e-01
8.908498933430882838e-01
4.991250898022955296e-01
6.534699314437011353e-01
2.124087458786346749e-01
3.496177461142780940e-01
2.105045456699446982e-01
6.372760148751392961e-01
9.539669846144320786e-01
8.975505096301349406e-01
7.802886458876774345e-01
2.672913407449363232e-01
5.411854644260462033e-01
5.299752164146199762e-01
9.500164631919421065e-01
3.839110148993810645e-01
5.695174803362947902e-01
2.072517307197904168e-01
8.016576694325671104e-01
2.715584192190640955e-01
8.527250627624100021e-01
5.028901164383250411e-01
7.182943914114962025e-01
9.498623005646278372e-01
7.773725267999362920e-01
5.196568727841941460e-01
1.342854059341280770e-01
1.549707930045055582e-01
5.141112486735434084e-01
1.051673156377653795e-01
2.038443988262506057e-01
4.129301019758313540e-02
2.866080398973418486e-01
7.842771383355495729e-01
1.295421083789369820e-01
