6.894731131608511365e-02
2.060112494280025297e-01
9.580146618835426731e-01
8.185595021403918592e-01
2.912207618245822305e-01
7.022181007500262195e-01
4.810096263231912195e-01
8.274496350789609656e-01
6.954975738621470560e-01
5.859395030940961480e-02
1.743625382822637793e-01
1.819389318339245110e-01
9.889437087849918262e-01
5.419330954492308505e-01
5.320755911458215914e-01
7.515459586458737018e-01
7.698520632544120224e-01
2.072251499754538262e-01
8.034724086231121998e-01
7.849896492199042175e-01
3.468975850557721730e-01
7.838599808353343690e-01
4.042777331117531903e-01
5.639427544849036078e-01
9.496345699257477957e-01
9.396618834146642785e-01
1.136101277650820585e-01
6.845247378145168371e-01
8.842481288872012790e-01
4.925557586873374749e-01
1.789248275206057892e-01
7.628156716327316733e-02
1.826464869606874153e-01
3.576999350257072940e-01
8.116220634109660992e-03
3.608525403319009506e-01
1.666577361840435589e-01
4.962596594113748427e-01
7.646819259170334337e-01
6.394244318603100607e-01
6.590376296042426141e-01
1.333578738571806754e-01
2.082947432037665081e-01
2.177837835912777020e-02
8.892246327341937207e-01
1.514531811827469765e-01
2.436923294718985611e-01
7.761996576747771659e-01
6.762423104919634831e-01
6.151682882981940326e-01
3.875325689851818467e-01
7.993682384897708992e-01
8.525011620014542046e-01
9.243141223806679019e-01
8.136153861834493073e-01
1.490623668132707857e-01
1.876983117879105212e-02
9.311467385667702157e-01
8.281009469312056170e-01
5.079625626500038349e-01
9.878337422322648331e-01
1.644253982448113938e-01
4.398610990257957321e-01
2.440420624950916384e-01
5.301325264264886705e-01
4.332297032582782537e-01
6.790115023993186227e-01
2.522764671711593687e-01
4.251422110643254815e-02
7.525814428270458656e-01
5.700717197842931627e-01
6.488419316461802033e-02
4.908102698381938689e-01
4.794595842819083797e-01
8.876943345861321166e-01
2.582420162268328490e-02
3.369775406861567069e-01
4.376676092576134991e-01
4.608637378570494825e-01
2.433456264619032750e-01
3.238919664624428929e-01
4.167537085377155393e-01
7.403429002068584452e-01
2.930697587707463692e-01
7.458096623327689079e-01
3.841392472722477969e-01
7.734299293834090427e-02
5.139219516747339789e-03
7.221687370121777638e-01
4.586070246171496390e-01
8.194579042676776170e-01
8.502460166156768917e-01
2.133783912909572589e-01
5.592363696175149945e-01
3.956402799415259519e-01
4.234785325318052296e-01
6.628834995041124056e-01
7.731249740694020600e-01
6.993058769656128604e-01
4.494665198061486011e-01
