4.410343203282294233e-01
9.325875585975054172e-01
6.253062899366790273e-02
3.259533991676721865e-02
7.686633355515160027e-02
4.351253309537417291e-02
5.759753127876108270e-01
6.777835711361913651e-01
5.853805320410967461e-01
2.706036836970745485e-01
3.183126897918908682e-01
8.412430807022716062e-01
1.349584724632445498e-01
3.401153801585661274e-01
5.355351968046884181e-01
7.834657878844493162e-01
3.132587691888598647e-01
8.942127709202722929e-01
2.396158067255926838e-02
7.272391718454365162e-01
1.533721233208075185e-01
7.963411307670241746e-01
2.410284878782398277e-01
8.001445516618499454e-02
8.150234142888668210e-02
5.528692166007176390e-02
6.483802213653472313e-01
3.430384197218098175e-01
9.219778518924947042e-01
4.147131137632369402e-01
6.428107965501862475e-01
4.236564577412735844e-01
2.044667743445607311e-01
5.865564752629647272e-01
8.816668358730997967e-01
3.795898561632583545e-01
3.283526649889563220e-01
1.922512891698650028e-01
7.801188413376103359e-02
6.498081376057884828e-02
9.158405386752522803e-01
3.614535686527735603e-01
9.103830608518060918e-01
9.862986611589428243e-01
5.828786610679096425e-01
4.962597872016295542e-01
5.105269092698334621e-01
1.571063013522616680e-01
6.837979926843739120e-01
7.175881872951271889e-01
1.305241856146925894e-01
6.808484670417297435e-01
4.443794722760991966e-01
9.613565368058535343e-01
4.361214162931416061e-01
3.458303678841702089e-01
6.295039803801127931e-02
5.095709079931243224e-02
9.470730950995780439e-01
6.374688551895157929e-02
8.294857000490279964e-01
5.501617280342385730e-02
5.053357619967716596e-01
1.541886592537630163e-01
9.385516795779405008e-01
8.614297508904400491e-02
8.100700452726815604e-01
9.964157454492760246e-01
7.255230852878720160e-01
3.716342101414069621e-01
5.307758595157894277e-01
9.998312712276726799e-01
5.383094263510675992e-01
6.719650495989876182e-01
9.978482307274518792e-01
5.648553671717283509e-01
9.674707430632581984e-01
6.480484555318415385e-01
5.042182624459219387e-01
7.813701224538593948e-01
3.442449480555787034e-01
3.091472611798193881e-01
6.897921030427046629e-01
7.101229826219755958e-01
4.979813059810912490e-01
5.523027899032246779e-01
9.585054865176035888e-01
5.277818949759833789e-01
1.344746543106922765e-02
6.834561454700074368e-01
3.592424231829319803e-01
7.851128446639257241e-01
9.256132914932667655e-01
2.803519625457608910e-01
3.788789336991992274e-01
3.229277228931525245e-01
6.052480058406537466e-01
9.197492000967806280e-01
3.762681918792465385e-01
8.455052385854316954e-01
