5.299539462078352026e-01
1.896192694997754780e-01
4.452746291561385794e-01
4.695691370406680498e-01
2.854846930370814606e-01
6.586286637988060244e-01
9.805320227136412603e-01
8.070960938543441099e-01
5.318327856624143202e-01
7.351686817773485094e-01
4.553782030111638290e-01
9.336564487731457973e-02
9.583446488083610104e-01
5.223505079144509233e-01
4.768389075112619002e-01
1.965634590124287762e-01
2.951077313587896489e-01
5.921161879998957378e-01
2.348572027618655023e-01
1.293308624599904810e-01
6.153829756260785766e-01
1.988635855855221957e-01
5.306390694307214773e-01
4.836913715047544970e-01
8.049304972329786034e-01
2.656254767010344242e-01
3.736191472002858838e-01
4.588923652588453583e-01
2.329562784507585027e-01
2.694635118553800890e-01
2.860557869254296559e-01
8.095441515843458946e-01
3.502887423034029002e-02
4.678735302047698497e-01
1.010699188314124752e-01
7.576730963474100911e-01
2.100366951694789819e-01
8.103647740581249037e-01
2.324375742022518621e-01
2.911115404964376152e-01
6.108368309244224248e-01
6.557261993416076962e-01
5.830851286993209426e-01
7.942933725881162754e-01
4.017825009594685470e-01
9.711495973238331025e-01
7.500514520814517416e-01
3.792585456327037807e-01
4.889636676938680093e-02
6.364672642469616504e-01
7.533383633244805644e-01
1.148351679621607557e-01
7.927424288104453209e-01
2.268604884762821516e-01
5.433946519775733064e-01
9.070863017765455893e-01
2.745052801736280745e-01
8.272007711837530142e-01
2.405504419042643338e-01
4.665372221068468939e-01
9.934124821053980092e-02
1.779119286945304301e-01
6.578983349168165962e-02
9.350490427730380194e-01
1.103882543305373387e-01
4.607098175745961699e-01
1.020064168807113258e-01
5.110475515482777453e-01
8.138724900285655428e-01
1.040094254659620354e-01
9.593788006202649266e-01
9.917897994129288852e-01
5.883238235856905751e-01
9.309773658841541399e-01
3.408885308908886635e-01
7.392674797105296403e-01
2.531491973979450583e-01
5.664960620133686620e-01
6.888744110935833831e-01
9.347746728607270184e-01
1.885831824921746502e-02
1.898600829630778808e-01
8.457511738577382365e-01
3.271835186297036291e-01
3.455945519173864167e-02
1.259464907690547308e-01
3.440508112659294016e-01
7.690085300411806379e-01
6.952402414211431569e-01
7.035616520693044329e-01
8.677663389083989376e-01
2.044895715276714432e-01
7.237265519466673513e-02
1.648563546677972447e-03
6.002229023263134788e-01
4.268711397736026925e-01
7.098417052214520684e-01
6.906566726313043691e-01
1.973458702141867027e-01
6.447307358455867110e-01
