5.837442459583871424e-01
5.959019446920353902e-01
1.495139014870938698e-01
9.636275119501191977e-02
3.569267305161383241e-03
6.655628286681657402e-01
4.514764060232694387e-01
2.433595285127606589e-01
7.725635337709059192e-01
1.030575916356014643e-01
9.528587885610665387e-01
9.431217622860578187e-01
5.128542236492984463e-01
5.542979541143288058e-01
3.221390841432792973e-01
9.097393111250480224e-01
6.552824790952227474e-02
6.239228439569266538e-01
7.735409921275969714e-01
5.209740963933562341e-03
7.566439037352914454e-01
7.665331085672044686e-02
7.584161954086144908e-01
7.636171011427285160e-01
7.996732407571752743e-01
5.967403054590597611e-01
1.891465699221006602e-02
1.519816480365281386e-01
6.467098909114021854e-02
1.091751244735017501e-02
9.114286243568913148e-01
5.341483234197048624e-01
6.925672627174822571e-01
4.305410647333476337e-01
9.247226256955872747e-01
7.648271509042326999e-01
5.074552240508924950e-01
7.087815720550936227e-01
1.029655664619654187e-01
9.988613050443290176e-01
9.480054793952058523e-01
2.212377946859207523e-01
3.100833322321830954e-01
6.240133652084856042e-02
3.652938528052097622e-01
7.203278775273419532e-01
7.929337298249493626e-01
4.635089223868090746e-01
4.479129665878549549e-01
6.572619994032994351e-01
6.654923174511258033e-01
1.263942849608244989e-01
2.196992831113300237e-01
2.909497875585723703e-01
2.850490745673348592e-01
6.198659497869288826e-01
7.676533480098172157e-01
6.407302329880806280e-01
3.186302822230826504e-01
5.611210525140690741e-01
6.078646798721147881e-01
9.007254280198163654e-01
6.659898590601601720e-01
9.689137725128925682e-01
4.307489236798867083e-01
9.914243996808497217e-01
6.856953073265775744e-01
3.629306564324963347e-01
7.809574128482615896e-01
7.245957314389610548e-01
8.686001075726149656e-01
1.182102840009559008e-01
7.735284377710902604e-01
6.731674109225099789e-01
4.654759346901353734e-01
4.917430108201303884e-02
9.562363639157667183e-01
2.969301719553860686e-01
5.163817917768631638e-01
5.320092608148095925e-01
6.419403089966636555e-01
7.173090959233291430e-01
2.307945549884005132e-02
3.280262842647571064e-01
5.440943701344047589e-02
8.666650935113200394e-01
5.933591515992638898e-01
8.342884793929079557e-01
4.715322389209457565e-01
4.159267817138512235e-01
1.246082306637837922e-01
8.685849374521978916e-01
9.151559326818473616e-01
9.866464502499667777e-01
6.582601494596242997e-01
8.945654173982434676e-01
1.916805823300785638e-01
4.846315119859386789e-01
3.255111981036903357e-01
4.680377814801106595e-01
