3.722157253950841849e-01
8.069573311926858672e-01
3.211692968053305730e-01
4.121518054706401202e-01
6.356109135362872919e-01
1.155046647010660177e-02
5.676160890331780617e-01
3.366195204683961606e-01
8.242124582812599964e-01
4.933518241022174511e-01
6.576046050270287768e-01
6.409605270835779800e-01
9.221110758034833932e-02
9.757688118248666331e-01
3.336126305496537325e-01
1.988696032641812383e-01
3.447867828657170675e-01
2.450867671949662485e-01
3.485819823663111050e-01
7.009052839706282345e-01
3.023937017098865532e-02
2.949724997230669388e-01
3.218122048389620016e-01
3.804747206552623329e-01
1.051899698836312735e-01
5.483936840368345278e-01
9.305858748230598776e-01
3.338012495290287873e-01
9.814009756169417287e-02
6.987253635575981781e-01
1.940249882381808177e-01
6.901205896685872476e-01
7.581976329721754615e-01
9.270225448525234446e-01
3.165833712203905970e-01
4.705581520882086144e-01
2.603005445108049765e-01
8.904315337453619916e-01
7.502562073338228110e-01
5.962272102313314059e-01
5.090108091802733048e-01
6.894874352030528897e-01
4.174494258766868748e-01
3.282575344526703631e-01
1.550724470911265529e-01
2.278546526952305307e-01
8.888827125611249436e-01
4.992461669524325130e-01
9.649175288937024142e-01
5.030888651127224387e-01
2.585313310923809116e-02
1.690959202668405048e-01
9.530610663131571236e-01
8.617635097194168425e-01
2.272971709928159889e-01
4.173000929127611558e-01
3.863755072291947812e-01
5.152812249515851262e-01
2.219676062776757552e-01
2.051002814558809950e-01
7.604942597090917911e-01
1.342373204054247982e-02
2.146988574867527699e-01
1.178652550434917679e-01
5.362610983379502150e-01
8.050497309674164992e-01
8.639115845463254395e-01
7.276428063035988991e-01
9.618836683819390609e-01
1.478351686554864042e-01
4.663873262402048470e-01
4.687183122554210435e-01
8.952338412994269579e-01
7.789942626347579058e-01
9.087124310632709312e-01
2.542467757392899985e-01
3.648735229880006870e-01
7.831042199757665134e-01
7.180644948707451958e-01
9.609063216578914712e-01
5.358834977744789674e-01
7.815409784385708436e-01
4.500585152525201638e-01
2.208728970934186187e-01
9.077585418794275052e-01
1.172130399399804457e-01
4.693851146061329693e-01
7.093267542316971097e-01
6.478774049235900279e-01
1.300251186880078125e-01
8.439108513933654132e-01
1.692741181493507829e-01
8.940569476587466591e-01
7.136578022886511663e-01
3.346417448691823004e-01
2.884460143744139726e-01
6.184424601278987188e-01
4.560439593558794913e-01
1.823153673772268668e-01
3.411248226775309700e-02
