5.771625716889440261e-01
6.828142581484953899e-01
8.567836252443620237e-01
2.006401024230133334e-01
4.034549794319650662e-01
6.808888224818374635e-01
9.841060691680199035e-01
1.481082013312973178e-01
6.909709151088712087e-01
8.054914647986787246e-01
1.823468415512041751e-02
1.124150481450347794e-01
2.368296243056082773e-01
1.543841349452312883e-02
4.383053194998023372e-01
6.990905957178535912e-01
9.857123515004846404e-01
8.241168446750820609e-01
3.614066592340561268e-01
2.825563295582196321e-01
5.728107087434396449e-01
5.427959751944736455e-01
4.431615273225153473e-01
1.027847518470520471e-01
2.927493256281599177e-01
4.391478151926003770e-01
5.603392969720847328e-01
6.194047930370022437e-01
9.264721748957769343e-01
4.319095358927939055e-01
8.570061509376935005e-01
8.667895760737246436e-01
7.589998986062629349e-01
1.473118234401482596e-01
1.782750845103510118e-01
3.259851612386706066e-01
6.275757260965575401e-02
4.890698506099216969e-01
9.326853106732041487e-01
3.845520617100735006e-01
9.543821096397401282e-01
7.968776603540361769e-01
7.907579009326854980e-01
6.122698470071619159e-01
1.077261591008248365e-01
8.117521926878457084e-02
9.931233939408967704e-02
4.713505397818041898e-01
5.101496265198738334e-01
1.224936222508925532e-01
8.268256829543056963e-01
2.623405532708559251e-01
7.283223850566321600e-01
3.986350570565293516e-01
6.657744288981185532e-01
2.865379446760920601e-01
9.614992861254921808e-01
3.432583887724406368e-01
6.003553672300216970e-01
9.769100953331297799e-01
8.265148707387022231e-01
3.593783690729839275e-01
7.049309288069678381e-01
9.969855281861926821e-01
7.773866728669979187e-01
2.291443912357192803e-01
7.445601708206064373e-01
6.750243202598976699e-01
4.942489207744205082e-01
5.501204139159169282e-01
7.884353410039980359e-01
7.595072478662620030e-01
4.170174535158827078e-01
9.124546673584251755e-01
8.491659098192375632e-01
3.788270783595828473e-01
8.568502462246274654e-01
9.705079280277115750e-01
9.150773259806929127e-01
1.176813660598241551e-02
9.433533551353295854e-01
7.901047523976122422e-01
4.938429781054128886e-01
9.747901819745609098e-01
4.612378298975516877e-01
9.645163510664267470e-02
8.612733960654088694e-01
4.887460268010334064e-01
6.140877720704177589e-01
8.513037570694784728e-01
1.129358625239547109e-01
9.240002541342522413e-01
2.165125276861855630e-01
7.948819242748911273e-01
3.864293212405450761e-01
8.095681421403874145e-01
3.714407574031882708e-01
3.199763541081244167e-01
5.775037971165078998e-01
2.358178719442116655e-02
