6.959746044314587543e-01
7.771804260194322689e-01
4.703693119052001492e-01
6.226038442832690922e-01
2.944262329438134262e-01
6.163923537557007837e-01
6.440937368592083434e-01
6.524854430125096583e-01
1.392344732330911272e-01
6.221719100551503789e-02
7.513731387460074185e-01
7.368671506920188019e-01
4.273574754841802381e-02
8.717877030207578093e-01
5.242486746137845488e-01
5.596897444048820613e-01
5.382844794820506040e-01
4.068768454996060102e-01
3.891170801421872660e-01
9.967562322836098776e-01
5.540392038155206311e-02
1.432158493507732500e-01
1.138107458243179382e-01
3.914577539859744881e-01
2.602036152103790467e-01
5.497342142722921876e-01
6.577359655175061270e-01
5.159947631135226587e-01
3.434399503547930221e-01
3.618927913712853828e-01
8.289453980052892135e-01
7.984106967176041181e-01
4.401908807915750899e-01
3.144284092112618056e-01
9.087329126035628146e-01
3.637320263218997152e-01
5.686174355263441393e-01
9.283567218301564949e-01
4.284079856801582542e-01
7.349936498227553905e-01
5.320802619432857261e-01
4.470868050823868511e-01
1.049539024971672951e-01
9.389514036040080835e-01
8.587414571028483268e-01
1.612756748919137451e-01
1.899306878467157400e-01
3.593054473832257845e-01
6.758285462375747121e-01
1.101359673005488649e-01
7.162686758853881175e-01
3.873617442271025668e-01
8.882631671908375326e-01
1.748428587932397971e-01
4.956749716933560590e-01
2.437502238888341610e-01
7.590721581235999604e-01
4.455752761090547853e-02
9.911414269629735818e-01
8.691556657887768989e-01
1.561146083309483679e-03
1.652617425637051829e-01
3.920777278038611868e-01
6.189421586992173152e-01
2.739449976130309272e-01
1.371803731460696785e-01
8.963159636901918415e-01
4.708169299137342501e-01
6.544462731496014651e-01
1.663516640264952606e-01
7.234560786759210993e-01
9.442123820368091280e-01
7.190779752146650994e-01
3.405017656688780203e-01
3.946190209660421777e-01
9.194980480463996741e-01
7.436218790680817481e-01
6.187897339891595960e-01
8.795263202986001172e-01
3.258312862403203169e-01
9.934205747900317629e-01
9.333768748612258914e-01
7.854997959114791151e-01
3.793028208359962017e-01
4.149829463340175550e-01
7.451600383345087231e-01
4.882978127446058192e-02
2.598402193816141681e-01
6.727920975368475442e-01
3.141358041960284897e-02
7.481439026133612780e-01
5.027704733539454240e-01
6.413019807335030853e-01
2.359870605394683851e-01
8.810390335551366858e-01
6.366522789304513985e-01
8.739799518552823221e-01
3.820663049529671174e-02
9.307998003120347974e-01
5.828778955628775016e-01
