6.343563008361932098e-01
2.376192501991559736e-01
9.039253743110343686e-01
8.658936937612707885e-01
3.507714728914493874e-01
1.064752404497237848e-02
2.106686655609455450e-01
6.518743195036402760e-02
3.547493311143625760e-01
3.640228825961383530e-01
3.336464703726904624e-01
9.831152864542294090e-01
1.398254344322744647e-01
3.967523456817884098e-01
1.287155359629068574e-01
4.874856236544792276e-01
9.270676353442093287e-01
4.507061483609778874e-01
6.469154638131181523e-01
1.628842907016151420e-01
9.634880500027767081e-01
5.307943750585097931e-02
6.841190386597351125e-01
4.077234792527854035e-01
5.701095001704680199e-01
2.586827055213940518e-01
3.239121171048412462e-01
6.044412871367725870e-01
1.479242061807238828e-01
7.238815936176994370e-01
3.135628840030728615e-01
8.614444628783798352e-01
1.542828349306401003e-01
3.897547418490846516e-01
5.882891033533987901e-02
8.046100240525492220e-01
3.562669014714140436e-01
9.753654732313685738e-01
9.921345963475577401e-01
9.946145670595126775e-01
3.611928974474443166e-01
4.575189438108866469e-01
1.019886893187825772e-01
3.500734348928584705e-01
2.337446994428538094e-01
5.008018834655282303e-01
1.911197718445498683e-01
8.337492705520255232e-01
4.410354933366522623e-02
1.237504837969249927e-02
8.377418550386194207e-01
8.109023817927112354e-01
3.682128608865620212e-01
2.434843158306400079e-01
2.508492391247094666e-01
7.264901279521580602e-01
3.720483507529500633e-01
3.354232607419370682e-01
9.103630547047754096e-01
2.727455536236506051e-01
1.543589563573700696e-01
8.000447317498212696e-01
4.063281108826160004e-01
6.548538716543162996e-01
9.428267259078626505e-02
3.838916325242018868e-01
1.913938833082806656e-02
9.731460877610945692e-01
2.151061239882229303e-01
1.989133970746469471e-01
7.069463341955505298e-01
7.567049652661216319e-01
8.096674000334208587e-01
9.912359442270417542e-01
7.087746317527594542e-01
1.536344173106111155e-01
4.356086533641631009e-01
8.043095855754145429e-01
5.854306591269980986e-01
3.308762600697587875e-01
6.512497198410286403e-01
4.544119713023362372e-01
2.121360979740439801e-01
9.012392164075768708e-01
6.189944787888870259e-01
1.572359887437345671e-01
4.454702445418127210e-01
7.995192088825870957e-01
6.204881399203768799e-01
9.919962714402538184e-01
8.753121024569245900e-01
9.981575214158530107e-01
6.726599490648138557e-01
4.886766490160688869e-01
8.556919979414772115e-01
3.804287495706015765e-01
2.918470184187569316e-01
9.981058351727968292e-01
1.746736032701274866e-01
3.062895678351846840e-01
