3.678977557363302120e-01
4.049583668233768252e-01
5.179382090886094359e-01
6.464912553934710759e-01
8.488085349884425534e-01
6.822292720975384750e-01
2.602429388105564900e-01
9.505924605568493169e-01
4.218972833401303246e-01
3.973851065586908593e-01
3.179241888029387120e-01
3.246641416492440646e-01
4.046047228368333526e-01
5.205298965146764045e-01
6.030581255189393364e-01
3.398537801809216052e-01
1.431827015640109169e-01
5.401821023310418024e-01
3.968814246078531394e-01
4.180955880327368313e-01
8.272074591086374662e-01
9.801926285674944506e-02
1.265684581183313950e-01
5.064211190125812445e-01
7.405690467797215737e-01
9.683194124035635619e-01
8.955282626207906604e-01
6.278842656235988917e-01
6.045033605599318127e-01
7.028422381620491599e-02
6.134266513077553107e-01
5.037893556904216030e-01
5.775185574259046328e-01
7.376082953862539426e-02
9.881961452573870819e-01
7.818432746850969561e-01
9.302912653794621622e-01
6.294415717587965586e-01
7.523432242387422253e-01
8.123156922152751092e-01
8.249992481922822085e-01
6.783474006542755674e-02
4.156787386447939880e-01
2.725308488497242276e-01
9.576551916788755836e-01
5.163040754116866582e-01
2.376114982128405551e-01
2.279447964200247423e-01
2.086220028368210855e-01
3.339677067458878268e-01
4.535051354534331836e-01
2.193322795221406274e-01
3.619764262288911461e-01
8.000860524828730114e-01
7.656873467528070298e-01
7.456741330511003074e-01
3.023328880362227133e-01
9.951992211837049629e-01
5.887677521031734473e-01
9.747255204770813863e-01
4.938977305032139498e-01
4.956235159468846962e-02
6.113502641836452423e-01
4.643607207372333345e-01
9.053918299638247236e-01
7.454275882562293454e-01
3.050385210246087109e-01
1.190363181679855442e-01
8.046341672307270043e-01
5.704762612565056346e-01
2.090060876459880479e-01
8.914163624774968930e-01
6.235180408540971220e-01
4.718140307463776217e-01
1.762790720999233285e-01
4.650035744630193202e-01
7.646447639402523810e-01
9.720969097123387526e-01
8.187674744416092443e-01
5.360606496410382782e-01
4.565514723591090895e-02
4.880464922174865272e-02
6.069203855912604917e-01
1.955012383973468992e-01
6.057451700270943817e-01
1.878077436107165044e-01
6.944018264756879333e-02
7.030927203189105690e-01
1.452578464543838876e-01
6.051445742838107433e-01
3.274949436899896593e-01
3.976974004004073526e-01
4.952704236778658897e-01
5.973048748769936855e-01
7.789387335692156134e-01
8.793714270694688029e-01
2.423198560288410963e-01
9.688506591598688988e-02
6.684218555428861341e-01
7.188725720839418409e-01
