8.012518932136524219e-01
9.132411357824790077e-01
1.818916713309463029e-01
9.785371325947914700e-01
3.641733233935224856e-01
1.611615803871594421e-01
5.271105639160444944e-02
1.328048020559691178e-01
5.096841757708434617e-01
4.570980611831827467e-01
3.198693774318845939e-01
4.002036348911640617e-01
2.676066395915972507e-01
4.377841283762715641e-01
7.628822845668964403e-01
7.128081921291763434e-01
5.651947672943750112e-01
9.952607338491226141e-01
9.424846130739651384e-01
6.377392968341716317e-01
1.986901078276581689e-02
8.755016497417815735e-01
4.223072212129419523e-02
6.638603657532349267e-02
5.904143922997184823e-02
4.204287749188149181e-01
3.013957766240594749e-01
6.245643963141253030e-01
1.276600977862788477e-01
2.859164742197495279e-01
2.593163913223910377e-01
5.926974684287183992e-01
2.652798542104052304e-01
8.887132949029140638e-01
5.810072731775212107e-01
5.192247315882043690e-01
6.401087579796032045e-01
9.666946230747462954e-01
6.502838719334852469e-01
3.199434260796052421e-03
7.482816922160532291e-01
3.536661056121801483e-01
2.373036237651248159e-01
5.726239518060788347e-01
5.545715578537351309e-01
9.464123502282673073e-01
4.341671980001703401e-01
6.127216237211854377e-01
1.250969030923428926e-01
4.768602083215122134e-01
8.763148327979237706e-01
5.291691600429666575e-01
3.484374020444498399e-01
3.999852369840981581e-01
4.008305393060808131e-01
3.990622118895931214e-01
8.723870303592925479e-01
3.784243875725080697e-01
3.752133081791383384e-01
6.821229945578639597e-01
3.911223787938729046e-01
9.874775458678203277e-01
3.083163994997650814e-02
4.523590172106783935e-01
3.933834692458993976e-01
5.147250786346424523e-01
7.200537822080927963e-01
2.046340281790796078e-01
9.518463749446185451e-01
2.995086225084294673e-01
3.046634519664087604e-01
7.177465747004082575e-01
5.348555174035500848e-01
9.306924992048246637e-01
7.449798547429716811e-01
5.747308907676381695e-01
4.762563737643354944e-02
3.367998783372712079e-01
2.820878067257349686e-01
9.153673122683052554e-01
3.865925742841288537e-01
7.636790645335258532e-01
7.834514908381358111e-01
4.647459211105529064e-01
7.012472576732192708e-01
7.071295835663490292e-01
9.168229196044551665e-01
8.121946371686509236e-01
5.990761136802116305e-01
8.371433793947813395e-01
6.438756912823941914e-01
7.019436255084001708e-01
3.932256988451414692e-01
6.654863923696580086e-01
2.431384953030759632e-01
7.853574604959667749e-02
8.725141656817070324e-01
5.056762482395221747e-01
8.974856861397167984e-01
6.957036171057918716e-01
