7.369395633029895976e-01
3.966643342036968445e-02
3.545983419481428811e-01
4.811991185920913017e-01
5.661340138968178337e-01
4.447234665560666489e-01
6.951930491007474178e-02
2.106226734443923387e-01
9.023667355344574537e-01
6.813318743615266460e-01
6.474515446251305484e-01
6.227599846152834795e-01
1.033504060585800355e-01
5.673147213028283398e-01
7.115005614741005679e-01
1.926948545642274135e-01
4.303959084706839855e-01
1.900740496063735296e-01
5.077155685797778428e-01
4.909606128344803366e-01
5.567907856393515820e-01
8.014964886746230865e-01
7.210203937740059521e-01
1.361082553456097743e-01
2.164245885537692260e-01
6.526555537840990073e-01
8.206066540503393902e-01
2.200914189241400809e-01
6.776436285636622259e-03
4.041941460441397238e-01
1.589114210742527122e-01
1.363248129457108604e-01
3.829922293731543581e-01
7.723191470240553524e-01
3.993581980414627752e-01
2.538487696980287200e-01
6.242230457746579253e-01
1.661292247198304928e-01
3.864422212383296085e-01
6.310792840123351510e-01
3.365880578122483202e-01
2.061575170516617428e-01
6.759399525239817574e-01
9.698970809206546306e-01
9.844361937885316438e-01
4.038538127221894536e-01
8.472619088425036304e-01
8.044511467373393065e-01
2.617547506424997561e-01
8.787117227804159825e-01
7.670155495321153705e-01
2.114569189386538151e-01
6.740814430352619624e-01
8.037699276638294865e-01
4.777553353510202161e-01
3.925455223065585919e-01
5.617003567066896075e-01
1.601408404026578580e-01
6.199045119607863308e-01
1.615624396978382338e-01
2.723140667958501293e-02
7.943278584615699467e-01
4.660466977873376493e-01
8.554409402165868981e-01
1.938773325509952627e-01
5.837230272688401778e-01
7.333362371716545258e-02
4.171780253235179980e-01
6.708163054823679250e-02
9.721124906013078881e-01
5.784130105209384087e-01
3.592871667298218608e-01
4.253636791562042108e-01
6.933824795121563689e-01
9.003746824023811657e-01
1.900399012371323249e-01
7.904549250692007867e-01
1.016394942369114318e-02
2.674462952436804652e-01
8.726149548524879673e-01
1.442008477971602476e-01
8.512160638435960491e-01
1.118481760943925707e-01
6.953846885113957876e-01
9.943967114689474807e-01
2.198922013818327414e-01
3.836464161010106899e-01
6.665770102004324738e-01
6.982319497602333946e-01
9.775517974313376879e-01
1.478534424257071933e-01
8.280904589987341247e-01
3.238991288964573334e-01
5.670357214499186504e-01
7.896681307097364044e-02
9.960744475155349775e-01
2.150102151447591536e-01
6.672318463953111900e-01
1.474200367907427811e-01
1.590494067773225995e-01
