1.788914133843827470e-01
2.473607620974268562e-01
5.904247252932661727e-01
2.526049168348031282e-01
9.420854250229515614e-01
9.582778454322715689e-02
2.771203939685489281e-01
9.359124253586884601e-01
8.831760813135033361e-01
1.378672400746788762e-01
2.122468129019282612e-01
3.870697524623772923e-01
9.465796172396561126e-01
8.056895742168427299e-01
6.698769374040602909e-01
1.500433029022520959e-01
8.388687924227873349e-01
5.634313097178667018e-02
3.600586197338156991e-01
3.517418144579340655e-01
5.040133740950004659e-01
5.496068242592802022e-01
4.957567739599544332e-02
6.921523458484272195e-01
1.785328572039299733e-01
6.576955858716487802e-01
9.243072466721833358e-01
4.888286430948656225e-01
5.766041866078212008e-01
3.510853866085003050e-01
2.694536455699046984e-01
1.013306390710488891e-02
4.357541253972363471e-02
8.499652844010330277e-03
2.013236134648554998e-01
2.527158442925079296e-01
3.794783459632296019e-01
8.996933701334449696e-01
6.113961716376723476e-01
5.974061488482665938e-01
9.972390337788161752e-02
9.145515302734721352e-01
9.611483517642251950e-01
5.684631721266779625e-01
8.339374133993024962e-01
2.361173132423831644e-01
9.628691358984929893e-01
4.035269920663721033e-01
5.313681455676366738e-02
1.738185589502968531e-01
4.282979628546068618e-03
7.087627480506534239e-01
7.976770260118577482e-01
2.980343567814600636e-01
7.643158108305098120e-01
7.931244582206088412e-01
9.295894727171157834e-01
3.318192895620536431e-01
6.732481269977519389e-02
8.684039947645105784e-04
1.466759350710998833e-01
4.307846991328750930e-01
2.310325827323341796e-01
5.182610035696587625e-01
4.575637270513303045e-01
6.478685294657878790e-01
2.972205637613933860e-02
9.600432285053555059e-01
7.668369252364640731e-01
9.328882923308212671e-02
4.509495613401423020e-01
6.131936235589048323e-01
3.021858709751534811e-01
6.623153459316356573e-01
1.097521561952170543e-01
2.952260386848570839e-01
7.764003578208930056e-01
4.538151137342633090e-01
8.410662924573397703e-01
6.175325965054756505e-01
3.563353252600901522e-01
7.392278835062651154e-01
7.002960883281068583e-01
7.802679857740572045e-01
5.663548525007683354e-01
9.782778401617459041e-01
6.032060927803837291e-01
2.554505055128667435e-01
8.275983555151196214e-01
6.409241690541978009e-01
3.470220081184355321e-01
3.213809056927247054e-01
3.721974298365924305e-01
3.644723945018391031e-02
5.431711124384375200e-02
5.391227256320222372e-01
8.172439620028731921e-01
9.340783807455194099e-01
7.930402638348036382e-01
2.807672102576188600e-01
