5.375271825240094392e-01
7.840716167848283957e-01
2.976629144381535141e-01
6.829302658883156241e-01
2.851124854050937074e-01
8.361930764536558147e-01
6.202601856221041654e-01
1.439673438191854116e-01
5.865315219170742500e-01
2.258417419195248854e-01
5.169507539901641024e-01
1.281549449681862463e-01
4.199040010766712516e-01
6.115772344816039485e-02
6.744948253862628196e-01
9.863252116239165090e-01
3.456290670768317197e-01
7.045374886756901045e-01
1.787172544613786496e-01
5.062317017393507257e-01
7.074645418584458723e-01
2.711530613284208746e-01
3.860532246020021985e-01
8.622935173681174348e-01
1.293150509092814149e-01
4.045692861842028476e-01
9.687953328269146569e-01
4.604276688062006739e-01
7.931433406014898324e-01
9.567464590666374669e-03
7.411840051118294692e-01
2.211070817082393392e-01
4.696397951405177906e-01
6.744756008575866213e-01
3.229120670343336164e-01
2.031770205820349062e-02
6.983683703120392439e-01
9.357231070835767550e-01
7.058566497292118047e-02
5.640886584193175457e-01
5.064728860117195808e-01
2.855149586866678746e-02
6.062285995507212810e-01
7.337712814193043664e-01
4.122209973868392607e-01
1.598266361646003553e-01
4.720944307722960698e-01
7.315485312618175140e-02
8.218562585896366235e-01
3.431169023104503335e-01
6.123927491151873737e-01
6.658352420580088138e-01
3.108527878860967153e-02
3.615783316338795350e-01
1.289826421923029320e-01
7.600933393346342992e-02
7.527055653778534916e-01
3.666703630763823440e-03
1.476809868751194355e-01
3.579503155027293770e-01
2.783128163177772674e-01
6.312816107531907805e-01
4.862006800531942785e-01
7.773688516736134702e-01
1.614909469150588306e-01
6.157685556653449410e-01
3.886721551534820795e-01
6.096688986445031322e-02
1.237617322935119502e-01
2.979332988520165815e-01
5.046671279385397391e-01
6.698809342211171636e-01
6.681155435958374689e-01
6.945847921793553148e-01
2.499825688923625888e-01
3.940032585584959390e-01
5.906733590312127635e-01
8.701222002439611414e-01
8.141046018562907438e-01
2.380048678642701088e-01
4.903001081049360721e-01
5.790556102428168206e-02
5.686021043018268939e-01
8.189856668808885853e-01
7.689059299486079579e-01
6.316760854602333497e-01
6.073983566053856586e-01
9.074994793963161444e-01
8.896452133869803269e-03
7.132654478760344086e-01
5.848376818124231269e-01
3.337356872918481043e-01
1.873411710058681123e-01
9.977954370547379437e-01
6.887226441326262938e-01
9.239889708697455184e-01
5.611789244522825681e-01
8.478155453812817877e-01
1.372854750641426813e-01
2.137419730331435730e-03
