7.553119765793168128e-01
8.063325791390119068e-02
4.946949499320912880e-01
9.157238189708153397e-01
9.637323342246360003e-01
1.781469926286336491e-01
7.610568059367022187e-01
7.611774333702958639e-02
9.116312284168307523e-01
9.340094509237795162e-01
6.748489294809020267e-01
2.777752608675276846e-02
3.031759876566543221e-01
2.631816028481515080e-01
4.282861999598540637e-01
7.406062027345794441e-01
3.449917565673299436e-02
7.799888973748738685e-01
3.566992284056285101e-01
6.405555927424751994e-01
5.355558301650991115e-01
7.459961232600180736e-01
1.056427751226329814e-01
7.621704326527911633e-01
3.825790369933784740e-01
3.419021001372837265e-01
5.815815751720389004e-01
7.173686876436766724e-01
4.124036858136714834e-02
7.751764180227278533e-01
2.207332846351763855e-01
8.634392898269330763e-01
1.325187308912991746e-01
5.827533084813921738e-01
9.682111525236068994e-01
6.668841595856955795e-01
8.554845092653938776e-01
1.756491549434120447e-01
6.598251733708656586e-01
9.412144491548586345e-01
5.833914470235764815e-01
7.843493325175167064e-01
4.910465850798293452e-01
8.779316171926133672e-01
4.289329316526196978e-01
7.357292926343945716e-01
2.073032399588736752e-01
1.651060528713887976e-02
4.190528817726901778e-01
5.558526990919736566e-01
5.004532658033200576e-01
4.899157802676168405e-01
7.577392330729770809e-01
5.727062012411893166e-01
4.423670114970720268e-01
3.870059397221312647e-01
9.580473282977248761e-01
4.172951406063970525e-01
6.052399548942968277e-01
7.227730419019827712e-01
1.928612915603302724e-01
2.970614934469646418e-01
8.808240933263787875e-01
1.691469701696022288e-01
3.020838252370561250e-01
7.012693418085251817e-01
6.113005382264187215e-01
9.665814792555017521e-01
6.968690930838059572e-01
7.622820511873522609e-01
9.652816478681122137e-01
1.894956137128341878e-01
4.064948207373419997e-02
7.927421708351106711e-01
3.201511572531614558e-01
1.713106882876460624e-01
5.789241636717319395e-01
6.128092010563992442e-01
5.098406094064897864e-01
7.502366355379551655e-01
8.193161543419060777e-01
9.077264308672121640e-01
4.171565969185163647e-01
3.275651883934451725e-01
8.594932821933137790e-01
9.263191104672233722e-01
6.431017797484612775e-01
2.350065151184937973e-01
7.884762248560125419e-01
9.233997029730749428e-01
9.350606344966813088e-01
3.279407930384281578e-03
7.901643009764489634e-01
4.381192489944087942e-01
8.168333771055932280e-01
8.069807221982806533e-01
9.487919666434444510e-01
7.498247401194518824e-01
3.273936461512327867e-02
7.550329719460662226e-01
