8.025192779019670875e-01
9.864625488664792163e-01
7.479429949463360927e-01
6.994046042443196054e-01
4.859656964787488764e-01
9.306479834093404069e-01
1.613342508364935535e-01
9.612200569475454204e-01
5.214283828535211107e-01
7.208589048595868132e-01
7.361237895814876087e-01
9.325104724931109201e-01
2.196158168296640234e-01
8.402880842877872292e-01
4.400117905337658231e-01
5.556567108508642105e-01
5.041470471095665928e-02
2.348708890959038120e-01
1.535067527418307876e-01
3.785842250275416321e-01
9.010554124241315632e-01
3.969250974621212347e-01
3.024155770487751971e-01
8.226670769494252022e-01
1.954772010857985798e-01
6.526312761434013288e-01
1.279409916640832368e-01
8.402489641232768758e-01
7.405195385226833737e-01
3.291014173749089444e-01
4.892189985717702028e-01
5.944506426381216402e-01
1.480833811081425644e-01
6.297421121096945518e-01
8.588588719935210669e-01
4.537326161700702132e-01
5.700792439647378584e-01
3.452841930807338811e-01
6.832782723341229714e-01
6.485498067872970118e-01
8.346411882254930470e-01
8.021894656758062903e-01
2.136902340479005513e-01
8.303869087707201890e-01
4.989016811753359537e-01
7.532195870795064252e-01
9.609522671437659147e-01
7.329059181305572768e-01
5.086811635291702549e-01
5.612546200179366895e-01
4.086108603766571701e-01
7.981009833645709151e-01
4.997054559540616836e-01
4.517669883293876643e-01
3.233709813907958974e-02
2.005907886307678467e-01
5.668039547803075395e-01
9.655361097474773890e-01
4.141720908045354310e-02
2.123197399323504264e-01
8.220777541435294600e-01
5.320723180790476459e-01
5.369901184792976734e-01
7.417045213089227262e-01
9.017610841437417868e-02
3.236654693621080492e-01
9.165273241621575417e-01
1.581578030205721408e-02
9.112253766382827358e-01
6.747291441304650306e-01
8.503687558460432117e-01
5.626580164756562752e-01
3.776795987324392812e-01
6.690846326101328456e-01
5.725598424365858641e-01
1.986235011999258893e-01
4.665223586477130757e-01
6.886915320900348636e-01
5.475130646732019324e-01
5.170919212833302581e-01
5.741868304273528567e-01
6.557337495938375671e-01
4.897734994238832629e-01
9.750893671303652033e-01
6.004076827885302947e-01
3.739858549779982999e-01
4.520297277959516302e-01
2.674047918397677304e-01
5.955091277042381392e-01
8.848090896496171309e-01
4.598661958313593479e-01
9.313895311368014518e-02
6.013654471160008175e-01
8.328945977690904723e-02
3.522475010311437726e-01
6.433395016111469467e-01
9.330003962749413571e-01
2.232557417927321097e-01
4.280567629881831815e-01
5.288768059251328646e-01
