7.083770196082822546e-01
4.391706934058695611e-01
3.376593856245476699e-01
4.382411715693026455e-01
2.172571400445297840e-01
1.289877046659854143e-01
4.287100712690092852e-01
6.567658034167723757e-01
3.941536099849205499e-01
8.810082633534859209e-01
3.368738805049484863e-01
3.107882911661684622e-01
1.534822150532818563e-01
3.431929460072561389e-01
6.874254738104246254e-01
8.874361199241702636e-01
9.712335933387130638e-01
1.536529934978626555e-01
3.116805817242987997e-01
4.972637722503939761e-01
8.174690060025787686e-01
2.184139839874393862e-01
6.413000011127778510e-02
8.752408909297579864e-01
3.256158753226744418e-01
6.775666815993756087e-01
4.195112943328213051e-01
1.076925764780631845e-01
6.524732785647474609e-01
9.773817170712032487e-01
7.534307848784402850e-01
3.310107588350630348e-02
5.088855498764415231e-01
5.919433267842749702e-01
2.995185836088098963e-01
1.147517100128392364e-03
4.899394106898663503e-01
4.338224447376261006e-01
5.831256575462718805e-01
5.509638976842740066e-01
6.764000587141859588e-01
1.904158720291405649e-01
9.433351461284731343e-01
7.752320353969128774e-01
7.926100055446860804e-02
9.005126868247183003e-01
8.411390415651793795e-01
2.837161151185972896e-01
6.197512452045035314e-01
6.880181027598532006e-01
6.798677486864870279e-01
2.339437294623775143e-01
8.492180333760083188e-01
4.487400057428109212e-01
2.145423239851499408e-01
5.735670616138458522e-01
5.805900449748043757e-01
4.729256706191642401e-02
3.341961737604215443e-01
1.315904817717051811e-01
4.851774021259720460e-01
4.851112502237270308e-01
2.875389888136469230e-01
6.459355285413449499e-01
1.938945967094923839e-01
4.490003110370065498e-01
3.071500032190587204e-01
6.888898177978205473e-01
6.520127714120323992e-01
1.035021765444171793e-01
3.913728820100043082e-01
9.241863536938779156e-01
3.880959241608569199e-01
1.731169537961294580e-01
9.187137971908109213e-01
3.010370082326010444e-01
1.031507727042374478e-01
7.063163573459098066e-01
4.240330657562703109e-01
4.058714420411039248e-01
7.418522291484830333e-01
3.886461639717161409e-01
4.755843154193891698e-01
8.853005884628410982e-01
2.128280142907424954e-01
9.356118235166864805e-01
5.093298105672934284e-01
9.404101946811188606e-01
4.539333900768549590e-02
5.382770614663526798e-01
1.935719942384036552e-01
6.502090537608041787e-01
5.162606267509479707e-01
4.917909486502738403e-01
5.434306468358853781e-01
5.154771680703523762e-01
1.871857891459293155e-01
6.102482767820540666e-01
5.526007494758182759e-01
5.492573048839003436e-01
