9.563058732154736674e-01
6.736037161062394807e-01
6.686368745508537437e-01
5.897025519253370485e-01
8.968861911795997788e-01
7.180469916030599586e-01
4.742069693903121497e-01
2.868492082223229600e-01
3.121193805564940194e-01
2.105294422989583136e-01
1.254089718128403863e-02
2.527337227695976019e-01
5.158804236276245403e-01
4.380670835907437555e-01
8.456221699373246414e-01
1.761252613641963727e-01
2.546443064202749129e-01
3.657922891038201119e-01
6.411889861504281862e-01
3.109479490710953531e-01
5.985563706841304787e-01
1.861200987085259717e-01
4.385374175411682618e-01
2.217377897057275504e-01
4.913282182988023550e-01
6.380372006280424779e-01
9.629002643529049887e-01
9.115356354031397546e-01
4.743453948619719140e-01
2.551237962687372685e-01
6.127768641145830975e-01
9.033644598790091518e-01
8.297637610765953298e-01
6.273969519146994633e-01
9.141717127899544604e-01
1.863965359762216334e-01
5.108208728819438882e-01
7.345234874644475109e-01
7.564896767521800403e-01
6.575954207332582735e-01
5.598002193366548029e-01
4.298898583036087073e-01
8.031633558167934339e-01
6.440125079563342458e-01
6.096614391137193945e-01
3.268487121761717296e-01
4.113348222391236542e-01
8.883398313661647894e-01
7.429193919732310913e-01
3.415637818956429594e-02
3.064404986034585665e-02
4.693654914964183744e-01
6.428637177474932907e-01
2.687386969756797583e-01
7.188430957931556398e-01
3.832101435114111387e-01
8.787880870317773541e-01
2.466321188207278858e-01
3.061055828540204526e-01
8.558900839741205857e-01
6.899959262798772697e-01
2.116196914023471543e-01
5.631175895716846735e-01
7.596504794088421164e-01
3.837109458179438493e-01
8.370566283197973245e-01
1.332504019495793779e-01
9.017586539249370370e-01
3.712743458039311495e-01
2.169677780555868685e-01
7.556361630440382449e-01
4.866429088808770231e-01
8.673518375729749597e-01
8.916310252035763995e-01
7.038213296966019383e-01
6.045980665306701640e-01
2.328060536586045171e-01
6.527138300905299673e-01
3.969673455140276808e-02
3.766978803616135574e-01
4.566349752261606998e-01
4.047557059488893216e-04
3.966162500107676125e-01
3.825195102441297790e-01
6.253509181578507103e-01
7.740867226669412293e-02
4.262597044245175493e-01
2.944849547009984470e-01
9.965942579109779986e-01
9.525952766587443277e-01
3.629283189321852454e-01
4.324865433249606150e-01
3.793829890585950215e-01
4.529114507100545639e-01
4.791836936937230451e-01
5.388266283249303346e-01
6.231056965060643993e-02
4.455690311674466164e-01
2.074395281672303248e-03
3.198617829070817820e-01
