1.810055314548842942e-01
6.685977098075777114e-01
7.040235065236785106e-01
5.844830551637171245e-01
2.822002167331975064e-01
7.823860862666826010e-01
2.375765833062848387e-01
3.825576706424027584e-01
4.291208574327611824e-01
9.027179940959606519e-01
4.108970491122456714e-01
9.564383293168864375e-01
9.605882489373619437e-01
9.719762704421663901e-02
5.750590323203721432e-01
8.127139013021666969e-01
6.463845175446727431e-01
7.399334950422246093e-01
6.969953751402038211e-01
1.585503334966386069e-01
1.370076439581007222e-01
7.948344287015423060e-01
8.082641426712988686e-01
7.724966595704731986e-01
6.498313493871722413e-01
7.304424481735419805e-01
4.598347044395969530e-01
7.673120808763700396e-02
9.484347746387296052e-01
2.009912405863364393e-01
1.238801208652307029e-02
3.007113485668684305e-01
5.434996876860527237e-01
9.557601051626121169e-01
1.587429453007928037e-01
7.578205995305496989e-01
8.604183892151137103e-01
4.898516069778418025e-01
8.524535228010365895e-02
6.808864542891003291e-01
6.084201516771768903e-01
2.681746591508294975e-01
5.256787344243483151e-01
2.056779639934441795e-01
3.774577475357794309e-01
7.740699519290318298e-01
7.181201616055221670e-01
4.188079805640626541e-01
3.687954946827955993e-01
5.268828276608124028e-01
8.498516589274488497e-01
3.215523715739084798e-01
7.735535556737902496e-01
3.745236158261520121e-01
1.595729561181137290e-01
8.057818506918745793e-02
8.870618608689001539e-01
6.160837057077711565e-01
7.350532546980820259e-01
5.824948089170763899e-01
4.345419036938640289e-01
5.403238285454085021e-01
1.112465080113288485e-01
7.855378358915223735e-01
8.213190688560459973e-01
1.465642265412925305e-01
3.515157612199171222e-01
7.311510585902222248e-01
7.293496987614176419e-01
6.854395524905136927e-01
2.286250572424521899e-01
3.380228827906363032e-01
7.366067767947663825e-01
5.000178882200014829e-01
2.748622361245800505e-02
8.814578745081336209e-01
6.490545154031922559e-01
7.372766228975059510e-01
1.756638190687181966e-01
9.969367595962053130e-02
3.191571038638407742e-02
8.733047444163837270e-01
2.773395721650815382e-01
1.353760717654632906e-01
7.994758057578678079e-01
6.501934435136970114e-01
8.825916908807650563e-01
2.405083690357039394e-01
8.563799797643810718e-01
6.523985714853064444e-02
8.073074195268061803e-01
6.598153915843469886e-01
8.403772034273899738e-01
1.190509138846143067e-01
4.162005415884093562e-01
7.371855036317140897e-01
7.401202719966291088e-01
3.089718680265246542e-01
6.454883277627928573e-01
9.132275960787546998e-01
