8.117647760433130966e-01
4.268210147769321283e-01
4.646825270896205451e-01
2.544207396298734380e-01
8.113384738830007326e-01
3.817088428420934987e-01
5.890196456254558344e-01
7.066202992486232404e-01
1.417750906498901342e-01
4.804356701769141313e-01
8.456379823583087818e-01
9.372793015192533161e-01
5.250284980435482307e-02
5.944647336438025897e-01
4.695380424620380078e-01
1.053007135756354185e-01
3.193335659897413858e-01
2.189036438361126047e-01
9.035080670201227626e-01
2.845034354901999629e-01
9.372599680282245327e-02
4.835947382089311741e-02
2.810401010904937102e-01
6.645734793410863483e-01
7.892147282263974883e-01
5.133459845383365749e-01
6.594607625715870336e-01
8.639921884032858435e-01
7.950667871724681479e-02
7.118505108497461542e-01
6.465468880499543047e-01
4.444858852094355495e-01
1.918776299206197411e-01
7.454402986939523412e-01
6.688724089691984176e-01
8.666099399736026943e-01
4.795142868615516196e-01
3.577017285148373915e-01
1.685311579949649863e-01
9.247350541567540549e-01
6.955452137954850622e-01
9.175950852534613400e-01
6.931889299523505965e-01
7.792594937321140058e-01
3.009210505875377084e-01
2.915884029261266441e-01
4.163321478071743131e-01
8.937229741959428209e-01
8.077096594971832078e-01
2.832601516561153998e-01
5.786507821659351292e-01
1.349919415810173495e-01
4.021718046104025834e-01
5.240293580106322180e-01
1.459488086199951518e-01
7.703027478261476046e-01
6.650983264900235392e-01
9.332653274926050457e-02
6.954886574508833963e-01
4.663667337867244411e-01
4.610038026249857479e-01
5.180730297759064129e-01
5.602533163067777711e-01
9.522574572718676134e-01
7.881866413540513649e-01
2.849509711640219045e-01
2.498755219018040652e-01
9.859157687897229794e-01
7.151046977913486646e-01
1.882318124003986570e-01
3.485012038887329577e-01
8.345572066771185238e-01
2.711856218010257891e-01
7.418420838171452258e-01
4.957172343142652871e-01
6.582654229805107171e-01
2.686076205835595809e-01
5.731717477556788065e-01
1.656803112057196881e-01
5.423171292643711450e-01
1.024320473214287430e-01
9.458792140553102801e-01
5.434573338512570517e-01
3.759641677725803488e-01
4.169976650114635142e-01
3.566666406142452450e-01
4.053358922243331941e-01
8.122751683656490584e-01
5.754698770364286009e-02
8.506739149706254999e-02
8.692966808267589274e-01
9.206615509125616326e-01
6.648018829165593946e-01
3.127190921905141918e-01
9.513242067889167153e-01
6.364122050838550981e-01
9.981748293341263789e-01
7.161098811848756185e-01
6.656347750089115500e-01
7.124506791243495618e-01
