8.268513136852958523e-01
9.960186321111533791e-01
2.755933488537163356e-01
2.884099930442517445e-01
7.566095199756506240e-01
7.895863952914482509e-01
8.480875229135043103e-02
2.558689604146889840e-01
9.885857941015527839e-01
9.193689826589027669e-01
2.653952152361789274e-01
5.107245624630026848e-01
1.228483352880466173e-01
9.845990934839409237e-01
9.348751373436087198e-01
8.327067191818149361e-02
7.124293725502853780e-01
5.318071982478000947e-02
5.148285997408157399e-01
2.721349810429266602e-01
1.820738631923922712e-01
3.700372824286832785e-01
4.933313164474297796e-01
7.378878934609820472e-01
3.774249846382237150e-01
6.437931980603078808e-01
2.475754646458568908e-01
5.516190670430745069e-01
1.100280439374646813e-01
5.427001000235786021e-01
8.325974764847754450e-02
3.833927098284828361e-01
9.445995279958286917e-01
7.682123671378959795e-01
2.215012392628313842e-01
7.649384761389987908e-01
3.760770330992335708e-02
1.770750716220345078e-01
4.814146231077744975e-01
9.503581219266499236e-01
6.727722599659214930e-01
4.701456189659281026e-02
7.893762851086790766e-01
6.809452167147472812e-01
5.169426072383734860e-01
8.369963490254124228e-01
5.403870385445187496e-01
8.844277388315627819e-01
2.132969984044352785e-01
2.673993550713316125e-02
5.456985434124929091e-01
8.731591422260474022e-01
9.328977013058261658e-01
5.549947458065219719e-01
9.929608585333656867e-01
8.351865093820723951e-01
3.810869336646393046e-01
8.549989496282337509e-01
8.612106052442307647e-01
3.397647219185749856e-01
4.852534869507747484e-01
5.155127270533236272e-01
1.473358380665433787e-01
2.324679196434752404e-01
9.664580503654667254e-01
5.565979789279560386e-01
8.524452005097419294e-01
7.612478057407864318e-01
1.101991896020172446e-01
9.451332226958459870e-01
7.785853511837844687e-01
8.171425599025097242e-01
2.082797908530154007e-01
1.293146621063917534e-01
8.965724916088912977e-01
6.480102550425658192e-01
5.778865463034815741e-01
5.235358231351295855e-01
2.562423574025184392e-01
3.136248417474393202e-01
1.856519682200513666e-01
8.157632742416465188e-02
5.302240970050992042e-01
5.091849241302608409e-01
3.382254569104459208e-03
9.665899078953883450e-01
7.186196242305652460e-01
2.956915866297049611e-02
3.965789746154696482e-01
9.724288423197793296e-01
7.030382871930271893e-01
8.110126281997297459e-01
6.781666827146349830e-01
6.666246215964009014e-01
8.121643048609905602e-01
4.259099439635293249e-01
8.823624103091879389e-01
3.247937017023450057e-01
5.571981914505660383e-01
4.963680828659157163e-01
