7.483532156733394558e-01
1.539541486484571342e-01
8.454155449460599714e-01
6.983510689617307143e-01
4.631350003137506555e-01
1.691542547449534917e-01
4.331956081302811290e-01
4.864516171516971577e-01
2.090236395948896764e-01
5.024892942113348138e-01
1.723904617933059713e-01
9.739437636844102686e-01
5.195076882902693871e-02
2.340885405276439402e-01
4.182591436750091596e-01
6.542481513379493352e-01
4.352086183397152475e-01
4.534968931962122252e-01
6.453542667928048315e-01
3.392243453341914350e-02
3.807087307927736752e-01
7.042961649321021200e-01
7.154746043122468535e-01
1.141061510596290685e-01
5.686516779899980500e-01
6.991559032175863608e-01
1.915311161526369599e-01
6.696071131982671565e-01
6.642511781872481036e-01
1.836240888463833709e-01
2.495844640698741124e-03
9.338796543255756255e-03
5.559927697710375094e-01
8.868547174158460944e-01
8.527702070925398115e-01
5.775895553924648151e-02
9.121096711564627979e-01
8.913492444191561948e-01
6.405584732144024018e-01
8.653672394680714808e-01
4.923988172204951663e-01
8.212351592915932974e-01
7.507553166581063531e-01
2.437088685013688583e-01
2.630349371041964535e-01
9.216769799249524553e-02
4.003175673032213222e-01
3.184849063125788637e-01
3.859882569335691960e-01
9.234746108269347165e-01
2.819744437467756049e-01
7.513715398610496532e-01
8.282401544429903728e-01
6.636097430960924415e-01
2.186346071610199004e-01
4.565321399973139016e-01
3.610152161345955291e-01
4.789526785616309290e-01
4.149359792446323247e-01
5.312197368127888897e-01
6.372495368880307653e-01
6.448137729226994797e-01
8.600949943925755292e-01
3.075859813737304993e-01
3.936389023916189167e-01
7.388787214089265198e-02
2.386448828423970436e-01
5.364725969809793771e-01
3.579182931232796072e-01
5.145350220902071836e-01
6.768189563391767694e-01
4.052388299145833761e-01
3.517704243097086181e-02
8.316836327321777134e-01
5.567262375336334834e-03
1.914047500437354721e-01
2.273380281249343104e-01
9.198314590483201991e-01
7.859812331626487847e-01
4.278327224150477726e-01
8.216219393882855382e-01
9.719800909426928870e-01
7.006382271507038961e-01
5.646234014167721416e-01
2.059128326504195972e-01
6.481283022413283357e-01
1.648894266571099276e-02
3.942168853678896800e-01
7.875586419690239204e-01
1.501004343402886354e-01
5.821735607511377975e-01
5.749238313247844179e-01
7.431566741063717618e-01
1.616554094345573622e-01
1.951698251778811732e-01
1.075940344730339504e-01
9.894295008807452163e-01
9.547983193288656079e-02
6.474443042813714522e-01
6.925482209779185716e-01
