6.273001733582899142e-01
2.362553629925049359e-01
9.227509619329018475e-01
8.543077078407462777e-01
4.825023614504749814e-01
5.766006159713685797e-01
5.855522213056552072e-02
1.889590575002914052e-01
9.921507795954285225e-01
2.890118892533843908e-01
6.770248712588901041e-01
4.655565407450370508e-01
9.413478254538654166e-01
3.471143736289205028e-01
6.748939157492772623e-02
9.623305991049949659e-01
5.906993333625707443e-01
9.677016944580842939e-01
6.467032271290465983e-01
3.149427161920470564e-01
7.004417858587430601e-02
4.180265702041500164e-01
4.548202118795841020e-02
5.164346766390566223e-01
1.303381249432871147e-01
1.970894038196452369e-01
8.283946359463898457e-01
9.382506107000830875e-01
1.439474015639830018e-02
4.442630174331789750e-01
9.622321492456992198e-01
2.824557876410540569e-01
2.787688578313589627e-01
8.962857915211366322e-01
4.090426194937838433e-01
3.475679532742309563e-01
6.820803187737243256e-01
2.018712193394625043e-01
5.091217396150761187e-01
4.726367448790681491e-01
1.633203597683553498e-01
9.356644603900322599e-01
3.816863902387060969e-01
2.640839570592915519e-01
2.302104163431639705e-01
3.015696284590121401e-01
4.653426671909174361e-01
1.213553495533800097e-01
6.920206700772280062e-02
9.059775458451628793e-01
4.269834604788182997e-01
4.411452530680128881e-01
3.748952142443229274e-02
3.011381346845174445e-01
5.664958355743796581e-01
5.595633747476451703e-01
3.892948976847979692e-01
7.028983464177478435e-01
8.842606546198791273e-01
9.941421774872237771e-01
7.002962887408531456e-01
4.067799500343692864e-01
5.277252214833368926e-01
4.396182177552120374e-01
5.766574859126013530e-01
2.327633477244874793e-01
7.820691772071015624e-01
6.191201092115988791e-01
5.141334005309552424e-01
2.853846725740141199e-01
3.724216971263042408e-01
2.417464427337863153e-01
4.069239494808735147e-01
9.556141666760769038e-01
6.822054975457073622e-01
1.537365748664342169e-01
3.298176082524590935e-01
9.420349165380915712e-01
8.550688887995780973e-01
2.396946201227876383e-01
8.510183192611195935e-01
1.702193444808214329e-01
2.568040020630004694e-01
1.240263246114126083e-01
5.054610061854336589e-02
4.071671447682685407e-01
7.089753517643050396e-01
1.927684689173579935e-01
2.205986414770818582e-01
1.677952529572496188e-01
3.855902055155286945e-01
9.161731445836523990e-01
1.367931010476530762e-01
3.429044144165488417e-01
9.712536434948405573e-01
3.600867920959842650e-01
3.295703813454686770e-02
9.875579998605988896e-01
8.504346478372505347e-01
7.114105623570456949e-01
