6.228689254542608689e-01
8.339182049522997353e-02
9.076214234205186582e-01
1.492202275372189746e-01
4.096136022155946188e-01
7.285104819998589054e-02
7.966429190481472133e-02
1.527535832945092764e-02
5.420558241199557870e-02
4.170602072121081250e-01
3.827336107452647962e-01
6.473611036445633404e-01
7.871122061067534759e-01
3.143416114373266401e-01
5.082501418914104896e-01
4.474674820103300421e-01
3.947408689964745365e-01
5.877601665778356965e-01
2.124440643882975488e-01
9.795400483156175842e-01
6.931826590238669983e-01
4.953225565443986067e-02
2.397171564401823218e-01
5.551467555832236833e-01
9.475443813726042164e-01
1.341590857414887150e-01
9.245646904459373649e-01
7.066892306745107266e-01
5.100350477980075681e-04
3.637556687516074749e-01
6.781684850277769350e-02
1.165102651480230955e-01
6.420009155323975758e-01
6.373792440045977781e-01
5.984040763470793722e-01
3.735369247061202103e-01
8.285806674682542061e-01
1.552329339558498056e-01
5.146589502658621695e-01
1.003090027922203253e-01
8.196886603156335882e-01
5.372006794323863632e-01
5.829956280323733697e-01
4.542070449997281933e-01
4.842616721644814604e-01
3.872033063504142225e-01
9.822511319971359844e-01
1.845609237288539095e-01
2.537265149831334776e-01
9.925577852319441563e-01
6.807048046034033240e-01
7.697004607456313652e-01
9.424833280093638521e-01
7.174426044085823184e-01
9.481826463293785423e-02
1.214510507662216465e-01
1.385284354511273630e-01
1.970681555337118196e-01
9.070572167135361186e-01
1.265920507028173159e-02
3.304838292313994064e-01
3.364931979141072560e-02
6.474725407186212589e-01
8.191915932145485968e-01
6.307673448928501347e-01
5.754457648268929137e-02
9.865075173440482903e-01
9.874782329401712300e-01
9.665303433420319168e-01
3.622117003496477805e-01
3.348216203366856103e-01
1.868319211423831172e-01
7.155151141663896874e-01
3.691794531645665733e-01
8.200864989990337417e-01
8.280575758205700465e-01
8.996480829634211362e-01
7.691585595773696715e-01
9.325367219743446734e-01
9.184767467921683970e-01
1.227306640788050629e-02
6.124225400466671854e-01
4.340298758209046870e-01
9.508547712359851634e-01
4.031891749609622932e-01
3.661877953328999125e-01
9.775793121475062630e-01
1.218148082748554684e-01
4.206120649719812254e-01
9.279660047460117633e-01
7.817198746058779957e-01
6.136318256769751622e-01
8.949121681038675336e-01
1.406082974968260180e-01
3.009815349314167721e-01
2.831235992117853151e-01
5.822102038183650796e-01
5.376673615898956982e-01
6.213854169603850730e-01
3.477338613030480641e-01
