6.107984130324964900e-01
4.270797183769047267e-01
7.826146369266639979e-02
1.300740366542012527e-01
2.685868254586543102e-01
5.434912610241363629e-01
9.706392119270067509e-01
5.141367411949799848e-01
9.574256347099953102e-01
1.649460843281689293e-01
8.273519045057535770e-01
1.202070759025672952e-01
6.786067942790854346e-01
3.153685288721278512e-01
2.854348071030223810e-01
2.370894229163322819e-01
8.088319238138448330e-01
9.736271259129830602e-01
3.086765426566462356e-01
3.642558267565467744e-01
3.724463326276021835e-01
5.575668285827083404e-01
4.389098594654168295e-01
9.580142195110905590e-01
6.649748070608036965e-01
2.714130161155057230e-01
4.244591694659982650e-01
9.702252276741670789e-01
5.300618669978592878e-01
3.593404957613440809e-01
9.450304016028953091e-01
8.353402361204298465e-01
1.210243219525708458e-01
3.758931584360721834e-01
7.063378244457700905e-01
9.707516065013608308e-01
6.444206785769124313e-01
5.878046351290153737e-01
7.283334365276389333e-01
5.979413523334234926e-01
8.992235334328979590e-02
7.645914811312809478e-01
4.615519820105223880e-01
2.386263024272764488e-01
3.958279850816049938e-01
7.230570657378833088e-01
8.940347179746449546e-01
1.353903646652850901e-01
7.956037304288421375e-02
7.134880654275267409e-01
7.940212777279670453e-01
3.062305373259263108e-01
6.542806671782305239e-01
4.456965906689867030e-01
4.388542478082387843e-01
5.830624367376903150e-01
5.491512125371676989e-01
2.084336399658086592e-01
3.266361016805008344e-01
4.562691611284630522e-01
8.915181260003640640e-01
3.758403807643333483e-01
7.898785350260256743e-01
7.744469020952874372e-01
4.537884167093321208e-01
1.453893113315758434e-01
8.450541138566239896e-01
8.504168530931316416e-01
2.371982621585243534e-01
9.555070936126707215e-01
5.268143090941257434e-01
3.201467234940180706e-01
9.019272331138873389e-01
9.828792402988151267e-01
6.864978246272783746e-01
7.528538056328974992e-01
2.121050820737206966e-01
2.561473433684540169e-01
8.731443161698164701e-01
3.509025880644969231e-01
7.587632938299437857e-02
8.557104707318005099e-01
7.684246349630113881e-01
9.954963649753734156e-02
1.970647179613126410e-01
3.253794080976779579e-02
8.121969906679121776e-01
8.857368969136628634e-01
9.760405310391209177e-01
4.714255171197171412e-01
4.791516243836526634e-01
1.077056819464777826e-01
9.631422282565083037e-02
9.051444833720836414e-01
2.014396401361205902e-01
3.894217494370375565e-01
5.130391182314153475e-01
8.482629427603488592e-01
3.477885916299844338e-01
2.443761768169541160e-01
