4.304226483582642704e-01
1.199271328436773976e-01
6.676612367238277113e-02
9.643528419815816655e-01
8.157132527664409105e-01
4.252364203907064155e-01
6.889332496742810452e-01
7.179642644942025864e-01
4.022512096369016410e-01
5.333147655842070956e-01
3.325358154141446754e-01
6.671242197329050327e-01
6.638632006735110114e-01
8.554013447815412841e-01
7.483034719687515768e-01
6.237444138910130942e-02
4.762347891740769112e-01
2.189974832735642751e-01
8.536925067009271118e-02
4.763881567210990209e-01
4.838811413154888719e-01
4.700060765084557168e-03
9.278931019652522094e-01
3.345267725529976754e-01
3.622546489700992911e-01
7.505032072230344298e-01
8.787975631596499637e-01
2.549459699699108128e-02
4.127615609175813161e-01
5.223521096494434524e-01
4.485137338465108314e-01
2.994352095511487732e-01
2.870788319942461086e-01
6.662585040996593655e-03
6.213398206626585818e-02
3.282014338049630275e-01
8.562775096442643008e-01
3.295075839400932738e-01
1.989784010666513225e-01
1.069378827565784507e-01
1.842491248388439251e-01
9.101924483890122541e-01
3.763355006859997465e-01
9.979904057659902961e-01
4.628463716055876143e-01
8.629437029866690034e-01
3.021456090077340173e-01
6.278668222530505716e-01
2.538900187665327213e-01
8.789235854423519401e-01
2.617012230879548484e-01
6.011751887915240955e-01
8.415813663846204440e-01
5.501707879598074502e-01
7.030417542680146292e-01
3.301075752748098280e-01
7.301213700788777849e-02
2.170926817266749520e-02
5.198499031490118050e-01
3.861183820704164882e-01
9.567162255185993613e-01
3.503045532746121848e-01
1.291411830201227851e-01
7.630292800221182281e-01
2.254152738738073314e-01
8.014997566422003006e-01
2.013190403503131165e-01
4.988703447058449036e-01
1.359225957573650945e-03
1.677653239907969107e-01
4.362142420248990016e-01
9.223638456513194583e-03
4.576549903107685058e-01
5.632419282919376435e-01
5.569398355927193123e-01
1.369114432792813973e-01
7.963202537336784292e-01
3.825467217094674632e-01
9.150431013527878799e-01
4.117702138170910020e-01
1.627004542368134521e-01
1.009706203583710105e-01
1.099101890229494671e-01
1.847299525579367829e-01
2.344387602495082712e-01
2.658341368904783009e-01
2.006183355329502760e-01
6.127186273047942056e-01
7.586487900491709624e-01
8.360391303703869070e-01
4.268278165440466676e-01
9.361366393003265340e-01
1.849275078126141336e-01
2.630187958729546249e-01
4.127267822383448026e-01
5.111910279614849673e-01
3.161201378477724866e-01
8.089667491558590884e-01
7.538268832786029217e-01
8.045629563576419674e-01
