5.226856761697854514e-01
7.145499248455076113e-01
5.396615677853306980e-01
5.623671435835342347e-02
4.159457071530365813e-01
4.696099399304574096e-01
9.302506122124029053e-01
3.075337395275500318e-01
6.756541945612224431e-01
4.060409866674348223e-01
2.223496469636352391e-01
2.970459959882516543e-01
3.015445499860220924e-01
1.701750828639716495e-01
2.509198007138039310e-01
2.099541967177218638e-01
9.677729838232806969e-01
2.401691868992594792e-01
8.444599868037672152e-02
8.727066114686228282e-01
7.819026479260915430e-01
8.036284770029920033e-01
4.128955676376271366e-01
8.671494170339089091e-01
6.190458117955833783e-01
7.409458876712530229e-01
5.786587934991672677e-01
9.753129997088980652e-01
3.356239467549904099e-01
9.635110441446833596e-01
5.984542500883800464e-01
6.811605926943540279e-01
9.951907394841702503e-01
9.316077208200970183e-01
9.139604286783469256e-01
7.620838557630744692e-01
6.704681059950596822e-01
4.321710426580865905e-01
1.172983900832950122e-01
5.267262857606558324e-02
2.437696957866410941e-01
2.115999208587038272e-01
7.262695773829944690e-01
9.840717486767409650e-01
1.140586813678834410e-01
1.123542853899683891e-01
9.952236623713218711e-01
6.819836083340864441e-01
5.561330925035086192e-01
9.296701923816276247e-01
9.743369823124267137e-01
8.347009188058501783e-01
6.169158069387796761e-01
7.574162270094553229e-01
7.978698150021311664e-01
8.211401941418048356e-01
4.571800443553247772e-01
9.461784948491365199e-01
2.234464190277091200e-01
6.163369538098593114e-01
9.232071704729415407e-01
6.304615908197644947e-01
5.180835778145459480e-01
5.304294746619697687e-02
4.677414675439994785e-01
5.786942588115973063e-01
7.290868099639680189e-01
1.889022893531439040e-01
9.117528678060143887e-01
1.930582918253345159e-01
1.066955919789458473e-02
9.849690442424590131e-01
3.690650635595087437e-01
4.803940646719890850e-01
8.321665184674901239e-01
3.825696976942929428e-01
2.141018403316009566e-01
8.211821897494657740e-01
4.657450665358449093e-01
6.469360820180326543e-01
1.429839880980013911e-01
3.630197308225097119e-01
7.957131285107916785e-01
5.791095419292896507e-01
3.346541013029434852e-01
3.461819421110473582e-01
8.144053145098618662e-01
8.258513749496352307e-01
4.504797061286989202e-01
1.392982958596682419e-01
1.366310044387688549e-01
1.642166096679362752e-01
5.478823919287361122e-01
5.034697699252110858e-01
6.600756859401388787e-01
5.212242896555635552e-01
9.896521768284822773e-01
6.600402818400880056e-01
6.162854024449190282e-01
8.491027082565882900e-02
