1.588363588254115832e-02
4.189131448247804812e-01
1.854891792251378568e-02
1.211198722623322288e-01
2.395814434684542249e-01
6.671378731544808094e-01
6.195314559817335365e-01
8.657180833867385017e-01
5.702574695109688951e-01
3.146593334856296886e-01
3.345552186766616032e-01
3.990339090300075719e-01
3.662474195676698185e-01
8.619743561059359793e-01
9.433420434182456793e-01
6.778829633593872472e-01
4.054548601447964806e-01
6.085627627261328554e-01
3.322341509204479459e-01
1.204671070406397870e-01
6.303101168896849682e-01
8.195283450499539768e-01
6.182597168842860480e-01
9.250955984264882526e-01
3.608811999624182976e-01
6.532025024137811942e-01
3.061335009711859678e-01
5.240633896306070572e-01
6.925051060914882983e-01
9.332428124692081495e-01
1.135609644053251488e-01
5.110880644657893601e-01
4.684230080392958184e-01
5.268923432448929800e-01
6.099174523466677211e-02
6.479346119649291857e-01
3.653394114332029208e-01
4.313329245076676921e-01
9.865066415391749999e-01
3.401232559761522278e-01
5.633926944059480801e-01
2.490930094362202585e-01
9.756401182067772071e-01
8.373432686879778153e-02
8.236742526588243241e-01
4.298832666471600339e-01
4.142985869797590759e-01
7.812758405652001636e-01
8.683938533320412212e-02
8.277962408417144369e-01
7.130215508684689674e-02
5.246360198401641695e-01
5.386084497692755768e-01
2.216562791096809981e-02
7.926522233113830751e-01
1.719139834021141677e-01
1.598492994198776884e-01
8.484107765426809333e-01
7.693901091927155544e-01
2.558480589975298258e-01
2.201689166239052531e-01
9.923702116009162078e-01
2.475507691912649522e-01
4.383877732814800421e-01
8.880575449839798186e-01
6.560586079210659616e-01
4.669824676245104556e-02
6.787812302706295320e-01
6.171416523893553663e-01
9.818707214713418008e-02
3.503257347904042973e-01
4.963024308163603848e-01
8.181927248526578156e-01
5.504014123678194759e-01
7.666213800213954599e-01
5.313000055079862838e-01
4.816039144352924906e-01
3.736715835829227395e-01
7.660267930422893778e-01
6.705327121956368153e-01
5.557498371222266975e-01
2.764876534240855444e-01
4.974090625764430174e-01
9.551178641198132535e-01
7.053342401784955529e-01
2.483022016960398926e-01
4.642104125293399219e-01
5.863188697142691641e-01
4.016526584814472667e-02
1.266058666637788210e-01
3.196625091538869423e-01
5.389242263058658944e-01
5.839975428144879022e-01
2.163795041739081659e-01
6.885847189432012794e-01
4.152762782966460398e-01
5.955246459178815677e-01
1.054984308330747522e-01
4.152897276240586910e-01
3.262890908385370770e-01
