5.514552354847441773e-01
3.313871463493790470e-01
7.641780514999401142e-01
1.708663154119743899e-01
6.302356645783321332e-01
4.537466382732913139e-01
1.528710035946845291e-01
3.780426650293206015e-01
8.237177462411315876e-01
6.813095565713189750e-01
9.998704329454243256e-01
9.715453658939569026e-01
7.597436567054252077e-01
1.631506773965507584e-01
6.732179583127140265e-01
2.264327808263579822e-01
4.991903663296648475e-01
4.843225814160495579e-01
2.706941801013976745e-01
5.985329789730067240e-01
3.389889383165544112e-01
5.590790452656897447e-01
6.021598497244454729e-01
6.323568741602845211e-01
9.833176257538616127e-01
9.927775140797857611e-01
2.843526109925608170e-01
5.524441888514318721e-01
6.871473309373496985e-01
4.476542809681923751e-01
4.925388236240348938e-01
1.691532261720238850e-01
2.136726948340539334e-02
8.142148849860579851e-01
6.564201127235793631e-01
3.031153934438246544e-01
8.807033817328547842e-01
4.807904117287982171e-01
2.700868646671580331e-01
6.311472618802369539e-01
8.702336695918080345e-01
2.542614788521861957e-01
8.664290435918580169e-01
8.777718002475747294e-01
4.288519107540633701e-01
2.972146576216406766e-01
4.662357228679849808e-01
7.234532213744236939e-01
8.495297635137825099e-01
7.581864646015346043e-01
2.749978601531365419e-01
4.278829438697810961e-01
9.301233822213494928e-02
6.371663821488349200e-03
5.674088299657001899e-01
7.200706722303186202e-01
5.099435297867578321e-01
3.137987136929376586e-02
7.316398184926841131e-01
9.703082642257058188e-01
6.947334320128907281e-01
1.393475318689759712e-01
3.802040883350311651e-01
1.040923308822494509e-02
3.255580119225478519e-01
4.014828627431253905e-01
5.014357124477643035e-01
6.579672482544064449e-01
9.757207896912146738e-01
4.921400719034983995e-01
5.842854871358774682e-01
8.804416841526394588e-01
5.671702327483469919e-01
1.186594440800162742e-01
7.309192937187370953e-01
7.420581987621043263e-01
2.738711055923037652e-01
8.990552941615537197e-02
2.379759144981711261e-01
2.535189398342154732e-01
5.020692153785917267e-01
2.073029657137284154e-01
3.954786071156163318e-01
5.940322385384059212e-01
9.556317522250914465e-01
1.376882557786522909e-01
7.909536701891689559e-01
2.074340595356508610e-01
6.596114523798536355e-01
3.934322645661405549e-01
8.470000827489365669e-02
7.556271653765489482e-03
3.408827330001037437e-01
6.242253961747020741e-01
7.037958003112566585e-01
2.768378436514572494e-01
6.762206422073729906e-01
6.704082463451416229e-01
7.792802728102332654e-01
8.896085128284565435e-01
