8.557377562721398823e-01
2.201404508096362900e-01
6.216443887520474165e-01
3.854918087906765711e-01
2.196246160666908143e-01
5.369668990914163720e-01
8.820675510877652448e-01
1.016788137461529518e-01
2.707484303639628997e-02
4.110053382475907791e-01
6.631747637609974877e-02
7.940629779240226949e-01
7.016825512327835579e-01
6.532159592041031360e-01
9.977150838388343379e-01
3.847436961942943823e-01
7.067034986879150438e-01
2.659116055558623515e-01
5.163342387221383500e-01
8.107836324154760188e-01
1.954013677233393809e-01
3.561393417682177098e-01
9.990389361966309778e-01
3.159672643348843124e-02
8.957698444172190744e-01
4.155947863434888978e-01
2.763442555599159300e-01
1.657258059863830901e-01
9.501206526671333030e-01
6.608994720370550136e-01
5.475661922143082450e-01
5.454156124429981878e-01
7.925663899166323079e-01
8.721650353382476295e-01
8.748940593817043920e-01
7.123582968785509006e-01
7.834773287458651758e-02
5.754065081412433891e-01
3.913991077996968881e-01
7.765164255608901778e-01
4.850082435698289673e-01
2.758601515614733657e-01
5.715663918646076702e-01
3.079637153161859375e-01
5.329544723073228463e-01
6.651573944594803001e-01
6.191705671063053584e-01
8.344688847246575225e-01
5.456366610508240900e-01
5.479644725830470353e-01
7.776511825371030806e-01
9.868569363772351499e-01
1.632915195626816196e-01
8.167433356435882530e-03
9.388968236183131699e-01
6.091921754550165824e-01
2.313899320921704028e-01
5.653159599739887575e-01
7.340211913878146310e-01
8.552137532627521743e-01
9.275524068169234138e-01
7.884789980238636753e-01
7.488739062894468335e-01
4.752595038723312904e-01
4.607428891717275654e-01
8.514428167703517181e-01
4.375245700680001626e-01
3.919564458792755834e-01
3.692565741384823408e-02
6.687144674500162811e-01
3.680269646412763773e-01
1.071445597005618033e-01
5.780837740784202650e-01
9.962321168806218541e-01
3.784193588898016047e-01
6.294795662424583771e-01
6.177230057529259355e-02
7.989120675468961430e-01
5.924590506100002596e-02
7.448328693913099929e-01
2.337660253206715888e-01
4.131038244243464552e-01
9.067833531200553132e-01
4.038991843900610057e-01
9.898085503771197891e-01
7.101286899978751510e-01
1.263875828980882687e-01
6.021342433895060520e-02
8.506246510548034490e-01
3.852484539180334178e-01
4.086228925484367558e-01
2.215415580875925716e-01
7.080386635269264595e-01
1.977602292293694219e-01
2.540020996090947003e-01
8.280932665403383242e-01
1.930174562519872961e-01
6.475833788506141220e-01
1.573578047985449979e-01
8.595987662662107898e-01
