7.894361998461083552e-01
8.212013098365730235e-01
4.023970687609498276e-01
8.851757252049723412e-01
6.747745804198550523e-01
3.809501463958199219e-01
3.002249512283456934e-01
5.249575873623901767e-01
1.219495597438614576e-01
2.093390351997814758e-02
2.434663168543199641e-01
5.122205334930540754e-01
6.756279786705077228e-01
7.832668947009006066e-01
1.485433070035339087e-01
1.232116579639573883e-01
4.243570754335881379e-01
9.761588440148063484e-01
7.817017998780161347e-01
1.238041729272099101e-02
7.738176560327736375e-02
1.911678290905772792e-01
4.129943572421393982e-01
3.134418599435624397e-01
1.721010524122020824e-01
8.049681276516318373e-01
2.981764185729369743e-01
6.200673871269879456e-03
9.876594841580473849e-01
6.872711492290776158e-01
6.463221066033011386e-01
6.841122134529066257e-01
4.178083726476886639e-01
8.978207500665186247e-01
4.839691597783711829e-01
2.407794244100911474e-01
1.719216774225817979e-03
4.155098633428764288e-01
3.840574271171248721e-01
8.902841757108211906e-01
9.436424715727126378e-01
7.335840037912663147e-01
2.100780740472479868e-01
1.959563670041163386e-01
3.897764701437416157e-01
4.169670518926238412e-02
4.053668827385485951e-01
4.984919558092399949e-01
5.107516237175739882e-01
6.872528152821946179e-01
2.490699388370456457e-01
2.017325424728079186e-01
3.011326235320026523e-01
4.953779709284144017e-01
9.280999281342083851e-01
2.236524463097425697e-01
5.755430173277196193e-01
3.067576375292921931e-01
1.401016394221543671e-01
6.646565479069737048e-01
6.234242864303599641e-01
1.951261174594876024e-02
7.279066250218144685e-01
1.364080428045854054e-01
4.305013325991581263e-01
8.893095138169915259e-02
7.640650476619819109e-01
3.016389940293014993e-01
8.454667508439041024e-01
9.424702977010201987e-01
9.166866857003952429e-01
3.125309723836280362e-01
4.758885001261224934e-01
5.040106840499292140e-02
5.293625341394150308e-01
3.004635849809850212e-01
9.355169669550620348e-01
1.680300599471026279e-01
3.858929729762907712e-01
7.097687644327057566e-01
9.843576849103077286e-01
5.830513350394975758e-01
7.828405237921283177e-01
5.302587274887535784e-01
1.565611550214662806e-01
2.376542524406901613e-01
1.933625618760125286e-01
2.143393651999270233e-01
6.680445908827314927e-02
6.932593584689156208e-01
8.966677102658470178e-01
2.470867015824793622e-01
3.252487584063450399e-01
1.607646158945079673e-01
8.337839431179506766e-01
9.331234963528960424e-01
3.853282944083790129e-01
7.555464348802665153e-02
9.715917681697201491e-01
3.371232020106447180e-01
