2.031192172555753572e-01
7.275666851776607658e-02
7.973312880994647411e-01
5.231751799576044304e-01
2.858422192575165166e-01
4.182899678081326567e-01
7.659109553445057061e-01
8.962400139876307570e-01
6.658877535185071528e-01
2.804451843843792647e-01
3.768332044972617645e-01
4.772665337151995590e-01
9.398619186995686992e-01
8.094741064880192072e-01
5.806730226725653754e-02
4.252390693198149219e-01
4.883387681419630866e-01
1.855709044047645362e-01
6.382325662943533207e-02
2.240301988381279141e-01
2.431353401729330344e-02
7.199108026405096616e-01
8.762272458930454588e-01
3.904267116275221827e-01
2.729426891637531938e-01
5.653996208166320869e-01
2.606609500454190043e-01
4.848560991235640882e-01
3.109789981646841062e-01
2.376517970309515171e-01
8.145886593851576762e-01
8.507129661163876921e-01
5.072796946491631154e-01
4.040665847385419562e-01
4.593493622515620878e-02
4.140951240990166093e-01
7.026532982509866576e-01
2.396254131514571339e-01
6.843999114986613064e-01
2.359229410954405415e-01
2.215394782119209927e-01
6.118110183287013282e-01
8.834936194474944937e-01
4.076027735155922649e-01
9.704846019892471309e-01
4.027907403362710470e-01
9.678814215153321854e-01
1.142488791877596110e-01
8.813756171650921623e-03
5.105826185843587162e-01
9.044843959949505630e-01
1.735599857555921721e-01
7.137352205955721507e-01
3.621652396856368528e-01
5.139736059773882815e-01
1.929323380904562901e-01
9.614131070483118435e-01
8.603435642298853381e-01
3.262486030327780284e-01
4.011460991430361167e-01
6.180384342438565159e-01
4.088633791164744125e-01
6.068663116645918176e-01
3.713455906563560838e-01
9.515493866615183371e-01
8.823099677677274100e-01
1.553833600665192050e-01
3.233922529406620949e-01
6.773309851770346057e-01
2.129389279577521554e-01
8.418437250576275011e-01
7.170750270458524644e-01
7.708205389550717435e-01
3.845711922585053344e-01
8.106954643385732018e-01
6.405321751512643713e-01
6.921343036625930978e-01
8.474660569206458050e-01
4.828566034837967758e-01
2.371791330853767477e-02
6.739549763230332502e-01
3.403508838113112889e-01
1.401400283966898197e-01
6.272294475510266087e-01
9.856932515218348456e-01
9.964098446090564609e-01
9.594267512302432355e-01
2.387878714395619273e-01
2.117121734553369938e-01
5.872816172606407648e-01
5.496599641290911276e-01
4.394817379491365861e-01
4.296656725941587762e-01
4.329262203758604821e-01
8.695213738041323026e-01
3.594665390943688754e-01
6.164427973342289091e-01
5.416426464821928466e-01
9.331102556559756067e-01
7.167559194199125683e-01
