9.895632822946635043e-01
2.756593923588820383e-01
5.292025428149831345e-01
3.495175167800719240e-01
4.089987964386720964e-01
4.725600746634158744e-01
2.217444372789655338e-01
8.476612518576478461e-01
7.293018998825629984e-01
8.852429628394921091e-01
1.519491235322063538e-01
4.831855206359857435e-01
1.936221148734236230e-01
4.489157594108736937e-01
6.582432850207677877e-01
1.119308003982429911e-01
3.144390614147080099e-01
3.102044002171790993e-01
1.155094023682283755e-01
5.794330181395525026e-01
2.502646230120942894e-01
1.395639253625092779e-01
1.417968642609652719e-01
5.525058522935604177e-01
8.534205775167232888e-01
2.114506198507741797e-01
5.544475670614485985e-01
5.864969509497733879e-01
9.587614547648229957e-01
5.183206230169647988e-01
6.897928911692083886e-01
6.058809804194340565e-01
5.010797264299770015e-01
7.679788321712407440e-01
1.674810335533170047e-01
2.274716245240618884e-01
9.755056245085990119e-01
8.648105164264063838e-03
8.385913952537726868e-02
9.497244573519811883e-01
8.124121192178846984e-01
4.593198004915988175e-01
2.411037351061495748e-02
1.095150267998610261e-01
4.119479382531712197e-01
4.090624401633177198e-01
8.347449397638554425e-01
5.653461867245987982e-01
4.488755320552433314e-01
6.594956488912292469e-01
5.761640156697394044e-01
8.998129053403267630e-01
2.167344260908894427e-01
3.363725796958271230e-01
9.079370886319404477e-02
2.443261095392834648e-01
7.669867334422262317e-01
8.088111628659722108e-02
6.339482002197970312e-01
7.859002687148313182e-01
5.817206664712005759e-01
9.243868058837267920e-01
1.658422901711414932e-01
7.098445837662434865e-01
5.360725411028740561e-01
3.602451573158860221e-01
4.399455914000912626e-01
5.090411835653817496e-01
4.227470731418414562e-01
3.433044507544220636e-01
5.755825477268361468e-02
7.922613111336646030e-01
8.547199148194669638e-01
9.782986279481632463e-01
8.837039359115644865e-01
6.218382020330905924e-01
7.460104744088061901e-01
5.704973380570883545e-01
2.378394729885480174e-02
1.556384129489292167e-01
9.719033098093108336e-01
6.471232219263601815e-01
4.283049015789944791e-01
2.825176615592709384e-01
7.745736323859336858e-01
7.910778952278535447e-01
3.672866416628091102e-01
2.634560563393305577e-01
2.944538406369590078e-01
4.774655023009943822e-01
5.541307359954237288e-01
5.675177253310093040e-01
7.816586123270218289e-01
8.350186208465374404e-01
4.699411253242180564e-02
1.388989218324147012e-01
7.094644797965036220e-01
2.548891163152056105e-02
7.475471931906038092e-01
5.049918648554556633e-01
