8.386675555183816799e-01
4.525196213176407856e-02
8.608302531007291369e-01
6.227872202331756757e-01
2.788588406904652928e-01
8.305703482127326787e-01
3.676802332567841169e-01
7.684214466761331019e-01
7.146826429549641979e-01
3.595981475528529092e-01
1.390482231042283745e-01
8.880843672684123336e-01
3.540166156504099826e-01
6.373099281521573678e-01
5.809780718004151634e-01
2.469689452280151576e-01
1.528875586429062627e-01
9.525445193851007630e-01
8.772744988388693210e-01
9.201131608441170950e-02
6.422386726888851260e-02
3.397859560105753740e-02
7.463815542130655123e-01
2.845499069264545433e-02
9.408593215904581530e-01
9.085722386471839496e-02
8.967197535623256943e-01
1.428692312450091650e-01
8.059885381067413146e-01
7.510952030844857408e-01
1.110508953299755852e-01
3.685949312053630189e-01
5.869931778402223133e-01
5.960766845801727110e-01
7.200626371256639846e-01
6.998337831776565432e-01
2.921527501589828990e-01
1.344196597010774985e-01
2.724457685400362150e-01
5.387596365218134675e-01
2.043595117239545012e-01
8.915803565567893552e-01
7.282731173890487630e-01
9.984752224395001541e-01
2.171754516400983270e-01
2.371869353439776118e-01
8.387590987093617168e-01
5.922187447986169140e-01
3.263777630250477291e-01
1.064495511924034021e-01
1.913751529369766002e-01
6.261784753513852664e-01
1.724539869563379568e-01
5.635279120482664661e-01
6.943246165862062558e-01
8.979895033000696580e-01
9.073217163469982083e-04
4.754973530783099811e-01
4.754163237204868109e-01
4.687547833110560225e-01
6.958024109473238683e-01
9.063768848511739584e-01
8.174613435229892699e-01
2.995605666161756941e-01
7.481003539342145903e-02
5.059655305008943227e-01
4.455725056421180330e-01
4.099881546589346781e-01
2.628276792649056892e-01
9.684999761224071246e-01
9.821492902368730293e-01
2.423715547265059556e-02
6.127535555958032454e-01
8.089908870040036781e-01
6.983546249580240284e-01
7.214210301493698685e-01
2.292107582816530487e-01
1.190539277278866992e-01
5.452709887517150911e-01
9.983330279573194854e-01
5.497569079363190392e-01
8.305077242377516544e-01
7.167832611230456896e-01
9.869068595606678151e-02
2.112632325217291829e-01
2.786311955896239034e-01
5.161550952392734981e-01
1.504938478304723715e-01
2.935696402027172525e-01
9.953265590326187962e-01
5.841818822753142015e-01
5.471370908247744635e-01
9.590119189564387803e-01
9.329915096730924118e-01
8.773241247921559349e-01
1.384761483152008310e-02
2.457420170321726882e-01
3.126868863150675804e-01
1.789422034143296480e-01
9.445178200811648050e-01
