9.751642994373863615e-01
1.420649657425154810e-01
6.649681515924370512e-01
9.560398973427937097e-01
1.653524276927043068e-02
6.496876430978061334e-01
3.841492957214488468e-01
9.785378757514930914e-01
1.179865541865015022e-01
2.393895377876706920e-01
9.531234468958701411e-01
3.269207238573712537e-02
9.789118987483961254e-01
2.993076041584448177e-01
1.900229966906409329e-01
7.926237917702402269e-01
2.639886079540172403e-01
4.628780105443842663e-01
5.232687870410678288e-01
8.911369583194825861e-01
5.894566633968452152e-01
5.690960033985654754e-01
6.752959817417635291e-01
2.181555995904842504e-01
8.568321649027410558e-01
7.058179105537742970e-03
3.198651627398816366e-01
2.164845877039285327e-01
1.725453974874580076e-02
9.832086250229329361e-01
1.466615179600893049e-01
9.052396070059373079e-01
7.719008612688411652e-01
8.272946440768649268e-01
3.812820671276613282e-01
1.067141487795533195e-01
6.161603948937810493e-02
8.739877919585262722e-01
1.507216583922574848e-01
2.991021345671207587e-01
1.003735956625679826e-01
9.015082239575848977e-01
8.102986376361182019e-01
5.093123802009618117e-01
1.314269314466871563e-01
6.639029480164098107e-01
6.691559183917838993e-03
2.732720545746171181e-01
5.327166109098443458e-01
4.040260664690586978e-02
5.956879340428462566e-01
5.699094851281442109e-01
3.606447562054401201e-01
8.947958289284672073e-01
4.060382680362022434e-01
3.781382914048939670e-01
9.974450888335003595e-01
6.603074385829976745e-01
8.311760735116247023e-01
1.763006931396183807e-01
6.846784906582163988e-01
2.259534598664274530e-01
8.263072804499047574e-01
2.071947467063999238e-01
9.891548697652782218e-01
6.553888275303360045e-01
7.029038956264566096e-02
2.011509561101356702e-01
7.658340626967402587e-01
2.935887056094289571e-01
6.576272657258386278e-02
3.795012951424892034e-01
5.820407721813319890e-01
4.710496206090264426e-01
3.257319278589110301e-02
9.172216981401593028e-02
3.410168572484931770e-01
7.666286419721501932e-01
2.150487162405505526e-01
3.594793906803275263e-01
9.080582380493947836e-01
4.046776924405438569e-01
8.681464703199092137e-01
3.652497076151451916e-01
6.171633686604343083e-01
9.402976012778900827e-01
6.799398905834402873e-01
7.575245014897517004e-01
2.727452312573996895e-02
8.596208384187569163e-01
1.657125607957670166e-01
3.843799355966159847e-02
2.147450093025209394e-01
8.568747622394573549e-01
9.814255035606833655e-02
4.835160611405897590e-01
5.861737939575948353e-01
4.404073268489753223e-01
2.225116104482075530e-01
5.961604071024272367e-01
