1.800639547929038242e-01
5.312055779218399776e-01
7.799826453785843050e-01
3.720391366672548550e-01
6.280379265782827236e-01
1.196733495145445580e-01
3.622841069366375955e-01
5.471434318098554739e-01
6.156120231537666188e-01
8.979352409506605737e-01
8.302095459684935008e-01
7.782793972937142035e-01
9.620710507151407631e-01
7.615662092544206452e-02
4.206852892132064703e-01
2.781634650690149035e-01
3.708891910159456407e-01
1.252139636456609528e-01
9.794042052542329957e-01
8.273979569511743515e-01
5.387556364481688176e-01
9.593430686435460153e-01
4.934885294764211894e-01
5.680519282537694892e-01
8.180300907805632127e-01
8.426442562703080341e-01
1.718789243052751825e-01
6.326052210088003447e-01
1.202957137317994807e-02
1.425647789318549297e-01
9.338852318004464692e-02
4.645864016220799808e-01
1.824511796717669387e-01
6.831094818522372991e-01
6.571499270604341802e-02
6.752306606740531292e-01
2.516056426090443887e-01
3.233033734041723672e-01
6.915105414873419232e-01
6.840929534259598821e-01
9.203685328861930248e-01
7.722665728834249288e-01
8.937710347897507290e-01
6.631470217963165714e-01
6.573523302764713305e-01
5.520923892244146147e-01
3.112631071166100938e-01
8.446817364690141217e-01
6.547695587588242550e-01
8.380617812019456325e-01
6.786492809411837079e-01
2.814696980365472001e-01
9.856801896089535386e-01
7.741140214447287393e-01
9.743464687572696015e-01
5.431540092088021909e-01
4.039538677113507781e-01
7.102798951642005365e-01
7.822121960576343680e-01
5.218763694139848530e-01
9.512259738987763891e-01
7.196754941537141237e-01
3.893138658424317722e-01
9.122476426155112783e-01
4.681174137677193148e-01
4.643667111224462074e-01
8.455932903069136586e-01
3.621591425399844910e-01
5.509594033902863730e-01
6.689568788371044183e-01
4.358829332598833650e-01
7.952745074436716743e-01
1.532106545212469362e-01
3.743070538757634624e-01
4.308804146559072068e-01
4.184687952426954238e-01
2.837422997510898881e-01
8.608678953969038927e-01
6.709735831323326849e-01
8.131344711277740389e-01
4.909922208125664378e-01
2.888519604826590426e-01
3.035855831446054864e-02
2.500589891840448997e-01
4.501615841504106319e-01
8.112600308241832980e-01
8.689798413846147040e-01
6.517694550011384758e-01
1.685735126458133282e-01
1.234060232683086289e-01
1.018485435224536495e-01
8.659469462971807197e-01
9.566054076802448236e-01
6.313802354789810334e-01
2.175353506450473651e-01
6.315622993138018115e-01
7.174032129769893906e-01
5.808947738278649187e-01
4.373772058639180393e-01
5.901861604669105255e-01
