1.511386308039864845e-01
4.102982014594289684e-01
7.564280402901422118e-01
9.632107555797485565e-01
9.353143510087594814e-01
1.140140434958802906e-03
4.223618949158691738e-01
1.758451389841327872e-01
3.221187835250927112e-01
5.651288337226441083e-01
2.389176780960180491e-01
2.878197109964663047e-01
4.807758116511779978e-01
4.271334896937348802e-01
6.971266301935779008e-01
2.899294605397447766e-01
4.715010205756514639e-01
7.231279805145615081e-01
5.973535682108972455e-01
3.178167658785352456e-01
3.710313015636058642e-01
4.220394862668591651e-01
9.733056094163724525e-01
9.216779255353835243e-01
4.768522239957884157e-01
2.288237223572281431e-01
5.087817872575869371e-01
3.932971029375145200e-01
7.269239558692045522e-01
2.683369952187542040e-01
4.554680048522063984e-01
7.824794014299046863e-01
8.991779884756573304e-01
1.533646324560669072e-01
6.649576658818867614e-01
9.334229548645248675e-01
1.963788647189722569e-01
6.544973351711077525e-01
7.844107857870322720e-01
1.061277426292827064e-01
8.085206392914201512e-02
7.778488277853201627e-01
4.145394561020422364e-01
7.014460003124276533e-01
6.187105644501302848e-01
3.214463824676324633e-01
8.639145445895090036e-01
3.660720909882930751e-02
9.206545284621366898e-01
7.707802130185371636e-01
9.054606696095156559e-01
8.088250459660824010e-01
7.876424469688578789e-01
9.862026243523028812e-01
5.977109299595754210e-01
9.144559155758411606e-01
8.756660376021999648e-01
6.202773839558899382e-01
6.893693600755870232e-01
6.675173318010784174e-01
9.083961128909290306e-01
1.841638606539747203e-01
1.298330615396203758e-01
2.086628208310559174e-01
7.332671006015007986e-01
7.812850933616657390e-01
7.638413832782455781e-01
7.684913259603386448e-01
7.898026024707230919e-01
1.759939192628253712e-01
3.100786698763569049e-03
7.033906750410786612e-01
6.126166967720955148e-01
8.233062890525885136e-01
5.462776361494458000e-01
9.932721500100473166e-01
2.118466355525765454e-01
8.158867734515968806e-01
4.257687557969148662e-01
5.085700376844328741e-01
5.080993029962092011e-01
2.236345158148875800e-01
5.639889751475435364e-01
6.013134334896622635e-01
8.446190939349368376e-01
6.387881411120959196e-01
9.298926976687604817e-02
7.078051271925115406e-01
8.237094522467262037e-01
6.435893902991329796e-01
7.181518645425983838e-01
9.483579610695931361e-01
9.199294486907462209e-01
9.653395055510038958e-02
9.687083650290051473e-01
7.231186225462074013e-01
1.569563232125725794e-02
5.566633742272968366e-01
2.791099651585227104e-02
9.943370949123377933e-01
