2.654852108152563339e-01
1.841687862100038764e-01
9.314737157180722482e-01
6.766282753222075952e-01
6.351856897437055949e-01
2.489456998988337499e-02
5.982576735215783259e-02
3.781081392421614673e-01
3.879849517911015955e-01
1.533110057537767634e-02
8.882816492110405804e-01
2.782884813826428383e-01
2.011083546633769537e-01
9.858994962491514080e-01
1.371549758913963579e-01
9.285153155889943610e-01
7.382457160193495183e-01
6.362546456141373596e-01
4.584109087044734299e-01
6.355690435999502563e-01
9.611894359184703918e-01
6.922005715131926973e-01
7.055006372195626874e-02
6.082164218382349885e-01
8.843459031250924252e-01
4.427334183457853900e-02
6.640612716738383270e-01
5.953405117560850446e-02
1.636450689050023000e-01
2.061509228456119835e-01
6.823826425335167700e-01
4.950374936123311809e-01
3.857267601914411426e-01
7.000655257739872850e-01
3.493733839673494046e-01
6.690706234909092887e-01
3.999271247231238613e-01
1.884701548442445640e-01
2.315742687028339297e-01
7.340321085876999607e-01
1.164814075796110071e-01
9.000640717166273896e-01
1.373655583071067277e-01
8.256885344804487659e-01
6.764975526919035920e-01
2.044174765662833959e-01
4.346310621032676291e-01
1.843637622971358025e-01
4.031760878891977873e-01
5.972329984364810329e-03
3.693003435390551648e-01
9.135585591664693306e-01
2.432669024546360026e-01
5.873988705439141533e-01
7.592876338984122508e-02
3.894217397342319975e-01
3.260477091296635210e-01
9.574932106119995456e-01
6.084144345664548315e-01
7.135406821303025282e-01
7.292932916621900352e-01
6.537610937882852857e-01
3.929123407968482251e-01
2.227701630065962446e-01
9.654518223810401034e-01
6.238235230443891499e-01
7.399954977540338374e-01
6.434073367907575669e-01
3.802343935747127812e-01
7.790981028274496234e-01
3.504115741464612910e-01
5.401832995184314701e-01
8.904782707259121244e-01
3.325751905595070168e-01
3.384543019078125603e-01
7.274254757872283816e-01
4.681057796905419011e-01
8.854503004220134477e-01
7.740465100586531033e-01
7.541849397994325743e-01
8.562811579513307514e-01
9.493500708950490807e-01
4.498284414825648447e-02
5.391038171978228544e-01
2.790599816151952961e-01
4.643967046240665697e-01
8.070393276670846383e-01
3.292437762522631983e-01
5.843813455747771668e-01
6.386684297094726848e-01
5.558867598019212597e-01
1.475531986103238991e-01
8.245043514528195283e-01
8.964452746278110951e-01
3.035420549727251283e-01
8.337130760468672852e-01
7.111323319322584435e-01
3.020478598682758697e-01
2.251477654633545766e-01
6.129946767778116090e-02
