5.675254966891907227e-02
4.114145230146366572e-01
3.426415717281358075e-01
5.593545496399832118e-01
9.006507288760247087e-01
2.270240033542847424e-01
6.701937167419649288e-01
6.037058899382049537e-01
5.950934569069804558e-01
5.755631411807439202e-01
5.344691818443807474e-01
1.133268851943225464e-01
1.866615366679225119e-02
4.399399794939852226e-01
8.440160697266783085e-01
5.507925968602810363e-01
7.167606263599944905e-01
7.535026166605461873e-01
5.244917751747610879e-01
4.713704637571238809e-01
6.609153727110052001e-01
4.164402381959750876e-01
1.472360160004073659e-01
8.203489738480065352e-01
7.768153921364340242e-02
4.004724588215797798e-01
1.930157749436193226e-01
8.807251293214540810e-01
6.261174625060635934e-01
9.062874787385933883e-01
5.696455243235587496e-02
3.165383837006208179e-02
8.755901336291714854e-01
7.989765805833309864e-01
3.038328990773291327e-01
4.378379159687832978e-01
9.054412982595895221e-01
3.509197599706292969e-01
1.603464560024028263e-01
9.241134646537020325e-01
3.555402771319648991e-01
7.447269542930455843e-01
2.675790157585850038e-01
5.375041522978004638e-01
4.536510932176344157e-01
3.650285630913240320e-01
8.913820885845888942e-01
6.020366082559178711e-01
2.767232544959488116e-01
2.642326010085980226e-01
4.846748226351518252e-01
2.321298493948975583e-01
6.510067135793373705e-01
7.636792175972684227e-01
8.557636440985399995e-01
7.653090825671717834e-01
3.578973380608987398e-01
6.531123801845171162e-01
4.867594557104463204e-01
1.864668218382757869e-01
8.252267156156751771e-01
2.363776815019366095e-01
6.988999099624014777e-01
1.292656998509931210e-01
6.290213819150387575e-01
4.407985999064355509e-01
2.492520228051038345e-01
6.068212534999222196e-01
4.450880770034633116e-01
8.398207897355732809e-01
4.094057598646075880e-01
1.091378751158591509e-01
9.458417778561547529e-01
1.884713340194635878e-01
7.141882383389650535e-01
2.789869891450782458e-01
9.901624014846518440e-01
1.206035794255050364e-01
8.647363976727532320e-01
1.812138582861244629e-02
2.067000384309635175e-01
7.311341963929027798e-01
7.799161846686668564e-01
1.379394169031349371e-01
3.327626875095913705e-01
7.567863989584405759e-01
5.380284527340697398e-01
3.495181460697527331e-02
3.727534869368513970e-01
6.136593789513782315e-01
3.691312438719676070e-01
7.556826731876936654e-01
3.586081519283239594e-01
1.154257481584057832e-01
3.269068447748998407e-01
8.661670361727624723e-02
9.309868028949276342e-01
5.167682322404176798e-01
2.293019123526437442e-01
8.369398827328438095e-01
