6.101329355202833593e-01
6.313166166324337691e-01
4.611042403480130059e-01
9.125524038407827332e-01
1.666722395773579946e-01
8.702274412600472520e-01
5.447230778486755742e-02
6.308314058657624734e-01
3.343632624234360584e-01
8.520874588562031837e-01
2.083406848433567715e-01
8.656260202370147372e-02
2.721334691178997067e-01
6.650292665480438403e-01
9.764456793999379824e-01
3.955416158262576865e-01
9.544715234420665384e-01
2.123533923689415737e-01
5.114315091059120633e-01
9.314864932081923232e-01
6.324941356183537700e-01
4.461312601789479970e-02
2.794066024719717989e-01
6.784237984126949561e-01
7.555267575221216170e-01
7.551787610372824311e-01
9.533851125255443648e-01
7.112212628553149507e-02
1.370029706915505407e-01
7.854964508541492085e-01
2.179734321376152195e-01
7.467604294447229840e-01
7.113159404807402053e-01
1.831289852042727873e-02
1.134951345559125357e-01
6.397187689694722179e-01
7.041305643312190110e-02
5.959659045306695546e-01
6.281335054325661860e-01
1.546784103351452888e-01
4.641763965846731343e-01
9.282761655188289662e-01
6.667294708552664595e-01
3.059494806490209440e-01
6.158135825896136062e-01
2.557244463988793681e-01
3.819313333905939301e-01
5.859959063196803486e-01
9.190462844596561931e-01
8.469316559955640811e-01
8.150408435050776612e-01
2.885832639758094675e-01
5.405157290669718728e-01
4.981525688794398166e-01
2.205941788749208321e-01
2.119116642209805113e-01
7.981974453211767573e-01
2.962390168622754949e-01
3.251515522794328206e-01
2.835171041441848505e-01
5.978898087668852446e-01
1.788665110534196634e-01
2.485414140422240736e-01
5.259834852843103814e-01
7.664450873148853649e-01
4.823471473883914618e-01
9.788490086901066034e-01
6.246542272006383456e-03
5.079341656352731604e-01
1.506656238638992562e-02
7.834970500937220583e-01
2.022186393475573496e-01
3.428575995725924308e-01
8.363771378643239940e-01
5.215901179299263779e-01
2.090205033443421900e-01
2.340062123341282163e-01
8.258026181644898545e-01
9.856412628169153312e-02
7.030018808552153109e-01
9.604102781591770110e-01
5.271623821080214656e-01
3.287586660975738706e-01
4.270732330155353473e-01
3.091961020742327593e-01
5.856062972259375998e-01
6.963957136821220528e-01
1.824495300146513621e-01
4.630622603842607932e-01
5.013070236210080965e-01
4.337929474068697999e-01
8.203833689116037942e-01
3.206110787092424363e-01
6.266588157225526645e-01
5.286621459631056785e-01
1.996693713942264692e-01
5.304579209384101546e-01
3.391666960548315179e-01
2.339995398415863903e-01
7.141814027458730507e-01
