9.787832860346787900e-01
9.494421740170114754e-01
6.969283803833670188e-01
9.801844185507040397e-01
3.826221082259650963e-02
1.817665960108473255e-01
5.623162054551652522e-01
8.888775777098290032e-02
5.626291817397175432e-01
7.176465646820745503e-01
9.796562906183778896e-01
3.052082309853535458e-01
6.946540936450258386e-01
6.739030428264636274e-01
4.186148470192252447e-01
4.104273362799379932e-01
5.600706950826649377e-01
8.543604205456383216e-01
7.470683645657583138e-01
9.240407522203327728e-01
5.782144918450983218e-01
1.835726900392647964e-01
1.341748293894973187e-02
5.615050464765526383e-01
7.169354760365151957e-01
6.873847578818000903e-01
7.824122382964937561e-01
4.007186749922430069e-01
2.522702954462088254e-01
3.238366719641462277e-01
1.444051650144060339e-01
3.767980932837124985e-01
2.127741242697510637e-01
9.510721864083268029e-01
8.649400388509218551e-01
2.246642831934465567e-01
4.322929174023104615e-02
2.083000057872906874e-01
1.942100139203767339e-01
6.601824846166962635e-01
7.047144045118403088e-01
1.425514081336622940e-01
9.487020865668930325e-01
8.917827733250790478e-01
2.889826735861810159e-01
4.647006464654817037e-01
2.904668457893158084e-01
2.883960228441762030e-02
6.464149469587604502e-01
6.832688917663888306e-01
7.372423738035875918e-01
8.085844516528394310e-01
7.447094561677999325e-01
6.355252154236806783e-01
5.162871263095998309e-01
8.005165711937657358e-01
5.026394537558749320e-01
4.727619658034164507e-01
9.962227150370565054e-01
8.492837408445810254e-01
8.521447455802044768e-01
8.034585847926167812e-02
5.911811308581285118e-01
9.231437072155669332e-01
5.562612371680419887e-01
7.236238364930589473e-01
6.466743691616664291e-01
1.550939544480757215e-01
3.168902338108000594e-01
7.730270709006897834e-01
8.488863660292256252e-02
8.043301228097179401e-01
7.220247314660748206e-01
5.685146933088560672e-01
9.707542883954669577e-01
4.829598848082999885e-01
7.123964561401957551e-01
2.185693582998440299e-01
6.076282500987301161e-01
2.924204939379845269e-01
4.426320310902983612e-01
7.902840445896582855e-01
2.419673468459671017e-01
9.346613977896960357e-01
5.298719108305681713e-01
9.580803830671674737e-01
5.489082187429163984e-01
1.706499978360132008e-02
5.574648560258051999e-01
6.674489976691955206e-02
6.197385397795778239e-01
7.511933179650290837e-01
9.239464687636782525e-01
3.242194962559311611e-01
1.912247194701982567e-01
6.958866547608697495e-01
4.451206770445940153e-01
8.337922451966197634e-01
3.475479335215186927e-01
4.356525299844924426e-01
