9.928675788270120428e-01
2.740784868586704226e-01
2.448998571135173608e-01
7.216681672962171890e-01
1.656137159304862383e-01
4.773092764035685720e-01
2.452539361761086889e-01
5.734426019569605071e-02
5.778345512971410081e-01
9.869926184775940081e-01
1.897769523279093651e-01
7.939560108272857297e-01
5.427288657321537313e-01
8.124587666110938411e-01
6.123252961061029787e-01
6.625908549860086705e-01
6.774581293092422074e-01
2.945184812897205795e-01
1.305274844850616844e-01
6.224435136345873865e-01
7.210219139705029701e-01
3.049504678319487905e-01
9.238099754186921420e-01
8.783338670901372769e-01
6.912216377219442265e-01
5.514620735788743344e-01
9.307883315541816138e-01
9.093062305696202330e-01
1.221493579021721843e-01
5.671679880809913366e-01
8.569861205545828975e-01
5.425855386503053435e-02
5.333408631118550236e-01
8.551484709693017994e-01
8.545122020005212482e-01
3.651126098397275976e-01
8.839244974805798849e-01
4.628744929441593881e-01
9.432300280252073899e-01
9.482511604583032661e-02
4.297388074915393652e-01
6.535327863450460795e-01
6.641675458685712963e-01
9.957847362324435680e-01
8.062857254615736213e-01
5.964337975746841769e-01
2.361577104026518770e-01
8.006301611123413098e-01
4.209403736725049194e-01
5.267425225028572466e-01
8.922700038705457803e-01
4.638777232794110139e-01
4.372434447154266435e-01
5.930449255638681194e-02
2.545213426618442298e-01
1.373482656777229582e-01
8.435546246632319445e-01
9.255179356041594030e-01
4.200042470692978425e-01
9.390074949530092807e-01
9.857525410928101861e-01
2.023593877679745745e-01
7.631503767182512554e-01
6.772368091407577895e-01
1.193246678178868647e-01
1.908291275299277556e-01
4.900547570026395627e-01
8.009783453194807556e-01
3.888968044700810145e-01
4.849460017853665095e-01
6.152466709010281365e-01
9.312031735096659713e-01
6.731269404549182767e-01
8.228482332515519859e-01
6.906776674903263302e-01
5.530226823107220469e-01
8.526983980219671189e-01
3.334123361272794961e-01
6.784511087947656671e-01
1.244201510731444138e-01
8.251868047940423834e-01
3.901882954807337489e-01
4.843018594651959940e-01
1.720997821885610346e-01
6.755238090544113394e-01
6.024364816573045678e-01
5.346368523397443395e-01
5.598025935538448739e-01
8.658295236128721317e-01
5.783273723175033076e-01
1.867161547986885273e-01
2.734717158415574945e-01
3.901946732745904534e-01
1.870076591831809631e-01
7.132357222044887202e-01
8.592037214353405172e-01
3.059567611157529843e-01
4.322068206840445903e-03
4.951159985036798217e-01
8.407202948434516765e-01
