1.331735346468075898e-01
2.274039194317831747e-01
1.765156175738197275e-01
7.601915884139223145e-01
9.372824255962086681e-01
4.250026226038338129e-01
8.181428335881151259e-01
2.267150618790627625e-01
3.086101021512239750e-01
8.397788459645507686e-01
7.521561574335862144e-01
8.686336573121712368e-01
4.486319344419845701e-01
3.870241586106812903e-01
9.078917576478887641e-01
6.834804267482135209e-01
1.988952130688811382e-01
1.452502453588422338e-02
1.375840261881389193e-01
3.457245501666373899e-01
4.648907768361709714e-02
1.754897202492594621e-01
3.154972300853637890e-01
9.989615179695622293e-01
8.742196001580880838e-01
4.598811572301410022e-01
1.573320771846165034e-02
7.211276244277434744e-01
9.684065527967719023e-01
8.807148990757226459e-01
2.473426940226174375e-01
6.303759585617554340e-01
1.398603810938706671e-01
6.451778131594525512e-01
7.155254103427570733e-01
6.522743233689868303e-01
7.284883856075905495e-01
8.435675814043291920e-01
4.294754072610864615e-01
2.950780612535761627e-01
8.323598771624286519e-01
4.566422886078139731e-01
2.480952297362107872e-01
1.808290426613939905e-01
9.688125809160078594e-01
4.211047947446440176e-01
6.346444697927433598e-02
4.871264553679380827e-01
3.634388619310616741e-01
4.680945383363956935e-01
5.562397146426367733e-03
6.368281623883131903e-01
8.100301192930199345e-01
6.064446242980497948e-01
8.514945152880807333e-01
6.599739216097854078e-01
3.345529883962602424e-01
8.467921147094974454e-01
3.014169840864797667e-01
1.066018350990414199e-01
1.901892838017693599e-02
8.468254650766112723e-01
9.257315498882112692e-01
2.312296576196487541e-01
8.968995897074880652e-01
6.520061042879240487e-01
8.290727166292988226e-01
3.958345735457358128e-01
3.958824088378907202e-01
7.098508857613139433e-02
2.172057247504409760e-01
5.518359474097045414e-02
2.516067623081185145e-01
3.944370763941256186e-01
5.797651939669189458e-01
8.933049792033480596e-01
7.715096722023419007e-01
1.229568810235215359e-02
9.894671657529107156e-01
4.214153544622863956e-01
7.891942712956343531e-01
3.585445548065752108e-01
8.131149117878209154e-01
3.929035861671584806e-01
9.839891129079376686e-01
8.612390875814452951e-01
9.347710062461356273e-02
2.686257738636542713e-01
3.294862905503868067e-01
1.115939977977620234e-01
6.523591876169354542e-03
3.752126192930244075e-01
8.978694611793942570e-01
1.217526919529567930e-01
2.322012072718848685e-02
8.621191340104812362e-01
7.542078224588112390e-01
1.326209137962949258e-01
9.116232861672082244e-01
1.909517044855788548e-01
