3.025583274117650268e-01
7.453986153873759513e-01
9.328343342820006878e-01
8.621822463179255047e-01
7.048004884438222595e-01
7.900852135859325331e-01
3.507495856613398466e-01
7.867179603331369009e-01
8.158716304933474328e-01
1.643761130956470362e-01
5.990235091395823552e-02
5.705259490693255220e-01
6.060848819282669275e-01
4.577684173037885884e-01
6.638598630063531347e-01
7.822163332526199664e-02
8.494909151432495920e-01
7.255464937417287485e-01
4.712174241430981958e-01
2.244960945734510993e-01
2.398218023714423497e-01
3.683266856207720874e-01
6.171988568860609092e-01
4.086342069627246776e-02
9.491341778108534077e-01
1.322924236626833450e-01
4.600990657473948975e-01
7.947040906240000480e-01
4.113187469232830740e-01
6.021017016626651897e-01
4.520851019315289543e-01
4.074690076931535287e-01
2.984150058727694788e-01
2.982823313434526113e-01
5.338380403474942693e-01
5.552540777797679850e-01
1.024055421218226236e-01
5.402532845358021252e-02
6.846721172905889663e-01
9.582556807017499345e-01
2.577939070675679956e-01
1.225493069539765889e-01
8.911096242501698184e-01
6.834828649804457479e-01
1.831262859163342860e-01
3.548140019907395359e-01
3.815125517334048144e-01
6.037570765841873133e-01
9.674854202131744074e-01
2.259228133497415136e-02
3.872658431366092779e-01
6.101083764764660966e-01
7.744056828056786745e-01
5.437124532780066577e-01
9.912819363847019671e-01
4.757984890704747283e-01
2.577028679310308101e-01
9.439161648855940445e-01
4.023802099099279550e-01
7.817039121603940321e-01
4.821180749784559350e-01
2.505407274112885219e-01
2.661237428226347346e-01
1.929315046478938811e-01
8.368521624396729752e-02
5.537574934527437209e-01
3.378452429603375773e-01
1.129024707507334524e-01
7.085200659920731781e-02
6.549390906420347047e-01
8.759014423121646020e-01
9.671796960410042887e-01
4.563087061513908527e-01
7.835388031309276080e-02
7.454928131369070732e-01
3.734732942098468733e-01
2.436728383000610343e-01
5.770979903156882029e-01
8.678824445781503361e-01
2.595831173517787471e-01
8.863956968271023973e-01
1.979923086501692575e-01
6.527267706194843644e-01
6.132134762799373862e-01
7.878139102223522539e-01
3.133055439255761909e-01
3.631851109631877295e-01
1.696712078170566906e-01
1.680928343074049591e-01
3.881694296644633280e-02
9.070762857588804406e-01
2.873465902724586796e-01
8.314817720667853074e-01
4.038653676573654705e-01
2.609570963369469698e-01
9.008880509671749470e-01
5.879479039133204132e-01
9.989251759449022661e-01
2.613667633541061353e-01
3.200059074673916593e-01
