8.208625929205549676e-01
3.409315943413536720e-01
1.775483256733134674e-01
2.377183819233497086e-01
5.923754893555700507e-01
4.804787667003257434e-01
5.829445491156381998e-02
7.022986239668168595e-01
2.293839284183587512e-01
3.195714923302387378e-01
6.430958645066459090e-01
1.764008148064466486e-02
3.819262343416239824e-01
3.279134322961725356e-01
3.883557296656615643e-01
7.480414105364803223e-01
5.378294690275284839e-01
9.199744244807764870e-01
3.751773143251009301e-01
2.411079099402150261e-01
2.515823143119289007e-01
2.116402683079493530e-01
7.126983094274869091e-01
2.984489335286562017e-01
3.707964886511194713e-02
5.357094301344460519e-01
5.924228111427390919e-01
9.899131965211847017e-01
5.129178283118690507e-01
5.834021169813344843e-01
7.236466349411107002e-01
6.330050279243742972e-01
5.569687718366911344e-01
9.098909652216182753e-01
1.659676036184308812e-01
1.891694161099849447e-01
8.972646167580571319e-01
6.191924841365564758e-01
4.750143841596020655e-01
2.309245237957423535e-01
4.161039197212372809e-01
8.783757731164318905e-01
3.380875712516554499e-01
5.537179483198738650e-01
1.637537906766435292e-01
2.172598470798549064e-01
1.310700799582176224e-01
2.989006943566834273e-01
3.805296465714739229e-01
6.014640087250365807e-01
7.901746902860056210e-01
3.544033302277932451e-01
5.334716948429585326e-01
1.104899189458857789e-01
7.225378448689435684e-01
7.759999977612441757e-02
3.923837778455884218e-01
5.029197441795202339e-01
8.089527912390892528e-01
7.706503417787280430e-01
6.305746442649972083e-01
5.188068038639470636e-01
7.940732164971864293e-02
3.007259410603788652e-01
5.509963186131064949e-01
2.141633842608211546e-01
9.056069930744226060e-01
8.421705127263781065e-01
9.779625570402423751e-01
6.387702480445487385e-01
8.975412141724437021e-01
3.985502458659450076e-01
1.619517023703856973e-01
7.107496196826538215e-01
2.926109541083503629e-01
5.504654552520075184e-01
1.143933687059668358e-01
2.749843330014877241e-01
4.328673608419584262e-01
8.363039833414893653e-01
8.369548669830861876e-02
4.571117467400932499e-01
4.883951649399715933e-01
9.873378233345846411e-01
7.773340749406465466e-01
3.045544056473140637e-01
4.796370848730919789e-01
5.773273142448224204e-01
3.475119064253184842e-02
2.645831146560486680e-01
7.547102556698340736e-01
1.976506026841619024e-01
7.203167835516773865e-01
2.393472552659620112e-01
3.152710351558679625e-01
7.523608533673749044e-01
6.869321393001749376e-01
7.700350911588462743e-01
9.193588165427500902e-01
6.157454586024324605e-02
