8.238915842514343835e-01
5.274312716227769204e-02
9.714453610154635266e-01
3.896993440289346911e-01
1.153594653931696579e-01
4.690730333564616661e-01
1.711980826384089660e-01
4.413765132674527525e-01
3.442004612486930792e-01
8.878138055453618227e-01
4.307114940771672451e-02
6.424760545410559409e-01
7.486025479318236808e-02
4.794403936763174112e-01
7.828943825429792724e-01
1.862725808164729102e-01
9.404164696619299324e-01
7.212844836258497372e-01
2.619536972447433776e-02
4.004813593561550311e-01
1.602947111822273785e-01
1.704205647229127818e-01
3.706497279872693618e-01
5.949299439822837154e-01
9.428378189053868708e-01
8.653064898288720386e-01
5.588169320691972475e-01
5.785843608433601792e-01
3.212110066228105465e-01
1.450044149419642547e-01
9.525925266015776716e-01
2.876412447952531037e-01
3.908467048293581270e-01
6.291451741056769409e-01
1.971456830514042302e-01
9.038460259194632807e-01
3.427684357795365289e-01
9.654083574030725146e-02
7.072121367630397337e-01
1.423781356267828091e-02
7.598651564571246020e-02
9.848137374665452137e-01
1.717214204496028129e-01
9.768358656511607618e-01
6.756614790141282079e-01
1.757136349449146540e-01
1.172997980754150182e-01
5.235455721200904522e-01
6.447027421022939464e-01
1.760601999475017720e-01
2.029209079805237570e-01
5.994921740647108921e-01
8.129828219703282288e-01
2.712197538436209587e-01
8.315735122236522781e-02
3.882020912751141806e-01
2.239329713097288899e-01
4.181788649890277876e-01
2.155689561756813921e-01
8.371131039540411489e-01
6.446787570240014587e-01
5.529263383287944533e-01
1.099182181721728435e-01
3.397845196425646197e-01
9.158902089400527968e-01
6.468477021072663868e-01
8.205300042564911411e-02
3.585009478468836885e-02
4.984003105016083790e-01
1.616597248645914586e-01
6.006214626554107205e-02
2.456629188479219073e-01
8.339913233205361598e-01
2.347391666367004692e-02
1.956095094526504319e-01
5.840101581266883279e-01
3.322355987445584358e-01
4.194738502401712532e-01
2.892773607681465853e-01
4.485785933752330923e-01
1.715338830914038271e-01
7.065885209264577416e-01
7.399689538823576163e-01
3.326867975899994168e-02
7.450419342067479134e-01
3.632497536623002787e-02
4.560139542755892172e-01
6.986116800308606045e-02
9.245690781638320477e-01
8.506565359982111163e-01
3.342468011713821685e-01
2.782221103300807075e-01
9.947141045888678867e-01
7.593912182267481548e-02
9.973273500161354832e-01
2.947470479730964765e-01
8.538026226933557172e-01
6.132972422658604650e-01
9.206389127891303481e-01
9.078466131266471617e-01
