8.486486205091530177e-01
1.060127953654621535e-02
2.910726561222618525e-01
3.365459300881891158e-01
1.697012950713754353e-01
6.296931006321748736e-02
3.212952580871499819e-01
9.266717713833908521e-01
5.984020566176039280e-01
3.310095041974313590e-01
4.602381066491156858e-01
3.214852111501586007e-01
1.079948048828520690e-01
6.627305329803118150e-01
8.078967477938291397e-01
3.995944145101687495e-01
1.186061406293326126e-01
6.772546575549189818e-01
5.438848641884369561e-01
1.748543575907656189e-01
2.898172745414215878e-01
8.094272240300615096e-02
9.814540680275185558e-01
8.442625838777012559e-01
1.583397006761453341e-01
8.062301242987264249e-01
5.704603770964393750e-01
5.706904363981235573e-02
6.018869237607196165e-01
6.638033740854710762e-01
5.635736269325037906e-01
7.685250300806369950e-01
5.337440858590646320e-01
9.514562525757195299e-01
5.208978005259802257e-01
3.399696279948197786e-01
9.651328424341847345e-01
9.014674510597754375e-01
8.078545884857670778e-01
1.954767963029867550e-01
9.085319182080269229e-01
4.375595347295653248e-01
6.201620870936090935e-01
3.439228288127257338e-01
4.773835462373121619e-01
4.392194396763263731e-01
5.826812125549621912e-01
8.652971874788191187e-01
4.621959506369721637e-02
1.720561085494199949e-01
1.017486755022711797e-02
3.121774389857996379e-01
6.168115007546377537e-01
9.835515250240491891e-01
3.045415933854866974e-02
4.912055470056573281e-01
4.405203826983153936e-01
7.332970550032794632e-01
4.743772043450111831e-01
5.220246097088201420e-01
8.696808036634112726e-01
4.541568235387521968e-01
2.380956217119152285e-01
3.814300864139811287e-01
8.309701551181447599e-02
4.908776589504740828e-01
6.443018517869181228e-01
9.910673754196418495e-01
7.713772511965116818e-01
7.748092551739272915e-01
7.063292053719112396e-01
8.266961378579851250e-03
4.249030169580694238e-01
2.931344270798452722e-02
1.072085150886474825e-01
2.809766539267106733e-01
5.744009836657231194e-01
1.426924309056598617e-01
1.159157083227599916e-01
4.133441403282525073e-01
2.534894560071241365e-01
1.086351237562066530e-03
2.530978182892587025e-01
5.824641338729135143e-01
8.304533020115967279e-01
7.504801275297106056e-01
8.809160334411221260e-01
4.810856541817958298e-01
1.281768291763827339e-01
9.974434328555844553e-01
8.962410353554083331e-01
9.097755682363786178e-01
4.468900922486488403e-01
9.739922988743305865e-01
1.827941988234758064e-01
9.553354332425892936e-01
5.926484266936420386e-01
3.504144090440554082e-01
3.644380093203796189e-01
7.890175360516826775e-02
