9.750517898381901860e-01
8.947475551464272314e-01
2.695537697693872747e-01
7.042105624905059535e-01
9.739274157162558510e-01
5.906770940143402093e-01
2.638296363340945083e-01
4.891797090619868227e-01
1.733333408068533643e-01
6.775138638057620621e-01
4.705806375634709049e-01
6.894050139964970070e-01
1.585939987367809278e-01
1.064543341087618167e-01
8.103092068819357507e-01
5.242283718207937371e-01
9.103919239269211428e-01
1.544498958585049930e-01
3.577819370773742680e-01
1.267993324583571724e-01
6.813401077325506039e-01
3.345880874817580564e-01
8.246573630813891498e-02
6.517841757018237869e-01
9.704471852385443409e-01
1.026166526343575969e-01
6.613574873357265238e-01
3.774409746166230706e-01
8.999083783658924363e-01
4.349545956566239768e-01
4.323767562392564212e-01
5.341211922140376434e-01
6.040119962226323524e-01
6.362797653916848484e-01
2.260828242030161750e-01
5.700576971980340080e-01
4.218027845660544672e-01
8.044112109266129407e-01
5.294324513851493830e-01
9.160177911632216841e-02
4.741198844673105706e-01
3.111701568643696625e-01
6.091413728697953056e-01
5.660319101606536840e-02
7.191509017236025203e-01
7.000231150642611810e-01
6.168549769778838288e-01
4.454591056965218065e-01
3.648573696402102051e-01
4.111411537695002227e-01
5.293442818205098543e-01
3.813734890264506294e-01
6.289763424916797740e-01
8.247628211589536074e-01
6.109145010590555369e-02
5.914752560065883458e-01
1.831711062957823710e-01
4.655042801345221637e-01
5.438386161061422586e-01
4.416061964933051254e-01
3.756955676211979345e-01
5.464460887017648094e-01
7.035068349117329367e-01
9.597898902912849195e-01
1.921383810525812974e-01
1.573110330349769548e-01
3.330446796999687598e-01
3.942126312600178206e-01
8.319651384819291007e-01
7.091665404704672326e-02
7.966415156337967041e-01
1.399608548489117421e-02
5.574137778217105321e-01
8.468672691080847414e-02
3.264372965537823967e-01
4.775374261427993705e-01
7.007978040292240918e-01
3.895632713829058069e-01
5.199680852945286480e-01
5.903031241080769487e-02
5.782509930838185541e-01
2.156721788591188238e-01
6.115952582348452848e-01
5.391654385920303660e-01
5.871290474390977732e-01
1.069803372824281729e-01
8.068316302639721993e-01
3.239318520332579165e-01
9.163020950352523952e-01
7.637105678129995079e-01
5.136786634023668974e-01
8.717344283936842020e-01
8.578169861146235364e-01
1.503517932456371886e-01
2.009404416811110261e-01
6.697427037011759454e-01
6.322480957239703381e-01
4.151393066583782820e-01
3.848066819672668615e-02
7.728662618433884690e-01
