2.653741715539362778e-01
7.244477117869847493e-01
7.954354026671789368e-01
9.549424866161212444e-01
8.870307768601058962e-01
3.358751268672031109e-01
8.837427260842647403e-01
7.973150975930625162e-01
1.059661440236017160e-01
1.045798859289361893e-01
1.228218190168458568e-01
8.055201071470750041e-01
2.377563681400807205e-01
6.989720340583495117e-01
7.454208455320678883e-01
9.434783466332016255e-01
5.656428060768857735e-01
5.195989035829572389e-01
5.835461570270551457e-01
1.261119890230214535e-01
7.353631707165803055e-01
7.751375826621547116e-01
9.466650431099764562e-01
2.458890081258886529e-01
6.893258046652356308e-01
9.213745490779998715e-01
5.391686286276787810e-01
6.927142886100653429e-01
4.957214877724210877e-01
4.631766355258788437e-01
1.052428336279234156e-01
1.092592627276212092e-01
8.573084073520002013e-01
9.346314695857320665e-01
6.679202565208263165e-01
2.120186552412290926e-01
8.970950643748500930e-01
7.424077516113515296e-01
9.381842432134501752e-02
4.426099088029201711e-01
4.479885884003336205e-01
1.928410213681603924e-01
8.542997884474695658e-01
9.738665906921906146e-02
4.614085493264330484e-01
8.729675960099401166e-01
3.479060931242751176e-01
2.722785571058131682e-01
4.617933673982825837e-01
7.064459577178433536e-01
3.038045783115073117e-01
5.614903514488573943e-01
7.514840955241020026e-01
8.412830603941896523e-01
8.393445524252689527e-01
3.307578061962019866e-01
1.035014187009719588e-02
5.811922950282917277e-01
6.551620264464440568e-01
8.837342059768580338e-01
5.278775977977012701e-02
4.784357605070039821e-01
1.153206475958211685e-01
1.543166941121737468e-01
8.555722431342741574e-01
5.428787947640845157e-01
9.480255560224823963e-01
7.570977639393794423e-02
5.839866922033875030e-01
6.444145641496181742e-01
8.446307899577233380e-01
3.327441799255786981e-01
5.455027531927454376e-01
1.799931654848351270e-01
5.034779982862028769e-01
7.209220965457311392e-01
7.719473639205018944e-01
6.640124422454589670e-01
1.085224936859319200e-01
8.602874823463597664e-01
2.181277745738426921e-01
8.179558809889059257e-01
5.214944316693589377e-01
7.541926819024741269e-01
1.042892451678357757e-01
7.996620496444487580e-01
2.736317547166765562e-01
3.908592467468147147e-01
8.776351950810504787e-01
5.243019591300804860e-01
9.719202785380913756e-01
2.533193621911153937e-01
1.809250682535590293e-02
4.250156990806150947e-01
1.577386147997451582e-01
6.743570966837174607e-01
5.967458840289654454e-01
5.434512903820257756e-01
8.524721102481213064e-01
6.246494532659027099e-01
