7.364369924328368899e-01
6.416181852837421484e-02
9.155816735919071192e-01
9.022514003300603491e-01
8.528102222479175820e-01
2.609111557061621900e-01
7.003716273828630712e-02
2.614994093709249734e-01
9.297365350507741377e-01
6.775790409051801744e-01
9.126216267637347057e-01
5.687766450132272222e-01
1.463968054368776084e-01
8.341637958121583818e-01
9.810454522762233065e-01
3.824108235305736514e-01
9.189635568669866084e-01
5.661053033354417341e-01
7.430221308837576810e-01
4.879961019938429123e-01
5.077951877778257295e-01
4.745726514173898014e-01
3.336386986804718013e-03
5.055334299465086279e-01
3.953103712195440433e-01
5.363461643692248870e-01
9.861322494111102177e-02
4.800233326676017764e-02
1.349596941368133018e-01
4.761514991899858940e-01
5.819444462218679170e-01
4.271060482435158345e-01
5.514717523341428063e-02
7.230253979124336983e-01
4.958648374943288584e-01
3.321103181239584146e-01
7.623163792434407560e-01
5.287179373423969153e-01
2.205720286703749533e-02
1.700049877409000043e-01
7.506532897118050052e-01
1.078364119354290329e-01
7.098059714739510806e-01
4.737326810655895226e-02
6.376827145466148483e-01
3.852459664847539544e-01
8.004742005864162735e-02
4.976994426650217518e-01
5.623969392336047868e-02
4.670019041886862565e-01
5.824506972964815787e-01
9.455916398719043103e-01
3.034173164210647311e-01
3.104336398371425609e-01
2.924726387149195750e-01
7.563655991448533511e-01
7.369050895764667208e-01
3.090371410099624905e-01
7.348108724674087266e-01
4.755814948138470388e-01
1.037201433454464361e-01
7.378378169603601044e-01
3.817319941171883890e-01
2.313069042554312116e-01
6.083268045768421839e-01
9.214910469106918356e-02
7.940471039244415552e-01
5.239822818853342445e-01
7.915058985308116579e-01
9.545361804191107025e-01
8.364595645358474663e-01
9.833181666035823998e-01
7.006071363833175081e-01
2.013252585502897096e-01
7.417305010757838657e-01
9.160731960143579933e-01
7.487430068600788857e-01
3.503023577505851582e-01
9.870059747062439603e-01
3.059104730704920172e-03
3.784806042794086611e-02
4.141538457925577621e-01
4.266686057951253330e-01
3.275970716261850102e-01
5.314755079996995590e-01
8.076941365941362472e-01
5.045148764941935760e-01
7.714397204017420240e-02
3.295272211409588925e-01
6.328959418512627444e-01
5.617200110497602150e-01
6.066365398530748632e-02
8.841190075542662008e-01
6.005183852072678574e-01
2.413084337319096884e-01
3.069312154928796055e-01
9.835772151171743305e-01
2.860503094736200902e-01
9.420007483335927079e-01
9.236565913111701720e-01
