1.502939917279507709e-01
6.756183975738999647e-01
3.808863985021002652e-01
2.675196792203323737e-01
9.297142615501969853e-01
8.568266283385270743e-01
5.960548441910281658e-01
1.168546939189845091e-01
9.080979743875605692e-02
8.362963875232231059e-01
9.288552259840214820e-01
2.104022108080036979e-01
5.349151239400167235e-01
1.643115466638467304e-01
4.376256311732799054e-01
5.754329032762723894e-01
8.722511408017135093e-01
4.016194248693479851e-01
9.792245555035994364e-02
6.723159210646459938e-01
9.980730986444008579e-01
9.214494315226320342e-01
4.862418838742708083e-01
8.263085961353122677e-02
5.230399440181686677e-01
2.957165413452473857e-01
9.561253131218084844e-01
8.714279588511362196e-01
5.174945787978019185e-01
5.475141664399640895e-01
8.306192434319792373e-01
2.047355348369594985e-02
2.414972497589751299e-02
4.207871334306272360e-01
7.502677730128086697e-01
8.250150292327640411e-01
6.308828575672820183e-02
8.712166957742923934e-01
9.239869926075223727e-01
7.477692185568574068e-01
5.445500577479542859e-01
1.154503005870490817e-01
3.362247750731908180e-01
5.265760503185507035e-01
8.699783508424508982e-01
9.935250490561773340e-01
6.926199591782059573e-01
7.326214581550948290e-01
8.682500843769710430e-01
3.595392680088083104e-01
3.001970865660129606e-01
3.872687037346884686e-01
3.090051428755985485e-01
2.644424058386269927e-01
8.628528461883256950e-01
3.449034317886434664e-01
1.540462979809532618e-01
8.612790502985250285e-01
9.601834897850628492e-01
2.007901898884881797e-01
6.629813473635778331e-01
3.879671608259864790e-01
6.855172203359078953e-01
3.219792904441723946e-01
5.013043416295455135e-01
3.256344663441899101e-01
9.932748882240881594e-01
2.742684084672086797e-02
8.739783306905585247e-01
7.125322266530211834e-01
4.083762518877916969e-01
7.911268898125640714e-01
5.063078226443917806e-01
9.553831700703263596e-01
1.093881423975185951e-01
6.074467289144187543e-01
5.519603463147615408e-03
5.534251994767528382e-01
6.090155558796234159e-01
8.265013835702880174e-01
8.349197538247289385e-01
6.438062363420791190e-01
2.543560674911138353e-01
3.095204068562966704e-01
3.748285025872732934e-02
9.022221432504954342e-01
1.531677628684335879e-02
1.923044201990796731e-01
3.912518832244626932e-02
8.733250439057004266e-01
8.444710998891327147e-01
4.911471830468925326e-01
9.317213409495995746e-01
4.465006162734548312e-01
1.211497940142336471e-01
9.549107782556783830e-01
3.577339346564234468e-03
3.262471163628647419e-01
7.225351368770130955e-01
7.528593011556505843e-04
