6.252092558883453055e-01
6.023093423020334791e-01
8.540245185604156131e-02
5.201506464869609658e-03
2.910309252304705829e-01
3.666076997322906816e-01
1.088532220388016558e-02
9.121414211695356711e-01
3.468831392163492788e-01
4.541039939029692940e-01
1.928938073609292037e-01
4.717851811463336098e-02
9.255063489416360811e-01
7.881170554240183312e-01
9.051636743766701132e-01
5.514466147782287608e-01
8.740188428446445945e-01
8.607159385649648664e-01
3.341309115250986617e-01
3.233642259380298256e-02
4.685628954898357623e-02
9.740201430549393358e-01
6.727335169837967976e-01
6.400121264611458027e-02
2.753184254695107969e-01
7.635029213590754926e-01
7.034570223200570238e-01
2.076368555061922638e-01
4.058941093506024389e-01
8.335128437133584312e-01
1.434313397210348340e-01
9.794002639599688198e-01
9.028141805681142440e-01
8.680149423730620928e-02
6.307113838729383470e-02
2.781043292411060630e-01
9.156988861845997141e-01
2.600210090154084774e-01
5.226137448791358109e-01
8.292409275927569157e-01
1.481560925466457457e-01
6.808294167562801702e-01
2.480842259928028870e-01
9.399921935024690978e-02
4.799180510157645685e-01
4.474699275729773218e-01
4.536508442907586369e-01
2.727874058321468898e-01
8.064797793125941805e-01
4.531570495655661279e-01
5.775484936448380680e-01
1.775323965441909513e-01
8.296649960942785729e-01
3.650122798647705835e-01
2.182566579079969760e-02
6.320678487200276363e-01
5.479953821061223085e-01
4.507541565072663570e-01
7.852569027898702592e-01
9.551369109167839877e-01
3.778647224470869093e-01
1.718300637786128737e-01
3.363022128023013257e-01
9.953043213028182068e-01
3.461606080712734679e-01
9.429562371213447980e-01
1.262408397317010822e-01
3.633564203542231086e-01
6.226004435682199745e-01
7.217353769146862552e-01
7.672650664909160811e-01
9.400298204796859736e-01
2.338659281791967137e-01
3.315127382094006370e-01
1.112588936204270684e-01
7.046336796669216973e-01
7.313230100439782611e-01
4.051606850477273980e-02
5.698884474167280612e-01
7.230004998925860793e-01
2.905063005826857836e-02
8.210347159840772902e-01
6.056307999297845246e-01
6.369264600375712515e-02
2.400942903291364283e-01
8.921274525697553415e-02
8.767384301584483230e-01
8.080210249279388135e-01
7.869150704691403320e-01
7.200191981576955502e-01
4.881125406332909034e-01
5.204533797882040513e-01
3.474870559144435100e-01
9.230401709672503285e-01
3.691631660865426490e-01
6.622675087985852027e-01
8.735229919387678121e-01
2.919290368326106222e-01
7.243507182274820932e-01
5.858938115951940473e-01
