4.569407538508982736e-01
6.231681670801770823e-01
7.830631820298386003e-01
3.272540427032309962e-01
4.966671672057988429e-01
8.930317466691478634e-01
5.187047619298078560e-01
6.483917034843077465e-01
9.506108781037185818e-01
2.135877759462503356e-01
3.400175600875142701e-01
2.406574050857795966e-01
1.658849909546969981e-01
9.189354316290976321e-02
3.386926797764783226e-01
2.649683137913297903e-01
9.410855848500309095e-01
8.175069719066565543e-01
1.120062315723485691e-01
1.396989182958222608e-01
1.356691529183317035e-01
5.711652691217570244e-01
3.392753867327730211e-01
8.259743849718579334e-01
7.044602099547306873e-01
1.118579597118174451e-02
7.944414465044780105e-01
1.409087660479702020e-02
4.488698833099529217e-01
6.538090314377529300e-01
4.999390364708101719e-01
8.253450928298782241e-01
7.048258392442097175e-02
6.614212113276167759e-01
1.267605456026030808e-01
5.987624351211244811e-01
1.020050673601533564e-01
5.265738481110885383e-01
6.992994513227136499e-01
6.441363286120541654e-01
1.568815678928364710e-01
3.563938148633727376e-02
8.402681486284384604e-01
3.836817847288742644e-02
9.348970902008113537e-01
7.769288537450772525e-01
2.000298215816767033e-01
5.369755088614214245e-02
1.100302631938183673e-01
2.155755885539877292e-01
2.557743909203521460e-01
2.946104612243933829e-01
6.293065310860490591e-01
3.005950666603973698e-02
6.861074734168159939e-01
7.544661433555276409e-01
7.382168578958583360e-01
5.219689491905121770e-02
9.887061878947114302e-01
6.462715624023406269e-01
4.281862406012232336e-01
1.541059353214830896e-01
8.435491250753828218e-01
1.209915938274802594e-01
5.502632458671029569e-01
3.229889635360488898e-01
6.914313733336582279e-01
8.768125962269111007e-01
2.460422628125060740e-01
3.049437177099696417e-01
2.079671294642917445e-01
2.392643352635720477e-01
6.151273969544599485e-01
9.905353816566729863e-01
7.578628425976838834e-01
2.491480772769992802e-01
4.005999410470740818e-01
3.437577529710222901e-01
9.630199945456142663e-01
4.267110727350620358e-01
4.123645275156042622e-01
6.048674758284864339e-01
1.560547890921309966e-01
2.370632929536453659e-02
3.592239102892599290e-01
5.043569464018582416e-01
3.756108253069334602e-02
7.390460444979638499e-01
7.484861707672385567e-02
2.868542331346115581e-01
5.641705624799512320e-01
5.499784788704350502e-01
4.466700423669365261e-01
5.739132906215342889e-01
9.946072041005069586e-01
5.807982975249388335e-01
6.171442995997958869e-01
7.139412136812217646e-01
8.213049872835106457e-01
9.466235183298400413e-01
