3.876394958062594487e-01
5.969957477741394403e-02
5.283915101916818458e-01
1.603328484915345076e-01
7.464942713760953641e-01
2.800059959184971747e-01
9.699089117363026702e-01
4.387953601458358666e-01
5.608005900269971145e-01
6.997821928060982133e-01
9.851351656860156680e-01
7.272034882983090531e-01
2.224039568616580365e-01
1.252794718358636317e-01
2.619054898198163173e-01
7.499088437293309761e-01
6.283964587756255549e-01
1.336961408385961558e-02
3.321022263580698519e-01
6.032268800435330869e-01
9.135366483096780676e-01
4.627014758287789631e-01
8.511707528222725028e-01
9.485901000577106057e-01
9.578752943647398377e-01
9.381239504016578579e-01
7.235576909775637278e-01
3.141954768767903916e-01
7.507105380367039560e-01
6.010829979247721555e-01
6.236719594902426778e-01
4.012395440469712637e-01
1.819512082854786161e-01
6.112719470377039332e-01
9.654666989135113342e-01
2.875321073280889816e-01
5.781678785490932393e-01
6.622525312482712145e-01
1.652859161595964244e-01
9.996108461772144071e-01
5.561855756002851425e-01
2.671672668071135570e-01
4.158673309360518822e-01
9.317802132433453677e-01
6.669942519114735457e-02
3.747792181933128353e-01
6.893489600765417835e-01
4.333097761666270253e-01
1.547903983380087833e-01
9.245976688516948094e-01
3.300074724461581344e-01
7.436547908414138375e-01
1.914409747454912658e-01
1.702438952104484704e-01
8.377353214299110284e-02
1.987166605077147485e-01
1.154085230833373776e-01
5.288546525681383503e-01
1.306230285994258722e-02
9.894022868024909823e-02
8.457033561584609282e-01
2.992035701084790889e-01
5.174387727997624697e-01
1.526777334910023320e-01
4.171254004798881088e-01
1.892922525412712442e-01
3.872446331231915728e-01
4.694655976577943868e-02
1.417772914249583183e-01
9.656719208526076681e-01
4.955060526679855304e-01
6.037257255823746949e-02
8.981175323152938983e-01
9.868757736638977818e-03
1.621557876630403960e-01
3.312914997156857222e-01
9.521292969550637642e-01
5.469173049248654550e-01
1.037330146200277081e-02
4.425154740103121043e-01
3.643590327984665977e-01
2.355626072754674061e-01
1.144009415404348973e-01
6.986238836083447090e-02
4.266133143341900302e-01
7.399805113828249459e-01
9.523842491322439541e-01
9.420160958565295672e-01
7.114339194679961675e-01
6.318190742960462236e-01
6.015390557352272571e-01
5.177839258036215364e-01
1.963610715164579856e-01
6.602395801513203377e-01
5.675007114867022251e-01
1.376002488826312264e-01
5.479441334082327808e-01
6.511396460475794568e-01
7.354928559876190430e-01
6.977057397150419060e-01
