4.042982464287897537e-01
3.508796133735337941e-01
9.084547898991945925e-01
6.109532420656232921e-01
2.849078870484346160e-01
4.844644743419869171e-01
2.520523459231955865e-01
7.681459681832969455e-02
8.902227283885431053e-01
2.363194686165887015e-01
7.874783350938067139e-01
1.766674256398883536e-01
5.410009835154668822e-01
3.658777265603503359e-01
7.326699292191659607e-01
2.963635267561438580e-01
3.267516648216123309e-01
5.497121629624991401e-01
4.866382850820772932e-01
5.222071068670324223e-01
1.346606849581224452e-01
1.489132023398267446e-01
1.878898072139066899e-01
9.577607327959125616e-01
4.382393774716830670e-03
4.811181321422770552e-01
7.420884749371154943e-01
8.075921900913776152e-01
8.066806263363965890e-01
3.160230930599909893e-01
5.139949739799105632e-01
6.509579533912382976e-01
4.807583742670983318e-01
4.600748561390816116e-01
1.241859736506184531e-01
1.507549272498832638e-01
4.701641402383066604e-01
7.238074106719243339e-01
6.293916577766485165e-01
2.499192056367303127e-01
2.184140565709634663e-01
3.726355079919042579e-01
1.206944208348773584e-01
6.960884316021132001e-01
5.790416432304090755e-01
6.367208370830560460e-01
4.002236251103287179e-01
7.872972852400853538e-01
5.682890725284772682e-01
9.991704994227473824e-01
6.488563544460739241e-01
3.929352976588944557e-01
4.096146002410882003e-01
3.803245693681747142e-01
7.060007909209335963e-01
8.170108451019808538e-01
9.430724460887462968e-02
1.341427018379488523e-01
6.654546096296835023e-01
9.469352188294843931e-01
2.635339900751956232e-01
1.549705235463565423e-01
6.458738733842549484e-01
3.917087859606430689e-01
7.606220845710091050e-01
9.582736829228732933e-02
6.721148322490201332e-01
6.460914761785572225e-01
6.686137493592748671e-01
5.473094598370759067e-01
4.569651711607966016e-01
4.956021298433215261e-01
8.810884582822678945e-01
1.711875560721909384e-02
8.797336114997352796e-01
2.758604464428637826e-02
6.049649404715162770e-02
5.316430045489716205e-01
2.583899721183008369e-01
8.608237358762925728e-01
6.563750848448259845e-01
3.411834590487331509e-01
2.621389447141120321e-02
7.372862533975099719e-01
5.646936133279212289e-01
7.800028353169707884e-02
7.012502880981644759e-01
1.721473075507725659e-01
3.064690174502693321e-01
8.332749561496873847e-01
1.216721623384382500e-01
2.149338799414501899e-01
3.815380296303959584e-01
4.666721991538997916e-01
6.141722525683381839e-01
2.560343252894651256e-01
2.181899911844306095e-01
9.536317045225615185e-01
6.605002732273906885e-01
6.695890260286393447e-01
