5.437329584491590317e-01
2.486843318345057785e-01
4.388250164105953477e-01
5.612505518632514567e-01
8.720500719555642766e-01
1.079066831114793290e-01
5.868404776884083018e-01
3.439808914616732105e-01
6.845962269470482475e-01
7.423238226889612434e-01
3.382823321086281254e-02
1.086009412679102004e-01
1.628839178550967048e-01
1.595187748753580381e-01
5.262205863765850866e-01
5.799570039613124450e-01
5.429025057470499016e-01
3.788219207150971268e-01
8.089601428635112557e-01
2.315054040777901889e-01
2.476803907807414440e-01
3.936288461989272403e-01
4.032864304787865395e-01
3.131224053967648357e-01
2.373853530652720867e-01
8.832033855059140404e-02
8.510754451105687624e-01
4.700479079656085801e-01
5.422891317699991554e-01
1.643818818211227883e-01
4.094161328090512031e-01
6.110329112054746492e-01
7.689765289998709008e-01
6.242338930474775616e-01
3.036420833712080158e-01
3.183886452781385934e-01
9.240310711356881646e-01
7.025274840278342703e-01
4.408644113089277283e-02
6.281098437467795836e-01
9.935900006463456169e-01
5.606227392132823173e-02
1.797427763279491053e-01
2.755895241898499437e-01
9.743689116120919369e-01
2.443218029414230275e-01
5.604916540041932072e-01
8.100565203418088611e-01
7.645622121333520704e-01
5.409739296949374054e-01
1.680512496799959621e-01
2.476707691104630404e-01
5.539854151723362374e-01
5.885942369848156108e-01
2.830977001724500619e-01
7.808715928237723869e-01
2.996253696908198760e-01
3.338575253637364737e-01
6.502238505798511037e-01
4.011806266236309648e-01
9.371018586620343260e-01
9.621806052012760180e-02
3.899010002215383963e-01
7.971001665950461224e-02
5.422188104358293126e-01
9.390518434482397758e-01
9.882454143942815961e-01
9.357411395057010361e-01
4.892519267489497947e-01
2.257541906083544436e-01
3.609366945716525610e-01
8.058414390525581172e-01
7.130687612587289781e-01
8.451658394806458308e-01
7.811289294255985283e-01
5.264880933367408478e-01
5.245791832037950408e-01
8.237480109282321328e-01
2.935492306750594471e-01
4.717768221046714228e-01
9.439320029769731057e-01
2.605133915073861717e-01
1.605506811284772573e-01
7.240400408911856767e-01
6.348177122299391018e-01
7.239222583035460623e-01
3.816195290359953862e-01
3.694210649667721835e-01
9.915933323546326505e-01
3.939226559720191423e-01
1.089730544005951263e-02
7.068294555615878272e-01
3.397087756170574790e-01
4.811442136075105847e-02
3.805700283562962749e-02
9.845844267440950759e-03
7.863966979246780342e-01
9.961917528639070429e-01
3.837361567592878497e-02
4.190547480484198006e-01
