8.925359568679890332e-01
3.446673600917886660e-01
2.082392392695716632e-01
6.826752266745923503e-01
3.234921947386527608e-01
7.728501510512700845e-01
8.647981403335547324e-02
8.508541211735763943e-01
9.949536162481162904e-01
4.921204756906544242e-01
1.278432014651507131e-01
1.657207890268626027e-01
7.112045643415798590e-02
7.430528578225722436e-01
3.131107306004808910e-01
9.913930395979220211e-01
8.709817452755919120e-02
5.727829367761190227e-01
2.178631564464816872e-02
4.849591272608598791e-01
2.864857279661849887e-01
1.184530745854784906e-01
1.041920054390188533e-01
2.562106285803892325e-01
1.087583323487661957e-02
3.251211876257542599e-02
9.810816219690671192e-01
8.449973220850701683e-01
2.557207875692812937e-01
1.395745964109756931e-01
7.641109496336340179e-02
5.153600103873160476e-01
6.874926441497992702e-01
5.631856280746937449e-01
7.520407082652236230e-01
9.180961603729179688e-01
7.679052851363611376e-01
9.820957496120474861e-01
7.158299167819196507e-01
1.060514113038152351e-01
1.893202654916313898e-01
2.641308614245420072e-01
3.525483763914138979e-02
3.581485743215377937e-01
5.407685635948179526e-01
9.433001179934151770e-01
9.634477384994463156e-01
3.956403751724274498e-01
7.114448105340319684e-01
6.892396029679619396e-01
7.381574605254681565e-01
8.551285806999897599e-01
5.825351497123663069e-01
8.413165892226110998e-01
8.315343660151750527e-01
7.032831378102410991e-02
2.087371751905403583e-01
6.318448153057399930e-01
8.322656575073591467e-01
3.803534820652754167e-02
7.022061553214682394e-01
9.043788603159187423e-01
7.441968782710868258e-01
4.465338459002262672e-01
9.992960306388428693e-01
5.097124683299627534e-01
4.597659517131076345e-01
3.383180498091686861e-01
8.987022738441494685e-01
9.437283827249948187e-01
2.278944723631931568e-01
9.129832426334479889e-01
9.614518241453262615e-01
1.134390964379844435e-01
7.312826019320960436e-01
9.206366899571867268e-01
7.107446593100656962e-01
8.862220483535760973e-01
7.141901711614742077e-01
6.346386329350617306e-01
8.709084208174917574e-01
2.213827578770595217e-01
8.831097170962646237e-01
8.361807365826532390e-01
8.496025851834492215e-01
9.581856421311418792e-02
2.125898002471614534e-01
4.850198207852606247e-01
4.090801696864789783e-01
6.099897823659546914e-01
4.117816349074370219e-01
8.392412010621203011e-01
8.839324237139265517e-01
3.356548831328981519e-01
1.920460203955918210e-01
2.937630274352982518e-01
9.844489412802768236e-01
9.415418937667038302e-01
2.076065448201593888e-01
5.619800280260706105e-01
