5.812974940036761407e-01
5.610930025669066401e-01
6.632688812461601247e-01
5.533753347084514607e-01
1.873477964097662873e-01
2.931050101524640406e-01
3.227223726306450713e-01
8.471325319041046464e-01
6.503375405318675417e-01
7.665134570718408202e-01
6.680548868857942857e-01
9.229256280274918955e-01
3.054586958043141731e-01
5.969588946480440805e-01
3.534912362733606539e-01
8.100091096107902011e-01
1.135352624134199351e-01
4.488297131316243416e-02
1.795211997011973981e-01
4.888905123153524102e-01
5.799755315868514449e-01
5.607802386006274231e-01
1.559477231559091015e-01
4.252775363392258257e-01
3.052670820133021046e-01
9.480001743603235775e-01
4.106299731074651849e-01
7.304389208939677802e-01
4.391967013422274357e-01
8.533771592391452554e-01
8.299498281384288800e-01
5.749989358660126948e-01
8.186663325241226863e-01
3.720161881229211431e-01
2.716293675162589905e-01
2.925812668698827279e-01
5.084073129435541238e-01
1.740851003396891583e-01
2.399288645584990443e-01
3.314482952656601089e-01
6.169999319344359190e-01
7.202984418737286010e-01
5.986773512693698285e-01
7.890943549239833876e-01
4.324195852243821747e-01
8.949864542223829877e-01
1.019040971885346591e-01
8.296100295687693915e-01
1.679995567301884041e-02
5.943967319883108891e-01
6.985420409097317096e-01
5.987565161751396969e-01
8.384904607224153983e-01
6.834189492465669868e-02
4.650175013857397177e-01
4.661052018796026930e-01
9.093531900135359836e-01
9.627483031451603557e-01
6.684506881352221264e-01
9.248230421889090946e-01
3.629563595643392482e-02
7.863995061665544073e-01
9.703877050145548466e-02
2.915892676867409827e-01
6.823891950332746648e-01
1.288852172332777268e-02
7.260821749588183271e-01
8.754034975144411312e-01
4.466783825214711845e-01
2.972445581407257009e-01
5.971123900565894482e-01
9.993317886540052930e-01
8.765435440518710708e-01
2.426128540870039485e-01
4.506086633477420778e-01
5.963783542406086990e-02
8.097261935368240682e-01
8.289892949010460033e-01
8.326627611388432992e-01
5.137331443604891135e-01
4.137500694887051855e-01
4.128313673502030934e-01
8.261263741839242059e-02
6.998872004152745241e-01
3.018892782687387921e-02
3.175436996802244449e-01
8.059911773130576940e-01
7.099322353509651684e-02
8.534332725757211024e-01
4.114354608840412597e-01
8.444539415252974024e-01
5.752090093147141925e-01
6.318130398691569338e-01
3.126684471288591061e-01
7.633489891406879391e-01
5.040083865021267595e-01
8.221402619954268909e-01
7.609018285713315954e-01
5.578215769656336143e-01
4.742259667838695236e-01
