1.657691777527060539e-01
8.639883302376483165e-01
5.345858013218363070e-01
4.323136488464029981e-01
5.317788096208775350e-01
4.809551011294345146e-01
6.707966115882711966e-01
7.172545731395952862e-01
8.455486817983842718e-01
3.424422852277976270e-01
3.250489043260156308e-01
4.061271106474153569e-01
4.740117438716821008e-01
6.612306200561544056e-01
6.751666227880404048e-01
3.012265253235471008e-01
7.727461791183964923e-02
1.245784862421499550e-01
2.853290741689243903e-01
6.303128548818280885e-01
4.254831863366359546e-02
8.058065562533960335e-01
9.735397568321593198e-01
1.332648868405027498e-01
4.588345209853756934e-01
5.161427802515942131e-01
2.256805497179671383e-01
8.944459751584968865e-01
8.336985879972962366e-01
1.985287608880847987e-02
8.617458508136154327e-01
6.061459494084781019e-01
4.413023736344120485e-01
9.494405072104619148e-01
6.127644247489832940e-01
2.205231805534070277e-01
9.074692627267064715e-01
3.256906063091690173e-01
2.950196121122072856e-01
1.024421874677964306e-01
1.787278093036861470e-01
7.391718466387376951e-01
4.177871946937605774e-01
6.942368943319776609e-01
8.854229197239870119e-01
8.965420562780199720e-01
7.188011383920117625e-01
1.033001803620292591e-01
7.171423185862429994e-01
3.066814933166553958e-01
3.694688803894219387e-02
5.231917816036525393e-01
7.715310912261689191e-01
8.123840594865200382e-01
3.842867214581824342e-01
3.920401155189319198e-01
2.952368790467014836e-01
3.416398717637542104e-01
9.383337185450736362e-01
2.103469148621380791e-01
2.689640726678541593e-01
2.951634229078599070e-01
2.687144284809077632e-01
7.314497773474974984e-01
6.814147807050452421e-02
4.919609883407993767e-01
8.511180465352591318e-01
5.918544062225006286e-01
2.866529095754487555e-01
3.868700960619965157e-01
9.619534089625164652e-01
4.515957867106147328e-01
3.334615905686871828e-01
2.794849473832259346e-01
2.238718477850000221e-01
4.810542305070698577e-01
6.591269425123869041e-02
6.741596703225022358e-01
5.822914777020882227e-02
1.749046569446208732e-01
1.062963861985031233e-01
4.582331580631094914e-01
1.633933444180645234e-01
2.571422671237733049e-02
8.756999719209969113e-01
6.219714539138293530e-01
4.080412837387314973e-01
2.749005191995993469e-01
7.666754931618912083e-01
5.498224524481264419e-01
9.721374205839319327e-01
4.553809838475224581e-01
7.577052483944496375e-01
5.543887439409258544e-01
9.407242047967095955e-01
8.755142499156729485e-01
6.656670516110015923e-01
9.101102275389982843e-02
4.563258354289778662e-02
4.218294825237269841e-01
