5.803183210360289834e-01
8.047863261935356283e-01
9.334964332654565045e-01
6.484261197011970124e-01
8.416150164056568350e-02
9.499472523225925835e-01
3.210903790046514272e-01
4.180297480581997016e-01
4.294189115531434897e-01
2.262772334477997083e-01
6.158915984569720559e-01
9.206623303822667470e-01
1.390038586952342392e-01
1.185358673329679480e-01
1.162533088719306384e-01
5.567584665636151620e-01
1.848970581482136666e-01
3.137395584050064468e-01
5.716831693012101034e-01
5.234263831680199264e-01
9.277435061992322929e-02
9.262558604564258280e-01
5.530076266549301955e-01
6.404549740011747927e-01
6.169010304009220347e-01
3.090266477507136456e-01
5.046926638341848737e-01
9.692783524635217862e-02
2.652757201058378866e-01
1.257278125727048224e-01
2.686755028506560006e-02
8.432332385730080260e-01
7.023873568786809241e-01
6.143262210273184865e-01
4.751936107449639124e-01
2.915224343251578976e-01
2.289177087311792258e-01
9.982431724000307982e-01
6.434805747872965886e-01
4.376590085092190163e-01
9.096357933889441805e-01
1.668967688675162542e-01
1.535827878972541027e-01
1.898718121431501871e-01
6.720281134276188117e-01
4.001567839454871489e-01
8.532796643641140655e-01
6.085573249347778768e-01
3.660487319902798742e-01
6.947062476960733646e-01
4.433869589514916054e-02
2.745227695761073283e-01
3.339998392347288680e-01
8.094715607444045169e-01
1.673096714437360966e-02
9.636938267452510587e-02
9.133380300832041332e-01
9.347060118839478626e-01
4.860351842754040419e-02
6.083292341689644500e-01
3.061656112516368822e-01
5.533831762084935324e-01
8.164407935287263385e-01
9.026079657702150705e-01
1.897686178663657852e-01
7.676796902911475762e-02
9.244427349655851556e-01
4.776155182671748545e-01
6.572234233420343186e-01
2.515271581581893789e-01
9.375658437829121894e-01
3.918354150186926788e-01
6.573632276811981479e-01
3.974463452002950925e-01
4.566438019722524055e-01
2.238212800841965500e-02
5.645841938480921085e-01
5.702032751613943518e-01
6.712801023042015425e-01
1.341329018062453748e-01
8.612540860245052610e-01
5.952432775200167114e-02
5.226555878068154248e-01
1.785917371214522653e-01
5.424590015805479393e-01
5.778291827390449331e-01
7.783845375713909220e-01
6.122716530617720032e-01
8.521375736379233068e-03
6.813959461728215095e-01
9.046130958475504524e-01
2.317863639914817808e-01
1.771245419138164356e-01
9.580981399728065728e-01
3.051462879503442638e-01
7.392585589044001759e-01
9.082697311041506572e-01
7.760374281997828305e-02
2.956654138510051988e-01
3.044020037646746335e-01
