7.804517343602360713e-01
3.074067641234935477e-01
8.120531006371449756e-01
7.611694060999676381e-01
1.492208072219490811e-01
1.962320291460988297e-01
6.616090106247157765e-01
4.353222219773827950e-01
1.109392775716820934e-01
5.556986380221196065e-01
2.086942289325715016e-01
2.346453822026168812e-01
3.210548369162361526e-01
4.659688659255819543e-01
3.543015505236969398e-01
1.476382344142606051e-01
1.991611790718237351e-01
9.671633322823546264e-01
8.963946054241236361e-01
7.067367007619823616e-01
3.250482035749571175e-01
9.302313601399840870e-01
4.409461962788058242e-01
8.850897557957694284e-01
8.366808210867070494e-01
7.015053531336591375e-01
4.344704024154707467e-01
4.200009053072932819e-01
9.450127564546978443e-01
4.991657153637235611e-01
1.578508517512033915e-01
1.338375760525835068e-01
9.921386513682074471e-01
7.725707487547033292e-01
8.904774820379557365e-01
5.359594732225398950e-01
5.943128904003476265e-01
1.411823008990855666e-01
3.201332465615336353e-02
9.311211564334521684e-01
4.212029150566023450e-01
2.943160358928844644e-01
5.177019639844826493e-01
4.547816400713512452e-01
2.622108217564935728e-01
1.694293200783293374e-01
1.292949587016177793e-01
4.256073340206848465e-01
3.331080720455994459e-01
6.299287000301068140e-01
9.502351928778899337e-01
8.076853770651541975e-01
7.143315957990288290e-01
1.876759766953780550e-01
9.633314071927424616e-01
8.172867595804522711e-01
8.369623192351894891e-01
3.325386586228471497e-01
4.277770612488542845e-01
7.651788680432318746e-01
5.874615908208753456e-01
2.993757370558732811e-01
8.916388528428734750e-01
6.767456778688015762e-01
9.084300988695397372e-01
4.098776525787910519e-01
8.122203400372137727e-01
5.919501351598427386e-01
7.215772407116171072e-01
2.914407939885369503e-01
8.214466473374462119e-01
7.082914271439880727e-01
5.676978303322810504e-01
1.651459712597913576e-01
4.788739229974992018e-02
1.951518890601153799e-01
2.914493972456131399e-01
2.601740858776034893e-01
2.558481504358328662e-01
6.689044096771903369e-01
3.087495230933399171e-01
4.125316791336487432e-01
9.363096232667977858e-02
6.103922775549052160e-01
9.993435897115662270e-01
1.355432410320184244e-01
4.026934319672282880e-01
6.496414069333122931e-01
9.086297009092352273e-01
3.294432234602207021e-02
1.962503914521666060e-01
8.906911811101164700e-01
5.468176092198256955e-01
5.334859694930738083e-02
5.253441128544167338e-02
8.847548287880054874e-01
7.292546298508050251e-01
2.816993223947975578e-01
5.194090106913654692e-01
2.030993172175127315e-01
