7.322891196811737169e-01
8.699609458750363622e-01
8.934603513137348019e-01
5.697842719246615228e-01
6.582209620251874282e-01
6.902397774685486986e-01
3.374558672010403715e-01
4.840011123517657943e-01
1.197416627478178341e-01
8.471461464215113146e-01
3.535747584688671008e-01
2.847777745277414452e-01
5.604787982886760833e-01
8.828521538468910856e-01
8.771875883685662512e-01
1.219440434279305263e-01
9.432091511084482738e-01
8.946136853577680847e-01
9.236796344438240602e-01
1.036819993617743574e-02
6.856203067095471004e-01
9.841377190072813086e-01
6.037744369913360387e-01
4.032129000610007452e-03
9.731669651875415328e-01
1.111203391145553221e-01
2.262149634015804267e-01
7.368851084519311145e-01
6.439063396659122640e-01
4.346112766789038684e-01
2.032664071952069440e-01
9.671923163764385434e-01
6.479071097534738755e-02
2.307555388655114781e-01
3.221083785344117656e-01
1.240511849730507876e-02
9.824159990460361591e-01
9.049105895580662473e-01
8.500917078689510520e-01
7.883634494134794668e-02
1.688433785740315329e-01
6.080745075905382713e-01
7.650916735410634439e-01
4.855279080213614762e-01
6.059565020127868351e-01
4.920958345311096105e-01
9.159355298716201910e-01
3.838775284822115719e-02
8.662813453488920068e-01
8.431439335373783761e-01
3.412262333334556974e-01
1.057639437003110583e-02
5.899113707845955457e-01
8.977657355552478569e-01
8.723281672452658508e-01
2.801196493463912196e-01
8.990026710977951918e-01
9.172750532782927291e-01
7.790786308883533851e-01
1.291434647419124060e-01
5.760607959943712109e-01
8.876647052711044150e-01
3.766894979231086849e-01
2.363158917101229051e-01
9.702901429784802634e-01
2.748220794434430569e-02
7.507970565551717046e-01
9.027383268403998962e-01
3.187683463625349267e-01
6.087937009757911078e-01
4.288397410252642317e-01
8.126649066715923020e-01
2.025518340730378952e-01
2.425297132002259826e-01
1.569214558749325583e-01
5.629905097667924352e-01
2.456403025650577554e-02
9.205561369541047645e-01
2.593824319448546634e-01
1.074581739543015724e-01
8.391888222193467639e-01
1.527290794626919856e-01
9.683786221935459793e-01
6.944026619108164544e-01
2.583117646409638368e-02
8.502064152087589477e-01
2.549446762704471459e-01
3.547843199799176617e-01
3.454728385464794771e-01
9.669831855603766568e-01
1.740750392795012980e-01
7.484076179944646467e-01
9.683302222325698150e-01
4.829448560499280951e-01
4.103980607220125698e-01
3.921302355653977223e-02
3.854557731902791273e-01
2.803516463598388908e-01
1.326689389435519173e-01
1.913900835124068278e-01
