6.341260219021810363e-01
4.383808340143778848e-01
2.023282769963031802e-01
8.193501493557755477e-01
2.807959547095264519e-01
7.298913535433493305e-01
6.504713220980238297e-01
8.750404130861832996e-01
1.921328858311698307e-01
1.856724923704856645e-01
5.977530825787381596e-01
1.066474707256331866e-01
2.050734754545024963e-02
1.652093025866944176e-01
2.387449970236800167e-01
8.079253187050963181e-01
3.110250026499072895e-02
4.234617966966205405e-01
3.550499309348924548e-01
7.329588543131854150e-01
7.746522517873444258e-03
5.965186312698274040e-01
7.642041337170084603e-01
2.471001754348292057e-01
2.491272508861035462e-01
8.010673209254500771e-01
4.090000565699991597e-01
3.540894220847367047e-01
6.024479976060383990e-01
5.372452263827242058e-01
4.666633415601251222e-02
7.101518360709293542e-01
2.997318996166886684e-01
5.041146099041651230e-01
1.283842420501226655e-01
3.234535320133916647e-01
5.566812330085122440e-01
9.262538044034835938e-01
1.057085191372459931e-01
4.557358118840604266e-01
1.546396323166004949e-01
6.054414248035533408e-01
3.539080711615611996e-01
3.541620517591226314e-02
1.715974711563039712e-03
6.406164101707312319e-02
1.320732638780064416e-01
9.683354744376591050e-01
1.389872222302754867e-01
8.380286202975362198e-01
7.426173668606674827e-01
1.291121252905550465e-01
8.431498293801196198e-01
6.719008679370708226e-02
4.161399026065666362e-01
5.270257304856927894e-01
5.773814232767253696e-01
7.425209218726755989e-01
4.843404395348492875e-01
4.024594895539712613e-02
4.494955780894340780e-01
4.479922290051588929e-01
7.575625392625706667e-02
6.732229115150377696e-01
1.701613518976863304e-01
6.100117981831747471e-01
7.981104324930723415e-01
8.589548908733726229e-01
2.145973226543566037e-01
7.713461296781100041e-01
6.924334363245943091e-01
3.186284788384833311e-01
2.443908939799872559e-01
9.212768659076863154e-01
6.709836425202064802e-03
2.244453383809497105e-02
7.733949727829834142e-01
9.857154513938934937e-01
5.784020345244500483e-03
8.728868211073558259e-01
7.782847842937503646e-01
7.233654200445037707e-01
6.005769880372004987e-01
7.045566145748322073e-01
4.836888866953474864e-01
7.032648146298401404e-01
2.791984906440637682e-01
3.800088877169975898e-01
8.652514141181826268e-01
8.230139102210037860e-01
7.986098941540846763e-01
3.519797888077363934e-01
8.245171429894162518e-01
4.936860790807854338e-01
9.351884453229523109e-01
5.422138817190012006e-01
8.844559730599307334e-01
5.175606598393915903e-01
6.445570448048321133e-02
3.988936130663981450e-01
