7.626580431940972460e-01
4.963399636612808585e-02
1.599652248427951839e-02
4.893211169088969026e-01
9.848508182906978714e-01
7.402127588692480886e-01
1.308135814295889876e-01
4.551318006711060349e-01
5.249896293162733540e-01
6.081167279771009238e-01
2.984701780435220497e-01
5.942832244918017093e-01
7.454341724065786101e-01
2.638949683618964093e-01
1.950935236688491337e-01
1.330664925935466369e-01
1.997321004752583562e-02
6.553314723504634065e-01
7.294891333756954310e-01
9.495940198649484021e-01
9.978074736199423755e-01
6.475271473059738270e-01
6.520456469959019508e-01
6.111183660637511394e-01
7.385035035826196248e-01
9.231409840603888028e-02
1.926520394526569646e-01
6.131356971290503610e-01
5.891686253758536829e-01
9.286246071021636572e-01
4.161145100466480118e-01
5.452615933084981048e-01
4.949531866397512969e-01
1.578521811782970241e-01
7.211714053457998208e-01
1.479466801402267162e-01
6.541301759740014710e-02
6.961258644852144073e-01
6.199152650421573263e-01
3.644107698786648308e-01
8.507626240448031840e-01
3.940895234229355726e-01
6.040187205299873963e-01
3.837143121249082522e-01
6.709389003210471936e-01
7.972638034392868223e-01
1.051776418432903704e-01
1.789530140033875893e-01
3.678277136889473997e-02
8.405445734493914856e-01
3.366652708488644397e-01
1.598411835560783478e-01
9.363854119531158648e-01
3.670611354850650265e-01
5.820474589827067113e-01
6.740955512499375857e-01
8.765108452479100087e-01
5.889573803423789888e-01
7.357414136804946159e-01
1.827712749195278263e-01
8.894159167011573830e-01
8.209079532944251190e-01
5.626157464347196768e-01
3.006375115538156839e-01
7.055370144183825687e-01
7.062646113537496273e-02
6.611194092787437970e-01
9.581833869998436226e-01
1.830852332928158965e-01
8.058105967867901231e-01
2.665517671665326160e-01
9.945300557972166500e-01
6.344426327221153183e-01
1.817860179781278784e-01
4.652621379133282664e-01
7.097746839678030772e-01
8.414052394238763499e-01
4.010953885396738583e-01
1.100127876377807734e-01
4.084066092077266452e-01
2.993740201363606079e-01
5.318229446507828362e-01
3.132520299581907919e-01
5.977261168131945412e-01
2.028312360136059755e-01
6.346045309058572226e-01
3.253258994091522416e-01
9.320205446060177978e-01
6.990352521349973980e-01
8.707357722794436539e-01
8.392315549240220163e-01
9.010227732627259511e-01
5.067919064910380023e-01
1.525807991584482437e-02
5.239582386843260053e-01
5.096588586244901187e-01
5.294934825919339616e-02
7.776532580689273777e-01
9.226898037304913647e-01
1.958416176807789011e-01
