9.145948990984249516e-01
2.346740287908043454e-01
9.658832603826916774e-02
4.563935992356229487e-01
3.674022147265146865e-01
3.752940276118693630e-01
5.877086036022113325e-01
1.187258446299199743e-01
4.441603283886811360e-01
3.791369703086826526e-01
4.875387636831527427e-01
6.357596667951159741e-01
7.712431106208039733e-02
8.359136595349743182e-01
1.608974099260700452e-01
2.344111359984868415e-01
3.532380995514139421e-02
2.173346530312776359e-01
5.937433286359669049e-01
1.706065024244735051e-01
8.702817215594090827e-01
6.031269814403238394e-01
2.594834760155059206e-01
3.736226427599798061e-02
6.508414610046148185e-01
2.468846233460206818e-01
9.710502847038640084e-01
2.906299371926478470e-01
1.076463403157457144e-02
3.958916870707929192e-03
2.441973370844789937e-01
5.660477552831352233e-01
5.689624837906336330e-01
5.210757909451175784e-01
5.990909762068769018e-01
7.035185142109287026e-01
4.397994074101353457e-01
2.150117205508776941e-01
4.335227922142461665e-01
5.386984428824463933e-01
6.887371458580640038e-01
8.776134605394192434e-02
7.209810182723654925e-01
3.321257632972499652e-01
4.035670069657947279e-01
9.110879087661050146e-02
5.527528997751244288e-01
5.190918480559865156e-01
4.893065834877151632e-01
4.284408420098042569e-01
7.227074691018564589e-01
1.948182948326244723e-01
2.956146903164069695e-02
6.242435689490457573e-01
2.677576837778280483e-01
5.883421593698993091e-01
3.974568180756619107e-01
4.152670373128375392e-02
4.493186055418688651e-01
4.182356887490281672e-01
3.391635366452874223e-01
7.339254016256392399e-01
5.895945436633911463e-01
7.497343666221969460e-01
8.440308607684124942e-01
5.282155283289370340e-01
6.393145241094244646e-03
3.574040441769853471e-01
8.519722900511532693e-01
2.314953549371135955e-01
5.843490160506628062e-01
3.879619792418911306e-01
4.639457878057546836e-01
1.662419691081752360e-01
9.675529862492577848e-01
8.160241161609927962e-01
8.673994963595194063e-01
5.190175707505927383e-01
1.140444291185425119e-01
4.965960391344403924e-02
6.183611057137126110e-01
3.706962233449238031e-01
4.937342280173898645e-01
1.294011647513217955e-01
1.262035735758288979e-01
3.928329194836777116e-01
9.343535929755639735e-01
7.909628229552156942e-02
7.056724672129610632e-02
7.476834008389283692e-01
9.777185313494110019e-01
9.562148334598641330e-01
7.409801636345120235e-01
8.078171608878566001e-01
3.644667738659396194e-01
6.807760162395379844e-01
4.554576769984322038e-01
2.743602253358408127e-01
6.637459417669253625e-01
6.642147032540679508e-01
