3.956902535860059578e-01
5.899819635432713705e-01
1.668149628509123517e-01
6.483806103641880370e-01
9.232327997740397141e-01
6.402896258214108016e-03
4.083134119425617659e-01
2.438482715471745887e-02
5.268158027006210054e-01
7.499144851756497365e-01
7.072499830827022604e-01
9.126413777543885830e-01
5.063967089821720391e-01
3.393939523957649751e-01
2.149516923864919216e-01
1.585223198546977796e-01
3.768933183721568936e-01
9.027811993021106485e-02
8.440384654050170354e-01
4.382122765923128771e-01
4.949494714067386170e-01
4.629545431680349710e-01
7.034254934171360052e-01
1.234705552283910102e-02
5.980743084702910828e-01
3.024334999734452634e-01
5.931368716658573792e-01
3.922749627152151142e-01
3.087485320810899880e-01
9.247111720352623188e-01
6.067856930929197423e-01
1.591252478529603387e-02
3.799280268680063077e-01
5.690226864861358536e-02
9.204263367868696921e-01
3.922001057234941745e-01
7.812367898284425793e-01
6.438281558151059958e-01
5.139361123189734037e-02
2.695420833831291274e-01
5.771436223127706100e-01
2.359188516756760556e-02
4.801481261149250779e-01
3.797276061669063729e-02
1.597255210055954500e-01
7.097830903452809759e-01
7.584551555112861720e-02
3.526609309787790414e-01
4.784804125419191978e-01
5.035909372373247317e-01
1.563547955840263182e-01
1.935353215906550073e-01
3.447766348753945609e-01
4.561117005912618261e-01
1.066738961040973876e-01
4.489724869167828203e-01
7.394749301580887391e-01
6.490016995779398501e-01
7.625792593951105092e-01
1.205594079674299213e-01
2.452333961003545504e-01
6.416266848743115148e-01
3.594314097396249519e-01
7.523485703028225391e-01
3.233699475088590569e-01
5.220251867334352314e-01
8.186213017288687110e-01
1.232674396741580969e-01
2.255261172306731732e-01
5.415965299358973528e-01
5.632599685231419739e-01
6.321568445758969368e-01
1.730423433492833674e-03
7.026737982872743871e-01
4.371111025047768051e-01
2.076172232066242351e-02
4.690617915462202969e-02
6.480415709011712044e-01
5.977440502995317040e-01
3.245474486389896551e-01
6.472850670803683704e-01
1.585228106934783998e-01
1.233023960045146472e-01
4.357148768099916580e-01
8.414464607079563674e-02
1.868201833762445085e-01
8.670525685166295959e-01
1.511929775503894069e-01
9.100810113633426290e-01
5.020102161700695786e-01
8.240841954830798732e-01
8.805531705612744675e-01
3.289465401531785904e-01
6.745903613406294408e-01
9.388398995149056514e-01
7.162243775784040700e-01
1.778452888096450080e-01
9.018211350260395553e-01
5.231244491249434914e-01
8.873966847246647083e-01
