5.185485676602678007e-01
7.485831591306207899e-01
7.810227237118645416e-01
9.316876614395571687e-01
6.337455935963642872e-02
2.755262417073506276e-01
7.891119077980927043e-01
5.087735013246641458e-01
7.984562132392425404e-02
6.906288226079387860e-01
9.853986791935087641e-01
1.033113935757172808e-01
8.072696534136497570e-01
1.614681165281898201e-01
1.852006226871244499e-01
3.407978317718624028e-01
9.779380537452102562e-01
8.257076967322045657e-01
5.051110231491252600e-01
8.521114448859784529e-01
1.495425983470268783e-01
1.743256354668778485e-01
6.567632719149595344e-01
2.282384404330861649e-01
7.481069346959954292e-01
9.346322750107519672e-01
7.226503524894749564e-01
3.346081570169671116e-01
4.255423685431296565e-01
2.427139406166137769e-01
2.540306670590708471e-01
8.917131650270652132e-01
1.942954583445403172e-01
1.983346957547236222e-01
4.858583864300816124e-01
2.207319499279283281e-01
8.368545345772639976e-01
2.146210738823619568e-01
1.624580575489175116e-01
2.709000277167549209e-01
6.993286149755428838e-01
2.343413480017596529e-01
8.801842918170138530e-01
5.065699112500725576e-01
8.154764383505567205e-01
7.527891252229079733e-03
2.397862725608834733e-01
9.582799130455824654e-01
3.138875980208520877e-01
4.313204671788207767e-01
6.589635394663788670e-01
1.872902501858644264e-01
9.920278328634282161e-01
7.709827896016404614e-01
1.271778813600443758e-02
2.363413582414438663e-01
1.754181376611245735e-01
6.866475915369253391e-01
1.231738458704100259e-01
1.335738895583260533e-01
2.617114828311356556e-01
2.851605054311653342e-01
7.138975854066831328e-01
9.753884339451134311e-01
3.198497618998906722e-01
4.717081564876710598e-01
3.907363618980286279e-02
4.853364376903884780e-01
8.873136077110798103e-01
4.637236709770145016e-01
4.264882440447942402e-01
5.399268546625323184e-01
2.715742475471991657e-01
4.097987358064780761e-02
8.171217931843871574e-01
8.849900108024832956e-02
2.289857136456538989e-01
9.929147080873100828e-01
9.166823059173171417e-01
5.133278884785440477e-01
7.548666943984244648e-01
9.508999633177872557e-01
5.991569681705135597e-01
5.120958576997491907e-02
7.046489068898474928e-01
6.274830692601257587e-01
1.699980764656281451e-01
8.059742708479284978e-01
6.575505009318947103e-01
5.616094929005432945e-01
7.844408711216747099e-01
2.187104107456915303e-01
5.043486962821295272e-01
6.940177845548486379e-01
9.686835847166426205e-01
9.629158179257184536e-01
3.074386255124216261e-01
4.606919185112235970e-01
2.794778924021165123e-01
5.748827014052717566e-01
