6.645016091477508047e-01
3.896937405367716378e-01
1.244575147026724116e-01
5.890952201905885754e-02
8.384437547855375650e-01
9.242837542402093653e-01
1.468045676509149855e-01
2.458718014463671109e-01
2.761335531514980124e-01
3.894286538017780464e-01
7.870226807350017006e-01
2.291904721657881394e-01
7.309586084591935817e-01
9.855737637943982055e-01
5.304333268475854846e-01
6.599071620521379522e-02
3.016604797944987260e-01
7.922496593793462161e-01
4.334630425457219882e-01
7.160042844495628778e-01
5.167326889843001370e-01
8.950092541698333459e-01
2.578935768643997317e-01
1.525964443778885515e-01
7.828466553169928233e-01
7.385082516137339015e-01
3.498745394833524536e-01
4.840337287744711503e-01
6.841261068089958819e-01
3.589415699863369724e-01
3.640180431180110032e-01
5.753477793734718126e-02
8.862334104600990692e-01
8.660851183568218925e-01
1.356934287964323138e-01
9.470468440461266013e-02
7.498547044134920014e-01
6.449179554036437167e-01
2.664653238825436254e-01
4.350265205875303298e-01
4.552417175357525991e-01
1.050161781998114607e-01
8.407948041398670691e-01
7.217044393086422538e-01
4.234943616885042950e-01
7.475252237770647623e-01
1.779975609417429050e-01
1.561767085233317642e-01
1.133918583718415141e-01
5.929952470653033769e-01
1.485043152766211128e-01
3.003541350122659326e-01
7.964131792559354661e-01
5.793031716100238704e-03
2.241549401764743044e-01
8.509430123729073703e-01
8.611043022260487234e-01
1.127432021692131858e-02
9.633641148230935869e-01
4.370610074519338806e-01
2.758464678602470244e-01
5.505145428277830044e-01
8.878316409989002178e-01
8.168772022949488676e-01
3.831749060931812778e-01
8.932848572933397291e-01
2.697400461637802227e-01
3.476971266763778656e-01
3.819275670571852244e-01
2.568766032115472608e-01
8.054881726929578045e-01
9.083759197243266303e-01
5.239335446829451737e-01
9.177297358692418916e-01
8.641673401485819861e-01
6.964515930942357658e-01
5.409048817482386973e-03
5.865926044959139940e-01
1.716926082925557262e-01
5.385353629732432257e-01
9.308595603132296947e-01
1.615599276006276508e-01
6.141169312881411546e-01
4.887683649661980212e-01
3.791248782057993205e-01
8.320842990686768692e-01
4.737223535377014239e-01
6.164150338613062496e-01
7.724736703379152525e-01
9.975979975582491832e-01
2.236007783851048369e-01
8.344023994604851113e-01
1.698605098405944203e-01
3.037130039097444278e-01
6.212710136149685036e-01
6.642368156421161185e-01
4.944610701103777650e-01
6.970697219468358075e-01
5.481525802084896704e-01
3.997991385193793157e-01
