8.993364757527975151e-01
2.106712835127769745e-01
8.274054794715485217e-01
9.095478303558254263e-01
1.419657360818106229e-01
8.269732887484083639e-01
7.895787096235691305e-01
4.331718345793499347e-01
1.668844474313900816e-01
5.239453012427464085e-02
6.913697102064081390e-01
9.178073802387712865e-01
8.098660318244355061e-01
9.660361223098992145e-01
7.742152155374228961e-01
6.113355004461663578e-01
5.909704804428265179e-01
8.360525781929069034e-01
8.051036792542365372e-01
7.541413100646765511e-02
9.845785298380704820e-01
5.923569554360216260e-01
5.298334330720525509e-01
4.022393251890535870e-01
2.814663226196568724e-01
1.060613150907456781e-01
5.795330784750678532e-01
3.479754471631936186e-01
2.764563021223825912e-01
3.307001874767629968e-01
8.463587379101045194e-01
5.447950549371676221e-01
7.518894819324791756e-01
1.153492693176386696e-01
5.047162924591707123e-01
7.548232502059963878e-01
8.848678353659442664e-01
6.578137508483253848e-01
6.233101053346506992e-01
2.122015762418554274e-01
3.581163173384677156e-01
6.654576344836654611e-01
5.969087871856628702e-01
5.765473923728103856e-02
7.320742926075761714e-01
2.368522910288338723e-01
4.008975701224060106e-01
7.352929939330505871e-01
3.809265648951501992e-01
8.278073184079857150e-01
3.858331730611390675e-01
3.599490218515255524e-01
8.379505391953492310e-01
1.270891803243596740e-01
2.699194042431040108e-01
8.346902248778319544e-01
3.841357459053221790e-01
2.329664851043353746e-01
1.855870517335040937e-01
6.781788323698831888e-01
2.590347461416232511e-01
1.585587880936739635e-01
6.606248345854108805e-01
3.880247857291960756e-01
5.467808801600301249e-01
6.253059471876933895e-01
6.121080960247637925e-01
8.069125505637776419e-01
9.921504886286175440e-01
1.914810077587425496e-03
6.078238197561393052e-01
9.321627247947728012e-01
7.144817535319296642e-01
9.539155228600493253e-03
6.408973927760327483e-01
9.555221212853197699e-01
4.836282554607126416e-01
6.652521056395049870e-01
4.676878887448076005e-01
5.541481135463154351e-01
9.262224588150905769e-01
9.248184869396767205e-01
4.572817906867834292e-01
4.732149774863991798e-02
5.595694862523181712e-02
1.161636067590453569e-01
2.924070856038486488e-01
9.567681354094197399e-01
6.252452203160850930e-01
6.928924287044515573e-01
7.550077809958083419e-01
1.316527399747122740e-01
9.299922731583488700e-01
3.220322407924022245e-01
1.385946193772834567e-01
7.183280907457880726e-01
6.691679407218931175e-03
8.056405807307629452e-01
1.838000847081945333e-01
7.171401214288408710e-01
