3.834545684561549983e-01
3.120352187011711242e-01
2.125484268085999773e-01
5.064631251185136573e-02
9.782009330548943060e-01
8.711512174544505660e-01
9.678379399057522869e-01
3.387779310706612312e-01
9.431639448572276541e-01
1.586949057580042677e-01
5.709148762918950792e-01
8.443703106951119253e-01
5.144202242425959248e-01
9.024253228819582029e-01
7.219033136282475560e-01
6.360612166528115674e-01
8.148030148234721715e-01
9.755500237559484589e-01
4.214312489336807799e-01
7.721025917738387756e-01
9.247183353309268439e-01
1.361180842580633765e-03
2.543506821833307896e-01
5.501973700633563391e-01
6.068866949997934190e-01
1.591682041741492304e-01
3.051122003415397410e-01
3.090255090978701880e-01
5.439518961845216660e-01
6.919454944056417922e-01
2.762274021712973759e-01
5.234591751008123017e-01
8.917815930647413625e-01
2.491474674913705112e-01
1.164328814053966488e-01
7.338370190638597856e-01
1.405053546426616728e-01
3.903479069783213351e-01
4.518785011393439133e-01
7.201158839140805457e-01
2.919654327904339652e-01
4.184604356411829595e-01
1.263526883652608124e-01
8.204916425859124507e-01
3.010440591779701691e-01
5.688144396801070313e-01
3.506264431783320257e-01
8.750266134403635876e-01
9.615028421828523131e-01
6.752913711830541565e-01
3.527970559315842802e-01
1.640692299451964598e-01
7.833756788462694631e-01
2.125254395118902906e-03
9.668795290811866838e-01
1.467448647028839481e-01
8.099401467790676712e-01
6.119355863583270105e-01
6.597667731014188464e-01
2.661995244363846158e-01
3.509477623072538854e-01
3.469901663694019422e-01
3.988443721784402651e-01
9.306812778419799592e-01
1.446722628348325879e-01
6.632390294948568021e-01
3.872919958300113930e-01
3.307896051725434106e-02
3.120464584595783464e-02
9.377878600500720863e-01
6.120437037167081318e-01
4.181358934192489496e-01
3.710975315303169930e-01
2.500311525327496565e-01
8.837911576040807793e-01
4.873022632763124307e-01
3.056153854381538082e-01
6.357130594416633418e-01
6.658728116750559645e-01
3.866017905834615576e-01
2.592371685078190824e-01
2.796699603573327142e-02
8.895367627046152359e-01
8.071411835725260664e-01
2.704087049717075475e-01
5.581771508620836375e-01
6.598441040750501196e-01
9.171570871973979688e-01
9.840712778410426465e-01
5.412777164638193916e-02
4.442687622846457351e-01
2.575134669699610246e-01
9.512854585954391151e-01
9.690739195106314874e-01
9.785187326539623864e-01
5.758841225606300407e-01
9.499503907844284445e-01
8.425900340187493232e-01
2.091433535602948979e-01
3.880081439323704862e-01
