8.897011857630852116e-01
1.877172841552614546e-01
3.986307826851428482e-01
5.674798603180151169e-01
8.166205924513739722e-01
8.067656386582756634e-01
1.147280886144611545e-01
2.756943151586094265e-01
3.254695138321956893e-01
3.159066122205554938e-01
9.461625947034592032e-01
5.089971744939519871e-01
8.344942344897984254e-01
2.240303673734632683e-01
7.998916107365953154e-01
3.459612013107878914e-01
7.029237923486206796e-01
4.168495563031494600e-01
4.720549149531565458e-01
6.578169917430979341e-01
6.142075129554793733e-01
6.463329045929261385e-01
6.206269521952545443e-01
9.335261716132613463e-01
2.552706705944118859e-02
6.960095446563315802e-01
1.451926744826423921e-01
4.408698883011448189e-01
4.301490071177662688e-01
2.780642620257629538e-01
7.115349643871748953e-02
8.536736873791344049e-01
8.988915552561786981e-01
3.331522603958200213e-01
5.176875922053841839e-01
7.257498039502499054e-01
1.706287844675141718e-01
5.375099958421164503e-01
3.674231177338753707e-01
7.652381940420313056e-01
4.455359061658692443e-01
3.767499207127206207e-01
2.322932228751373174e-02
5.209181019946123037e-01
4.581750827171486851e-01
5.337927272058782258e-01
5.883618370690257837e-02
9.113572353907410939e-01
4.915112230747090694e-01
3.549238064780795288e-01
4.975475659950268081e-01
2.946095462183192515e-01
8.256577040547035118e-01
9.733829820374715336e-01
7.475369745586857295e-01
2.052201647131453033e-01
5.682145711197554849e-01
4.835644273333190579e-01
7.929853300100440094e-01
4.105595363784781959e-01
8.843554130111431766e-01
7.311260417445887283e-01
4.121610449488480876e-01
8.787925059149741536e-01
5.210716203776311062e-01
5.500446187900690509e-01
5.967529090540716341e-01
2.168578585406172321e-01
2.010867711904902322e-01
7.149759302725340326e-01
3.821208706522694065e-01
6.557131488791502205e-01
9.187316608506814752e-01
7.385111650591826837e-01
6.625202223711894600e-01
9.777993175665370407e-01
8.426271618887015702e-01
5.987119841259868069e-01
8.826032080117640621e-01
3.117734702269524538e-01
2.183224685520901431e-03
1.424184111322460700e-01
1.734845295549036770e-02
8.775038941686362781e-01
6.775896999188461001e-01
3.581255368455751320e-01
8.207386554021935954e-01
1.584744542397117373e-01
8.981876982159808787e-02
1.190389835506056038e-02
3.454576835965061932e-03
2.058554535973659005e-01
7.534071591643517474e-01
3.899553831683451044e-01
9.876838847407021227e-01
9.149911832114404620e-01
6.058044160976565617e-01
3.166051782734550235e-01
4.051455920075495154e-01
9.393148247695941588e-01
