8.587691814966413872e-02
7.261956529418341910e-01
8.978794681032586933e-01
9.806253933807839163e-01
1.519728746182412715e-01
2.294534109485917295e-01
5.766593515060097763e-01
4.663541579377008528e-01
7.909071514288446014e-02
1.997362015684516212e-01
8.415438777049775165e-01
3.485640463940943290e-01
4.821426113906600586e-01
5.413306302788927216e-01
1.007802812874546428e-01
6.342691279517681524e-01
2.903536172934628734e-01
4.675176349631063877e-01
7.625930924744211969e-01
9.088086843648846003e-02
6.017410699778336092e-01
4.607591392820129528e-01
2.383597413201408166e-01
8.765635075973232659e-01
5.361530269645762292e-01
6.165056193041893451e-01
8.031083929919410336e-01
6.309513185031541127e-01
5.303824365855974721e-01
7.000480530105572807e-01
4.604524881580056572e-01
2.186510867879413178e-01
5.876305941385513432e-01
5.761904237448729482e-01
6.259124284320395359e-01
8.352900010691194366e-01
9.467072258050602818e-01
5.898147425131131660e-01
7.646183075786462391e-01
5.376448158775555264e-01
4.763680476890824744e-01
4.171185717907806012e-01
5.815751532835169435e-01
5.592273148446951225e-01
1.436410133659932198e-01
1.655983009430489483e-01
4.965765163168114338e-01
6.027432944189826669e-01
2.194639895220217296e-01
2.809214858397018899e-01
2.650789139409116535e-01
6.026683775893136863e-01
2.064243973946675581e-01
9.973258498591514032e-01
8.788950668911742481e-01
1.250235113056217262e-01
8.695891631817203038e-01
4.369533530866980264e-01
9.318149049892894276e-01
7.057607673757347877e-01
9.232803429214143653e-01
5.039005516409154062e-01
4.220168626375727650e-01
6.733038462387732626e-01
7.581172341877373544e-01
4.592695380341219602e-01
4.585902144280684656e-02
2.825623072365220922e-01
6.316007818845783550e-01
3.603903398557449789e-01
2.681480766588985043e-01
7.323435311571366846e-01
2.106177905560795427e-01
8.694751280297399187e-01
9.077943782586561650e-02
2.813340202801448697e-01
4.184345685337630405e-01
7.490717236439862203e-01
8.435763786253588359e-01
1.151519047260096684e-01
2.127318072158908002e-01
4.780034003517433794e-01
4.997964660766431866e-01
2.128594377331831655e-01
1.630522276428604256e-01
7.799826263319233899e-01
8.382556656681854346e-01
5.629355048293033237e-01
3.023547948408604746e-01
2.127296170935225605e-01
1.798611750837273426e-01
4.149986952504086668e-01
4.591915030670140618e-01
2.773683387093590635e-01
2.409119751166635126e-01
6.852991152603800096e-01
8.666144521980637672e-01
7.153862250080026408e-01
4.816626694627746952e-01
4.942406587448474609e-01
