1.927882215897339657e-01
1.622286408813102820e-01
7.107240116271913433e-01
7.640740871974383008e-02
6.999781164838059233e-01
2.835002077404381593e-01
8.749147804219243874e-01
1.704102973002116217e-01
5.836520230728433623e-01
2.464533229550660565e-01
2.043215508827991300e-01
9.320991191171703605e-01
3.426752851568029001e-01
8.428855546034583757e-01
5.567628675903661950e-01
8.926672735911945766e-01
7.067245024739076120e-01
7.125387945273645718e-01
5.333670041976995568e-01
2.123819091163325901e-01
9.383679886059440589e-01
4.017893148145891269e-01
3.295281043378998076e-01
9.624033444412205540e-01
9.556263748591797835e-01
4.354284729005116761e-01
5.065333469237484065e-01
7.553300077381130961e-01
3.414505327890617892e-01
4.233806986394327287e-01
6.384864316964178332e-01
2.539467775318737797e-02
8.725735894391978276e-01
8.177485046701403748e-01
5.597156529198819008e-01
9.221927403426246617e-01
3.173301507480530415e-02
3.564403743319610740e-01
2.899708474634331568e-01
6.692994531937765945e-01
8.183815700096526147e-01
1.228303804182265813e-01
9.795482568743671958e-01
3.063392198509834463e-01
1.601307969057730318e-02
3.526648048935128177e-01
4.822545712283879960e-01
8.758884800690647232e-01
2.091854193391655681e-01
8.474155860074225055e-01
7.118014350013172065e-01
4.330638211151429662e-01
1.761034230952303048e-01
4.211555235970159128e-01
1.443916492246872796e-01
7.973616140159788257e-01
2.161470603697243087e-01
7.291507993761884299e-01
5.302482018651774043e-01
4.975271535417554736e-01
7.213979853478572624e-01
4.632383664503498810e-01
4.377626350002827849e-03
1.543052344816864263e-01
5.337875833355206767e-01
2.907054163560333082e-01
2.255728361516892155e-01
8.100672197552971632e-01
1.823229332727036578e-01
9.091946711255576297e-01
6.572415291937965254e-01
4.150049287085705307e-01
1.741426714987596158e-01
1.985361590866470127e-01
5.847710718527576734e-01
5.217905122401359508e-01
9.462106955607731962e-01
7.030029172109557578e-01
4.707266967793588552e-01
1.571528623403267710e-01
8.890369375595118528e-01
5.004246154448662720e-01
7.606259801500860895e-01
5.348328023178210433e-01
7.865889765441187453e-01
4.684671852320527741e-01
8.200363298166623016e-01
6.143758719714487171e-02
5.961127413550276755e-01
9.302681806791077701e-01
2.759084539548788406e-01
2.419490533990084069e-01
4.728568253082866546e-01
5.105253416371757780e-01
9.826303990996780868e-01
7.060400207392942828e-01
1.001202505817583299e-01
6.080557478189939635e-01
4.795827101127618786e-01
4.953978464296315831e-01
