1.837579744552324534e-01
9.533460950843755111e-01
4.975692209673173716e-01
9.488461076915331027e-01
5.092266848606419316e-04
3.878624288172697332e-01
7.994139459617953802e-01
1.064460204808608257e-01
7.368576229112829834e-01
9.646163632938431487e-01
2.610209382621350160e-01
7.173946518323306432e-01
3.640284303480116890e-01
9.859343982650057292e-01
4.310506117719991037e-01
7.991362633591779785e-01
9.170170387039082716e-01
7.166944747600212384e-01
5.945690200616488008e-01
5.543100730855202718e-01
6.957648347976557179e-01
8.208391854760432871e-01
9.035219304472221769e-01
4.455220106442628891e-01
4.638875899343301024e-01
8.693150162137879278e-01
3.193210824706038675e-01
1.126845265428718657e-01
6.934386343623462068e-01
3.360986868658466520e-02
9.474084256197257137e-02
2.928521370181424999e-01
4.179707197848682165e-01
9.974388972256853503e-01
5.785188529842444360e-02
6.122633071591242482e-01
1.502150164023072776e-01
9.310696091667288732e-01
9.258240184739152667e-01
3.064538336995589196e-01
4.764144793912606923e-01
9.194908769256666670e-01
5.376583779981900513e-01
2.905612369279748641e-01
1.652533124228818817e-01
1.011960648647510785e-01
2.696150720596086625e-01
8.292354847343952340e-01
5.266423949751146694e-01
5.032710580571930770e-01
3.276697858539245889e-02
7.867352287344699935e-01
1.502272833518352169e-01
5.587929765962197370e-01
3.762564884622467964e-01
7.096048052054249045e-02
5.915337404605133242e-01
7.984915973594018945e-01
6.399846768239159100e-02
5.162142930165655175e-01
5.787497702230369745e-01
7.073010237426841096e-01
5.502068708544265441e-01
9.192056233890001371e-01
8.432873634299518084e-01
4.104932069391271643e-01
4.747762829368243898e-01
7.649603057179542587e-01
9.373178103552378682e-01
8.610942345192358349e-01
6.056926205245428685e-01
5.012837942271854974e-01
5.947652311544748827e-02
8.030118826527006259e-01
9.316114154441910156e-01
3.762016791152300588e-01
3.959164145984331862e-01
2.860128701181537947e-01
3.682799958039293386e-01
3.984258645195001280e-01
3.296987246061566790e-02
7.108038020390841094e-01
9.761819245327192363e-01
5.887711851997929902e-01
1.139824737751842232e-01
9.519454136469971406e-01
9.601285038497187063e-02
3.411931592898209686e-02
5.004879074638779457e-02
8.537076382283119713e-01
6.315351884661996040e-01
9.869837348621902651e-01
8.646050789449080121e-01
3.388047082786226349e-01
1.054817418875457768e-01
9.246838442936406999e-01
1.900795179186233197e-01
4.484013322168762805e-01
4.504072831229567475e-01
7.194788080450551515e-01
