5.081035790038737066e-01
4.227434594242617250e-01
3.871036927966632346e-01
2.347936967524221208e-01
6.181223012273303619e-01
6.397070144207233078e-01
5.620769239072609391e-01
1.855158821925410040e-01
8.182878975378427011e-02
2.821019107279734150e-01
8.659330333558823423e-01
6.512368244983983701e-01
5.203391014958895777e-01
3.278468885461354176e-01
9.987952402320017242e-01
7.146872206982668452e-01
7.785495866720457681e-01
7.070149120069016968e-01
9.521519842818993995e-01
1.521931325602154939e-01
7.977625869668359959e-01
4.821025012234856355e-01
8.814302681976324827e-01
7.849567557551312413e-01
6.516872224659479018e-01
8.733608494362816721e-01
2.742176223929280177e-01
3.133701982930781060e-02
6.080308233794481376e-01
6.538080820069666066e-01
2.935809299739251532e-01
2.648644153935523216e-01
1.978748023284677693e-01
3.841052636415559496e-01
8.429783621972803953e-01
1.743485090239055291e-01
9.964457375293893637e-01
8.772632460122098408e-01
5.964876308259364768e-01
8.974377402391553460e-01
2.404473551968532297e-01
9.387460160911900164e-01
1.766272562451496331e-01
8.242652172214391948e-01
5.978126437186868092e-01
2.561517736355979347e-01
9.220271422059738153e-01
3.860757919671514715e-01
5.950896920524593181e-01
9.843853727303913947e-01
3.457307055618141778e-02
8.099742361876347552e-01
4.817096857616551819e-01
9.724859421333084120e-01
5.575399188792651284e-02
5.354866095490847799e-01
2.138042219671790756e-01
4.450390477435407499e-01
3.193971121944948477e-01
6.616177705508685669e-01
7.275875968217164758e-01
5.301626930086664746e-01
9.868693636190135621e-01
8.144275765662880584e-01
2.059441046914923801e-01
7.348884998981861649e-01
3.764408377602300737e-01
4.609702569780201875e-01
9.342717985526839408e-01
6.233500750343008434e-01
8.026033844027699038e-01
4.777090015072821272e-01
2.475748929124222952e-01
3.987022840063842999e-01
1.653854976747896055e-01
7.470811352173711839e-01
6.545991339468685277e-01
8.516986923343183857e-01
2.599712787931252045e-01
4.443242385945275208e-01
4.853046853901061830e-01
5.956104105440025442e-01
6.195152045525010864e-01
4.471707863034967145e-01
7.399143773934288015e-01
9.373285314824569836e-01
8.102958405610576342e-01
7.784103512321850493e-01
8.728231449230163808e-01
9.797991494672597668e-01
6.736954027592972905e-01
6.175188551297845496e-01
5.604686664444114008e-02
5.961454298623369841e-02
2.553504686959390257e-01
7.474259816207418083e-03
9.897132998854029085e-01
1.106153140668947321e-01
8.942418945936840835e-01
5.421255923337739979e-01
