3.561340340662855208e-02
7.373038203789198386e-01
9.309533089995984945e-01
1.361413053962656772e-01
8.348572231541335764e-01
4.596347444614079514e-01
2.670770149629037027e-01
2.385470831388611934e-01
3.390416869899315344e-01
3.344101861021028244e-01
5.200357401287583059e-01
5.272514914198856983e-01
6.390075956409384528e-01
2.399059792149577097e-01
9.616280708206081940e-03
1.831456864537862606e-01
7.493941333397953208e-01
4.897669305147589469e-02
9.745390458335656536e-01
7.258041800741247274e-01
7.264946054667156261e-01
2.498022033139478681e-01
9.290781906425551462e-01
4.224820592293037080e-01
1.723348851578687668e-01
4.840446894987298077e-01
2.892723402482588746e-02
7.318943249420881703e-01
4.323286285572662813e-01
4.892866671844421367e-01
1.450931474988422787e-01
6.486407513372522970e-01
7.771691884187420518e-01
5.300613197449335345e-01
5.089895323452352516e-01
5.117885481547168602e-02
8.728675640271985614e-01
3.640491953893347787e-01
6.463943879333672315e-01
1.381634953489064843e-01
4.523894075238856782e-01
8.295807781651842738e-01
1.022389084847673546e-01
1.806512369892843139e-01
8.942142851327525843e-01
5.378863173652237428e-02
5.760689173621741377e-01
5.106233213799556969e-01
5.249558537735377062e-02
2.339974387589128790e-01
8.593167090777801276e-01
8.581302793139770069e-01
3.576227098719270137e-01
3.849199179544683380e-01
5.494446902321078463e-01
2.919898009635208957e-01
3.023536915164298788e-01
4.140563958594731808e-01
3.151041554682283419e-01
6.350852115136658149e-01
2.287088015631028037e-01
4.150091485463077712e-01
8.081790171395323297e-01
9.006920746951641021e-03
5.856563697134157254e-01
8.535986219881792625e-01
4.643021017787352100e-02
2.027364045668764714e-01
9.411845205045660245e-01
6.433297535860660332e-01
1.883897348552772133e-01
7.660107911937197311e-02
4.461237674734114256e-01
8.848142713363165157e-01
2.018275382768923709e-01
2.287617421830718811e-01
2.035931606361051083e-01
4.592435626022055573e-01
5.268336919002722940e-01
5.737645371569901620e-01
5.068835780705281957e-01
7.460574549374541231e-01
6.234455531281241081e-01
6.496664659177214807e-01
7.795155706156065012e-01
4.127109788762395315e-02
6.327602931004431275e-01
9.239726376369815641e-01
3.020890510680339647e-01
8.303597589949364144e-01
3.376512814101175763e-01
2.225600211824810826e-01
1.872255196848064962e-01
6.788304054066847115e-01
6.899317199796746181e-01
6.057639831522922957e-01
9.444745948410857572e-01
3.215789123435560670e-01
5.003659769328061557e-02
4.317779192154924672e-02
