9.738001902746695748e-02
9.390761270483384271e-01
8.179873971883994122e-01
8.533697747715316417e-01
3.505885297778255083e-02
6.111367878939575338e-01
5.610717064750141425e-01
6.841749445980593869e-03
9.403661941428074211e-01
1.060199801016377119e-01
4.716949679965741771e-01
2.381044400706238129e-01
5.106040149548684015e-01
5.908941326117680415e-01
7.326882626185718950e-01
5.139384375809151750e-01
6.055715220267090526e-01
6.827915638586481428e-01
4.769545646812093365e-01
1.459339234325297552e-01
9.774228435309059160e-01
3.295767386998350590e-01
9.710386829122595875e-01
7.214206731169116038e-01
2.115409438399522557e-01
1.127432251827309440e-01
1.580302061627960608e-01
9.981249939032107443e-01
5.305236978734050313e-01
9.542148812630453225e-01
3.650133117386725745e-01
6.869394302842365407e-01
9.549714728066648339e-01
9.261986909608087570e-01
3.805082547750093802e-01
6.216159008327689639e-01
3.317883334992329791e-01
6.281276280787791988e-01
6.692803977829779871e-01
6.966703778856834228e-01
3.661121137712873841e-01
2.079122281518338555e-01
7.304111259326331318e-01
7.871261602279117087e-01
4.557153093993158155e-01
5.889135544698471669e-01
4.395305322260978365e-01
5.255016337034251750e-01
7.170869119672710346e-01
1.102047594937916042e-01
8.118390788552419801e-01
1.331545476843150055e-01
9.632781543927149137e-01
1.527748513168871725e-01
7.044211230983207228e-01
6.507173032241702071e-01
2.280428768781650462e-03
2.094054847357873506e-02
9.296065836554171513e-01
5.394733474803470319e-02
4.411440732161869827e-01
8.369019268132953382e-01
2.848044242240725943e-01
5.300146040891303700e-01
9.326138215719859126e-01
2.921689116750106896e-01
3.257120689774167799e-01
6.077965334647558171e-01
1.056768265280372265e-01
4.569612813965542308e-01
6.291050893017511303e-01
2.054363535967588250e-01
2.705685069378438445e-02
4.769432217041402744e-03
8.766265867347221574e-01
8.787213227896748524e-01
9.660211664338580473e-01
2.680691082234876177e-02
2.339249884072155394e-01
2.309692342711000546e-01
4.535966599128360421e-01
4.245209794346962440e-01
1.788358391394787583e-01
6.589505017499810435e-01
8.576319375654550825e-02
3.064486850300756071e-01
5.682601220550375087e-01
3.825830270270118572e-01
2.016692858327536753e-01
3.753073782044196172e-01
6.475041698787576960e-01
2.561732311586155664e-01
5.181377656456266356e-01
3.442198603542256929e-02
8.336085330676981098e-01
9.516365650144447130e-01
1.217387148220325788e-01
3.276759438770661115e-01
7.693271022380514523e-01
9.180680633945627056e-01
