6.910670146088501165e-01
1.541327165607143668e-01
4.214226349211004363e-01
6.197452993165377677e-01
5.139720187042818855e-01
3.752139967694105849e-01
3.241899291177972042e-01
9.808300173520860810e-01
9.224956644188428978e-01
3.382907603985683131e-01
6.698861071246422494e-01
5.175027038522831413e-01
6.457647577172400677e-01
1.749173731950101063e-01
7.142133521791612649e-01
2.892574161547923906e-01
3.772550592034840111e-02
4.825667097477063239e-01
2.965595777007247191e-01
7.702399723139058407e-01
3.868182225625931281e-01
2.446114055752668381e-02
4.406080918403421087e-02
1.690056209945480781e-01
6.898016374217489366e-01
8.767999879255942153e-01
5.574191041336684638e-02
8.327663499296066307e-01
2.549277867798191988e-01
1.591567464338018434e-01
3.470982746943022113e-01
2.905788551198407177e-02
4.286330380109937277e-01
4.448070397596436409e-01
5.176694457318505860e-01
8.706033631313102594e-01
8.983100956214286059e-01
3.860868902993335183e-01
8.355062174485092807e-01
5.814407632378333357e-01
3.330009538795137836e-01
3.904238056981228500e-01
1.254927386429260938e-02
1.295926890268037646e-01
3.850824809515339675e-01
2.156169751022278813e-01
9.556377087935483683e-01
5.170623352601035894e-01
3.471325413917263347e-01
6.469742195139814855e-01
6.301275861543768064e-01
7.581879936045077262e-01
4.697150052628391581e-01
1.114415297769262292e-01
4.366361488749864739e-01
2.310635044959972184e-01
6.250244610100794684e-01
2.158480631710160136e-01
1.280529355066442054e-01
1.996417325306022450e-01
6.311936629984404856e-01
5.571263975373164090e-01
6.151029505373420969e-01
3.130294540770237610e-01
8.949422886089402063e-01
2.219535195942068384e-01
5.948511626640394789e-01
2.376037168298860136e-01
7.601971992354924490e-01
9.219475440973901037e-01
7.439305303560276306e-01
9.450231602756941074e-01
2.528146144670917472e-01
7.647164495950420360e-02
8.706812148622751213e-01
6.386401997775966732e-01
1.400427222704084818e-01
2.877733190738627211e-01
3.164598256234063545e-01
3.965195629893148999e-01
2.928556065136134201e-01
9.017231783799362077e-01
4.142744147810206723e-02
2.484932760421281195e-01
6.630509861060829291e-01
5.661112387478635100e-01
9.193150489305639272e-01
4.504064345831145788e-01
3.086198119313617871e-01
7.077223298944620433e-01
8.169273117509608939e-01
8.055130109844839126e-01
6.379287715756024602e-01
3.987908510363460390e-01
9.727846989592376925e-01
8.555906427138506576e-01
9.172740547150155521e-01
9.098642042872088220e-01
6.804276170052665496e-01
8.615082054447720239e-03
