5.518684953863508547e-01
2.288068493581879581e-01
2.992421878308146876e-01
6.158327076575117465e-01
7.264171015590864533e-01
2.450958331151971148e-01
4.728605494656319408e-01
1.813181831102427255e-01
3.950202480259241700e-01
5.977567575447543247e-01
8.478472537261583231e-02
7.682297176687647999e-01
3.121948617432528383e-01
7.218027711279104697e-01
2.989402792474574744e-01
6.043340128817553669e-01
6.014090928592286112e-01
8.042836093619368798e-01
6.551730945633456038e-01
7.806666969811641987e-01
4.654430786774045314e-01
3.698102611152509489e-02
3.121140658966482517e-01
2.311412646969098761e-01
2.347942361530171995e-01
1.964147422240504204e-01
8.035219962784231340e-01
9.750592567414283485e-01
2.318764877724275308e-01
8.604666521752668551e-01
2.811676839875721923e-01
7.166073777273143097e-01
7.619485756482557992e-02
4.576525138746789789e-02
6.384563693735909595e-01
5.767805375453562977e-01
6.477428218405451021e-01
2.370987688104975177e-01
6.338461171266932537e-01
4.906060444580071511e-01
7.615528242598793573e-01
1.674095284344574441e-01
4.862976423600250397e-01
6.271755549936219865e-02
5.455540829635735500e-01
9.678164378595114359e-01
7.300825921300189147e-01
7.199455615088369287e-01
1.346847681886418346e-01
9.068060764258331075e-01
9.764918042005584775e-01
8.255160443265224801e-01
6.572954698087031256e-01
9.638277320867383313e-02
1.879413204769047052e-01
7.151453009568197183e-01
3.470739260488830968e-01
7.327179048040703968e-01
7.822281832299565751e-01
1.757726923327921353e-01
8.196426532483110927e-01
3.361599530486391041e-01
5.889935405790683864e-01
6.482739795382295167e-01
3.913512296535486268e-01
4.422658605714578917e-01
6.555356170964882212e-01
5.123060987392428212e-01
6.806340606973280138e-01
5.687180002016545277e-02
4.049495244932329596e-01
9.484907454930867621e-01
3.654718895025439451e-01
2.634545819685532031e-01
9.397245283727423404e-01
5.246410942646696496e-01
8.430539559974398189e-01
6.978321958078541609e-01
9.950516202330036419e-01
1.025510280901095195e-01
5.031964063285443434e-01
8.948151575449462269e-01
6.505356385041749512e-01
1.694912494366835887e-01
1.199042868495018288e-01
3.783432204497211293e-01
2.307160621303581127e-01
1.464245323944536326e-01
3.168243027321505645e-01
4.627061597120626368e-01
6.854466091999377175e-01
8.063906281377837271e-01
1.192966307726742725e-01
8.621192167707562026e-01
1.539298272117858302e-01
4.984467380499205680e-01
1.849156184151405924e-01
5.410333414381378603e-01
9.846606696386628332e-02
4.831966129463658444e-01
