8.803114071713273869e-01
5.223558670591240682e-01
7.617921544152007618e-01
4.309937392547704693e-01
3.151369373181145406e-01
4.308152038727394162e-01
1.393858018119126241e-01
9.636266770051578057e-01
7.510409017349609639e-01
9.657184781217712510e-01
4.186240077610611232e-01
2.050076423068636355e-02
7.664795773304250437e-01
7.913353092541814959e-01
1.751023830614278909e-01
4.482635447365915793e-01
1.909068597830249070e-01
9.040241477501279599e-01
5.965795349598218555e-01
1.154219400285071417e-01
8.219514753834937792e-01
4.725997412830404976e-01
9.614203973735291342e-02
9.779766121827367931e-01
9.870358636216661763e-01
5.260401704915069754e-01
3.605128944754790732e-01
4.792922756377220317e-01
8.781338049271582014e-01
7.634820707626771563e-01
7.854152613222096235e-01
3.520613313740101891e-01
7.253409401585152461e-01
5.548956884653656330e-01
5.347155398594770626e-01
1.407495414454589255e-01
9.103979953633879463e-01
4.319584244166917442e-01
9.714194922114308683e-01
9.892752663789026180e-01
1.500820475824892197e-01
8.236774267521200787e-01
4.538469623715415402e-01
3.607366546497877691e-01
8.771729227934416118e-01
1.067772277068649300e-01
9.781073376526817631e-01
8.559944895142590493e-01
2.023448985950726531e-02
3.337165463236156926e-01
5.135137664314548545e-02
1.183028433408294111e-01
9.123787346621857752e-01
2.134379014783388540e-01
1.291978932055066753e-01
8.759540826722979068e-01
1.409360653196972679e-01
3.608262683141104654e-01
6.352416407489495098e-01
5.937806363577741164e-01
7.186071293953755212e-02
9.690915789217973142e-01
3.323877672510220371e-01
7.188812507244929373e-01
1.157696111688020224e-01
6.150068621570333738e-01
6.907995483125970448e-01
6.918154145302815028e-01
8.597165832108610850e-01
9.287953460626530156e-01
8.296487855655588772e-01
5.545577127453437116e-01
1.005564714647877445e-01
3.339117158176307942e-01
6.082260251282924912e-01
5.169772244496695368e-02
9.780156801614200424e-01
3.628487903318758923e-01
6.866915824457531237e-03
4.612486347122733976e-01
9.501979966892224461e-01
2.342432723383516269e-01
8.212546710395340899e-02
5.455006632106921272e-01
5.781777044416656075e-01
1.047347594142546967e-01
4.176067820343035697e-01
7.186132663445663482e-01
2.989394979126567264e-01
5.442375077199296252e-01
1.061363548171656568e-01
2.025041823803421792e-01
4.440951465413410792e-01
4.040888505891813143e-01
6.885324992041851333e-01
9.784377430463742087e-01
5.316961605627972265e-01
3.988427335015781727e-01
8.938679240747454680e-01
7.967800951469553583e-01
