6.248768759407116180e-01
6.308943589389082174e-02
8.972636759658010330e-01
5.493386158616798687e-01
3.790515934593887692e-01
8.209169167460061978e-02
4.079523209107681625e-01
7.441600673313641945e-02
6.293338220680916306e-01
3.678511519999720925e-01
9.702603204852141561e-01
1.574878450569370258e-01
7.882038857923419073e-01
5.997274993116782360e-01
3.993337855947054482e-01
8.149952828950306483e-01
9.727089010560993065e-01
8.734985817139575559e-01
1.081074805182835608e-02
3.025581199931575149e-01
8.611024445253639970e-01
7.745990432411191673e-01
9.407394602283789542e-01
2.232492340727096902e-01
3.609117966506707464e-01
9.678517952331888718e-02
2.470223530068453854e-01
7.076552657400780877e-01
7.960651494496752134e-01
8.524126837847698646e-01
7.992850299915250645e-01
5.256295592601548661e-01
5.366042418272554126e-02
1.403132377892544191e-01
2.827941670084967996e-01
3.916901456401769011e-01
1.111351637586740493e-01
9.957551078523579902e-01
5.788414425223641357e-01
8.306360868051535506e-01
8.613691627697972475e-01
3.886373803818007344e-01
3.683641822033012492e-02
6.136483760973096002e-01
9.337277866740715249e-01
2.481488491115457773e-01
5.535750987945897705e-02
5.764029741983119903e-01
3.581985505617883980e-01
8.098527826748110892e-01
2.078066550319159767e-01
6.782820188690961150e-01
3.897096600872862471e-01
5.838353466090253630e-01
6.258041757314893871e-01
2.741847741333490740e-01
5.908852003515354667e-01
6.706628380802448497e-02
2.323786703054265823e-01
8.076373334870219356e-01
3.803938625270505414e-01
9.995892462864018890e-01
6.114626178718054472e-01
4.978709393123690319e-01
6.880847502942599725e-01
8.597654358436477295e-01
6.428841595672344367e-01
2.658752480699951848e-01
3.879662163639135963e-01
3.663504174037901517e-01
5.637070915328817877e-01
8.469611751937579092e-01
2.467036141152313400e-01
8.440774858783555157e-01
7.633616604219206625e-01
1.968929275636119858e-01
1.156701419731355207e-01
4.609140621492284762e-01
6.617485583721970377e-01
5.081516841690114639e-02
9.022805611552403571e-01
1.002614037742846076e-01
6.553107255684231802e-01
1.570385517797638908e-01
2.862432430082493262e-01
5.233208251942541578e-01
9.832017630430628374e-01
1.987573679101495294e-02
3.259883017620727186e-01
8.401471579018923164e-01
5.630135604832920970e-01
7.866907974392850500e-01
4.591308914256347906e-01
7.064607154502579034e-01
7.857146389278123477e-01
9.387694696258463978e-01
6.366242312405607784e-01
8.955935832669471575e-01
9.902030889229889166e-01
1.838977345017579479e-01
