4.361569139393520755e-01
4.638804914269506474e-01
3.720958729681637100e-01
7.074847278950321394e-01
1.461006676563898488e-01
1.291136063416218338e-01
2.862315652069979954e-01
6.072562141822360759e-01
1.469585356452750569e-01
2.943526970026104639e-01
7.133738918619566549e-01
5.016695902728985912e-01
7.980487092641320723e-01
3.335907382765304074e-01
7.527850584311370774e-01
4.936824729555717717e-01
5.194477703262012636e-01
3.763492945366251341e-01
5.710470910492326801e-01
2.308881742479930166e-01
5.266840707685305212e-02
6.143014405605806694e-01
6.752450032876529118e-01
2.820975410848346465e-01
9.098499281235600256e-01
1.351297011823493488e-02
8.708994345416544158e-01
1.566474040997208883e-01
5.573439803114288438e-02
8.828235460759066289e-01
6.584787148314327210e-01
2.388186991622259780e-01
2.355691275436966325e-02
9.785275300095805928e-01
8.027107877280217352e-01
6.848862935035818778e-01
9.609633546809053239e-01
9.455509482928606824e-01
1.626955209700389204e-01
8.802149202279683227e-01
4.546045114515485652e-01
9.816259836797625038e-02
9.807000577463256263e-01
8.122886093339609648e-02
2.429042234399234612e-01
1.045381155128237705e-01
1.034155384285821988e-01
4.098826343670676220e-01
3.058155752436952923e-01
3.059753304799353035e-01
7.874246761023082630e-01
5.531470505012888728e-01
5.116586381308863007e-01
8.767010545135693889e-01
7.571097877838434131e-01
6.407280449658127042e-01
9.016490123961339309e-01
4.959335723579666455e-01
9.910286029937594998e-01
1.697089476436749456e-01
4.143427352643599404e-01
7.789499851682669673e-01
9.146982660515913244e-01
7.451234357726564950e-01
8.388630832630317169e-01
1.243101858246727920e-01
3.203495302318881688e-01
3.113471964073468712e-01
5.933127317523851918e-01
2.991549474855850210e-01
4.164864627814500730e-01
6.862474228778179253e-01
1.094972733510238827e-01
8.513702623983163686e-01
6.305597511285813139e-01
5.513800414630949387e-01
3.333021633334871670e-01
5.616474820375161325e-02
5.281833310615946520e-02
2.302857316213213767e-02
8.527386939729728610e-01
9.353262234573348488e-01
7.528567584548196967e-01
8.702951126788738279e-01
7.257060205195720037e-02
9.405391028296253841e-01
5.829604148407663278e-01
9.891411835822456755e-01
3.322123660214448826e-03
3.517977818116924116e-01
4.684803139369710934e-01
2.931066176925378741e-01
8.920952305456186782e-02
2.751277204735067539e-01
9.921189134559439404e-01
4.665186055376761010e-01
9.727120681609088271e-01
2.350072348228648966e-01
9.934962250641765635e-02
6.584707158003594296e-01
