7.634340931253902340e-02
1.422860748172447565e-01
6.350276510946766262e-01
8.744471765452712653e-01
5.092587492916336167e-01
7.260923211853429482e-01
7.047877914212498096e-01
8.651425590594568060e-01
2.524778267176838176e-01
9.911128801794172327e-01
1.472921907004914877e-01
8.963669262162637930e-01
6.361258539277366841e-01
4.941107384366557609e-01
5.072590107567498396e-02
2.889229666630107607e-01
1.326600352169874375e-01
9.118590061777076539e-01
2.495470474636710678e-01
3.484798299121730780e-01
5.663300242428219722e-01
2.467213463481651159e-01
6.453463875634557478e-01
8.642607168288117814e-01
9.254352617231960121e-01
7.085282362134616152e-01
6.786315188040001889e-01
3.283127494134462365e-01
3.301677586133905384e-01
5.944539974702737206e-01
6.465861240888490791e-01
4.166603122008338822e-03
2.500641820221803924e-01
1.557221956417067510e-01
8.457147541852545469e-01
4.534566745198200799e-01
8.708214467041751616e-01
8.655301624979001573e-01
9.162645147727680461e-01
1.720383908963316610e-01
6.301139930114408871e-01
2.040194444313765398e-01
6.717025814732513478e-01
4.385112203629977223e-01
9.011435802265792550e-01
9.223196556203431262e-01
2.056238631482596446e-01
2.725232361101735945e-01
3.327691898005925575e-01
6.461155504006340644e-01
5.628397811199469247e-01
9.293394403351720179e-01
4.132180734832315849e-01
3.632130127038194489e-01
9.760737107721136896e-01
4.371658260968132037e-01
5.127804252287379017e-01
4.284385499051892587e-01
8.001137495309790237e-01
9.657266825501603646e-01
1.714857882693698876e-01
6.298466822235280205e-01
3.346588174989273412e-01
7.077810598226508265e-02
8.179543871053038817e-01
8.719684603912529752e-01
7.536672178345446005e-01
6.844055720634020235e-01
2.767764284177975931e-01
5.995625563549903392e-01
3.782453369467443371e-01
6.530852419763316652e-01
3.688272856651820808e-01
6.194257844888544362e-01
8.990728683617643657e-02
5.777906328577425699e-01
5.885541740710168446e-01
2.305017127912843966e-01
7.774261856066493337e-01
5.270253971716495345e-01
9.799445909033652757e-01
5.161853233532218699e-01
7.446154656253366477e-01
1.226244378211055475e-01
4.117372430313519516e-01
6.898708597228032646e-01
4.552346221332210785e-01
8.037332200614143440e-01
2.519414398367297858e-01
8.878340456315347851e-01
1.023651414552445571e-01
3.643262701458116481e-02
9.806125078182833521e-01
5.418361140950911370e-01
9.223154642001166748e-01
9.174236731734023431e-01
3.084894024277028413e-01
1.217978023221355510e-02
6.828881182937145411e-01
8.908473950363550165e-01
