2.533795886744427683e-01
4.436460983388974544e-01
6.780408401540451990e-01
4.912881735043463927e-01
2.332160227073365455e-01
4.593675104161154543e-02
5.474465554588350269e-01
9.649436800712041240e-02
1.162747459632793579e-01
9.757162313567190326e-01
4.056244452841849535e-01
8.863719071037161612e-01
6.041312926535691297e-02
1.513647697219133725e-01
2.358668614198189406e-01
4.207642010082942585e-01
2.829580994158342744e-02
3.366329352582346779e-01
2.063776151482562549e-01
2.898752118998461080e-01
3.686019700673177635e-01
4.570731743198751529e-01
2.401009864207193090e-02
8.281175508628829673e-01
9.025224319316619281e-01
8.381190266859852578e-01
2.294451314811206677e-01
3.642692664569411320e-01
4.877370957408242447e-01
4.018282841332686539e-01
5.822302077752972149e-01
4.836266095880040750e-01
5.523938402668836511e-01
6.593124150703384423e-01
4.764804614034462427e-01
7.112994782429512552e-01
7.249677988659272154e-01
6.061618137717590393e-01
4.514328481236725699e-01
9.318095818843363798e-02
5.106950309729526571e-01
4.578973634499509116e-01
6.580018471256529056e-01
7.422844963897259341e-01
7.780525555056161391e-02
2.867306566392632261e-01
1.068219415481608259e-02
4.633586943055268970e-01
1.948470591198161461e-01
7.041292904944302933e-01
8.303920607258942210e-01
8.494439692010806731e-01
1.424726203390797030e-01
3.006604481670061002e-02
5.139364599045884718e-01
3.671592936832139831e-01
2.295456153665238475e-01
7.514285711958023084e-01
9.764967192880921187e-01
3.005513182307528730e-01
3.459145128390550550e-01
7.766307937803905714e-01
5.354124673775377818e-01
7.712062887813183609e-01
8.956875640934246485e-01
2.973528054400642606e-01
9.909355093537572934e-01
6.495701522068390021e-01
4.312806472457618723e-01
1.155858579391902952e-01
5.170788558935930368e-01
2.164336279575517219e-01
7.914841504775703696e-01
1.086058021360375436e-01
2.192163452641829879e-01
8.171875459285565801e-01
2.015112197508371894e-01
5.713890217614649991e-01
4.392397288022565904e-01
5.739572233907539456e-01
8.783982267779588682e-02
9.102045899883643987e-01
9.853625551949708461e-01
6.864946553254261952e-01
2.166668897118756432e-01
4.611580352610227251e-01
5.345521726042856692e-03
6.207125036894134418e-03
1.258752172499292277e-01
9.030786960512926509e-02
1.529352374138159831e-02
5.355651214823621276e-01
5.961281159140429109e-01
6.003501398691603042e-01
5.982924928640254159e-01
6.055256991146850121e-01
9.341465653708533878e-01
4.958908599012484819e-01
7.448127328608021847e-01
8.804637088614695184e-01
