4.245336285432265155e-01
5.495641882687479773e-01
1.134480771511354735e-01
2.547265018145469240e-01
3.666478928364179657e-01
3.132303182739465397e-01
3.583771092231109456e-01
1.708596653129482723e-01
3.338861269604490589e-01
6.923400012915699175e-01
5.369047448851900217e-01
9.793407570983579946e-01
5.526500944627420475e-01
5.426820645310673763e-01
7.533268595104387622e-01
1.377695857803515889e-01
5.220584026188995752e-01
6.313314234073970077e-01
1.830026925245135105e-01
2.142784360820668699e-01
7.627968430370788422e-01
4.606342009876857047e-01
1.490898013366076524e-01
3.138015868781366402e-01
5.287491780198616542e-01
9.172139594240431570e-01
2.453165651881525910e-01
4.986692249977685565e-01
2.526140099689025975e-01
1.282247010519588226e-01
2.368748032045634444e-01
3.769794291233159456e-01
2.341341521253320623e-01
8.306075017390270876e-01
3.544938862830904203e-02
8.887720775261596096e-01
7.123388115753371830e-01
4.560007919827402390e-01
2.292873692911827632e-01
1.651755479849478236e-01
2.884879309361451094e-01
8.894826191513586222e-01
7.244493397625452191e-01
4.950511262228930454e-01
6.333151473736065018e-01
3.289279237526737676e-01
9.096005212581201871e-01
1.322797680620724226e-01
3.477078088912211040e-01
8.111315087239669985e-01
7.768070078725122229e-01
6.415256259230767144e-01
6.501696522041390258e-01
7.164113685857080860e-01
1.646580164741392460e-01
1.637191925231104017e-01
7.347327234462340817e-01
2.936454059459909782e-01
6.958998346752898190e-02
3.410180365570033567e-01
5.843561808588874085e-01
8.569145077759283691e-01
5.961814620881352722e-01
4.756713706814691411e-01
2.412111579870603872e-01
9.302383780664535973e-02
9.999247484215423309e-01
6.423654125939728399e-01
3.580504239100456010e-01
5.575229029440398332e-01
6.732454819701695348e-01
6.254622339867330627e-01
4.522632505132786473e-01
8.020652484346173505e-01
7.039986542303988681e-02
6.997016635321893219e-01
8.848020248330523696e-01
2.979086923100514595e-01
5.889912396429120012e-01
7.459430302671467006e-01
1.089645864302313250e-01
6.931159382905225375e-01
3.947407695516556014e-01
7.068585537115076312e-01
8.178162863190994170e-01
6.261734734568347172e-01
1.181089367031046278e-01
4.962962128662727901e-01
4.791452430802974893e-01
7.545580503430505681e-01
8.709280577727972483e-01
2.375647451902928031e-01
2.279892660734925691e-01
9.518088411756778777e-01
5.408965531424431150e-01
5.491540949339344113e-01
6.262053623375647415e-01
9.600676396569020055e-01
6.187935810537463777e-01
6.233897326111259574e-01
