6.575665974874368436e-01
2.501003207169107956e-01
6.004701698367346241e-01
3.173888202068849695e-01
1.302070228391308815e-01
2.113176724712162446e-02
3.977001432304866357e-01
8.652221353301137174e-02
5.253870197673233822e-01
6.910147920721568804e-01
8.401310933022050342e-01
8.929214680703123630e-02
4.513510564263070179e-01
9.604066866413025760e-01
9.255223555636736821e-01
9.782640648374489878e-01
9.635755655199044201e-01
8.069951816254565813e-01
9.323970107263993556e-01
7.525388790427731678e-01
7.832212678650495308e-01
5.011485660773549178e-01
6.314357505928879233e-01
9.908442255703874268e-01
4.034390358381911845e-02
1.820998012031483926e-01
4.597717841147064277e-02
2.613243262306539361e-01
2.806078336306990773e-01
1.289890520454622935e-01
9.272910269829434116e-01
8.183718052465890347e-01
1.269591376629067847e-01
9.076478632888762554e-01
6.132154768471882456e-01
4.142301467765530099e-01
4.470570095213932671e-02
4.349272540226215567e-01
9.481009112478387957e-01
5.126279859991932364e-01
9.692207042130225325e-01
7.975620128730067648e-01
1.503487030293281235e-01
8.779253538786108146e-01
1.532521095576911963e-01
8.332601253801789065e-01
1.984434066411776554e-01
5.482122772163050550e-01
6.861025591514546829e-01
1.716183709643607225e-01
7.275385283502602274e-01
2.828095174458544747e-02
9.169566178238244269e-01
3.989228302852669827e-01
4.774460938861984083e-01
6.928019464924369819e-01
7.690015366704869848e-01
5.375039838100140743e-01
4.623872761307944446e-01
3.543802493853831503e-02
9.655890025352782402e-01
6.185099847760261449e-01
2.060390741766386924e-01
9.135575141277606503e-01
6.956279825813829198e-01
9.471134720063321133e-01
4.342106464432298196e-01
6.528364949364471315e-01
7.542002527854011484e-01
7.292720329380866229e-01
4.907213915928566594e-01
7.037281191590357698e-01
1.103658830632162635e-01
7.800779942631433928e-01
1.710181459666080261e-01
8.816762600290692919e-01
1.314653684846689430e-01
6.697254367061324931e-01
4.597686363585329339e-02
4.886527810425969065e-01
2.327510373686186851e-01
3.336699884880008904e-01
6.908023398282040484e-01
3.008082535481415576e-01
8.822679408343702123e-01
3.296592167839947907e-01
8.884784796351403724e-01
7.241628812048450659e-01
2.818319409500249506e-01
8.462307893929655878e-01
9.069053832006449545e-01
7.090153519092359247e-01
2.107209114923865867e-01
3.971272678445986193e-01
3.498972641435765807e-01
6.070590484653513030e-01
7.535210362084940883e-01
8.254991620209063408e-01
6.907634907715929362e-01
9.940456165825728441e-02
