7.774182579895838607e-01
8.969358335226418344e-02
8.221842622348382035e-01
1.905009250973932478e-01
5.427388613652832650e-01
7.888490390970100963e-01
7.766760386719340215e-01
3.816049689771239262e-02
4.924835199344460568e-01
9.050195386525736740e-01
3.952576914664758245e-01
8.362593792377104318e-02
1.542653577621772021e-01
3.414471467448733089e-01
7.158438420721930928e-01
6.478868101444142935e-01
6.759131602674495198e-01
9.187993897703429225e-01
7.098420307426328568e-01
1.185034352835435678e-01
5.151920268420920879e-01
4.683836144356667841e-02
2.025875165059792815e-01
5.265566927843966516e-01
4.758126979453035643e-01
9.413559298244733586e-02
1.831454334768789494e-02
4.664505511826547712e-01
3.237073696457779537e-01
3.525689189104328491e-01
6.060283491647202592e-01
9.489434956848000757e-01
1.209962257734249480e-01
7.177364832473732692e-01
3.719652471845208419e-01
2.863266981645713471e-01
5.507167908213242979e-01
3.076842912752457693e-01
8.402379673870041810e-02
4.343903128141189951e-01
3.848560925992924320e-01
3.957706774034330799e-01
2.653795890085136611e-01
2.835771314980084501e-02
4.082942732207714975e-01
7.784676750425428837e-01
9.183941057917645034e-01
1.512779761646071419e-01
8.316239458987206845e-01
5.688708419798100824e-01
1.947000756090406792e-01
2.346401179553160299e-01
4.568315788520052045e-01
2.052887451390740248e-01
7.765574417594294232e-01
6.904266755391926802e-01
8.499612358464334605e-01
9.246684971448093648e-03
6.482565501023709320e-01
5.545392602278270688e-01
8.344657747328120267e-01
1.716262327930535569e-01
4.210046209608255818e-01
1.682965637078316368e-01
7.343933708916452474e-01
5.401907316266407744e-02
3.212268523430483746e-02
7.552663758402352601e-01
6.644787525804344286e-01
2.953607239452260558e-03
7.405293036349802627e-01
9.168767177440816374e-01
4.897878884143557210e-01
2.383493830685192716e-01
5.670224938199666109e-01
9.385937799758051758e-01
8.694726648143192849e-01
9.340354680271347743e-01
6.952943065565486691e-03
9.690748556755931498e-01
5.147335801984481707e-01
4.816751753994515939e-01
4.454509339837853243e-02
1.321544876460375439e-01
7.576934323542745542e-01
1.061614947319428071e-01
7.904161914061130778e-01
8.135787203828270808e-02
8.408297836886989840e-01
3.909903663639779925e-01
2.867674034362014401e-01
5.303376695605950264e-01
2.621513850668534262e-01
6.863629691428277946e-01
7.925671873053775629e-01
3.591635156764444448e-01
1.869756394808300692e-01
4.685084191704325107e-01
2.790278445146733288e-01
4.945157681127321236e-01
