8.423903186034914503e-01
6.619476838401699981e-01
8.899179321731275349e-01
4.217661239042316268e-01
2.476776671404060659e-01
4.817738953864192375e-01
9.934756932160337950e-01
5.164241117221514132e-01
4.841626885551634230e-01
1.701908871807389367e-02
7.351743929190379667e-02
5.113610133490136267e-01
6.407740288585072053e-01
4.936009434852611788e-01
4.303337514587399770e-01
9.201394722718784225e-01
9.436257001172166925e-01
4.142707224777577579e-01
8.209466431515981544e-01
6.920286218145935697e-01
4.211646049616236676e-01
1.222337692075659010e-01
2.384992422408421797e-01
2.911926199916060609e-01
7.605975400633571137e-01
2.018888845311098690e-01
8.562079881745573440e-01
7.385527492173824538e-01
3.203776425944382389e-03
9.730005420582290565e-01
5.216646447943189546e-01
8.333425528001719984e-01
7.303116890456584631e-01
8.682690993017068148e-01
1.501526863950669588e-01
6.811944185627760717e-01
1.610564842111312789e-01
1.669745884441642403e-01
8.750987704620744045e-01
2.401163874122109743e-01
2.368015772568233812e-01
8.744919152452901301e-03
8.813050359885666873e-01
6.493521071658769905e-01
6.530321879831818555e-01
4.294767992733646844e-01
5.655970493850193126e-02
6.682416089927305514e-01
3.746887152876691163e-01
4.637419094785744100e-02
9.990322387558836503e-02
1.086718598072702324e-01
6.201830629863946953e-01
4.773563592136172984e-01
4.345689142677080508e-01
8.388949093571386184e-01
9.934717741027742077e-01
3.112983424574000679e-02
1.399082252073062804e-01
9.420588901130869663e-01
6.272922141860359790e-02
7.135262027190504286e-01
7.281641728734156160e-01
3.898378679989867868e-01
9.373593837191990241e-01
4.933791235597947411e-01
1.056506296996458927e-01
2.642771067440452537e-01
2.396814116437340214e-02
8.217754549024323119e-01
9.948315789743765736e-01
2.827827108473819351e-01
6.404104014208795714e-01
1.784363993477569021e-01
8.810344987299579822e-01
1.211344106680998234e-01
6.289557596388184457e-01
8.711761507704625096e-01
6.854874315354544390e-01
6.233395599098801032e-01
8.692022657851781187e-01
4.979227691711319848e-01
7.823250533911720872e-01
2.334289464460092001e-01
3.161277097289731941e-01
5.136083136792662929e-01
2.457084702700039758e-01
4.691628539001310161e-01
3.884300713745986178e-01
7.063852939188326463e-01
1.321441169865574805e-01
6.538406334763333660e-01
9.543714029824167389e-01
7.115735418780942956e-01
8.505062632104926079e-01
1.262496278275737627e-01
9.312759777640815528e-01
5.384519048971313504e-01
1.670162300371604847e-01
9.602587707635844572e-01
