6.985492207178465307e-01
7.496544523679866678e-01
1.030901368861634193e-01
5.374657755016462035e-01
6.042507741116392994e-01
2.268678038279439146e-01
8.279446906422753827e-01
6.624022610016447876e-01
2.166189885272287174e-01
6.744291555117962744e-01
5.716928786296571197e-01
2.879720050606997539e-01
3.193957505152197340e-01
5.582806466835753545e-01
9.302489815637114967e-01
3.708782964495737078e-01
9.801283888309278991e-01
1.686482016364871939e-01
8.863513708344732400e-01
9.380571474587007241e-02
4.743503922899396930e-01
8.787506060948591102e-01
1.130779281826718163e-01
4.012655315749025231e-01
8.571105832000673885e-01
4.742952227042381841e-01
7.054568202327691218e-01
8.230334255443234603e-01
9.674713168382086392e-01
8.519990061718131225e-01
3.049525588985518842e-01
9.803298943134217680e-01
9.062432893059985117e-01
8.614651003800548601e-01
2.153194543681369311e-02
1.376722625805747446e-01
3.267429586294223753e-01
3.555176777506703356e-01
6.513126128133958082e-01
2.491585772805714472e-01
1.054315003521912875e-01
1.541046807764023807e-01
5.166875551577743142e-01
8.137917377765591098e-01
9.064377969431886006e-01
7.365436226411075094e-01
7.734020536287874448e-01
7.307246097603609103e-01
2.979603345977961393e-01
9.669463550179964173e-01
5.097148353604901150e-01
7.024602614065933448e-02
2.517831800318062196e-01
2.906084511104848334e-01
2.970217662470681086e-01
4.552570758615162028e-01
4.188689248100698759e-01
4.281568243603361967e-02
3.623145839204453544e-01
8.025104163635239374e-01
4.226795619025204287e-01
1.431303474176982560e-01
1.236083627589414924e-01
4.176413659495463726e-01
7.657624470550864482e-01
6.819582660022374121e-01
8.138028635754438467e-01
8.041004917124524587e-01
8.446450016630701052e-01
7.046129642129973503e-01
8.477419334488678349e-02
4.157668662627809208e-01
9.850114215163630060e-01
4.990654840165920092e-02
1.973185957264093071e-01
8.127599818367126083e-01
9.237125401147482373e-01
6.573921200002725840e-01
4.193537136351555006e-01
5.137133071936185180e-01
1.884734032141101023e-01
6.378819673831174208e-01
9.729483906510796309e-01
5.257142320373179301e-01
3.726379877856400569e-02
2.176093972974866286e-01
9.377472069165717627e-01
3.122844489808063173e-02
2.431567477024128010e-01
6.960232991081692910e-01
3.766772431329008519e-01
2.746706309835535986e-01
4.576284849833082147e-01
9.006579140119091997e-01
7.067286604605649281e-01
4.215021664383934441e-01
8.200891305071685844e-01
5.017746696190761302e-01
7.324529625319247117e-01
7.775046649108452446e-02
