4.741954116661895036e-03
7.997920178289934512e-01
3.635838519111947997e-01
5.861004090243578935e-01
2.125143581795958525e-01
6.129763113310350287e-01
9.964104547253856969e-01
1.753978830133962052e-01
1.209125002564218621e-01
4.265581850125621521e-02
8.957594851565966465e-01
6.535761882290395119e-01
1.660681120409591705e-01
6.532965526364975517e-02
7.648390110458003210e-02
4.067106754426469406e-01
3.459793519906617654e-01
1.643558184276064926e-01
9.992596426427843292e-01
7.985063912476600967e-01
3.972649988538858867e-01
7.843789439959165666e-01
7.593580523615609534e-01
2.231291463102359485e-01
4.734673132165465592e-01
4.227518622187288466e-01
8.418475335176593966e-01
1.975111093973092036e-02
3.358204494278693719e-02
7.802602792173071178e-01
7.030381598381438835e-01
8.133163476797735658e-01
3.511346546346928443e-01
9.384003585186717622e-02
3.583299615694240936e-01
4.486303831039054613e-01
9.667924778600162083e-01
3.038118851833482292e-01
1.396154611394906375e-01
8.557059672427953512e-01
2.751593047163064520e-01
7.892207847385372954e-01
2.813355270527984064e-01
6.457512002354404146e-01
3.023899164984769072e-01
6.202289551031610060e-01
2.779422687159446292e-01
5.009793973202812944e-01
7.440030526412492184e-01
7.044056555998103875e-01
6.714778820812640214e-01
7.192124710673863941e-01
6.044562876725685374e-01
7.483494234586274274e-01
1.602217616336366612e-01
8.542113923536525100e-01
6.778314247807806225e-01
4.231019314452056923e-01
4.578133055370621207e-01
9.766112348236510865e-02
3.854685726012428981e-01
7.542210525322907699e-01
1.734648306556875186e-01
3.393126446602898749e-01
8.002270280316192697e-04
4.580467132975318822e-02
6.370715746147235237e-01
8.795845425180991439e-01
6.861979702005962523e-01
8.697757495400963990e-01
8.875495703547775506e-01
7.679807789006919405e-01
6.369040572609457884e-01
6.057311206285291849e-01
5.109159680701113038e-01
6.822458570355984797e-01
8.995694003757186419e-01
6.268019316449996436e-01
4.979088914953807565e-01
5.395832914297249427e-01
8.645084389567974092e-01
7.584492286394155514e-01
3.755474153107785096e-01
1.835417337776257263e-03
6.472721868551203350e-01
2.383047969783149700e-01
7.454992595586359405e-01
4.673219511335163778e-01
4.390611105133180869e-01
7.073933086469728071e-01
2.688971958314313460e-01
7.305144879359610766e-01
5.715985274585438924e-01
8.718715994592507457e-01
2.069294793982144887e-01
7.809983950664238783e-01
2.914437127714132325e-01
3.428292231132648027e-01
5.371618862799081295e-01
7.364516886573889698e-01
