2.026865497559168228e-01
1.795817692499767082e-01
9.154146082451134481e-01
9.315649938345723635e-01
6.218498476542037023e-01
8.761021330386374872e-01
5.269496849535341143e-01
9.198266433771029593e-01
7.010594533607400480e-01
5.016521002143340402e-01
8.011175964684397188e-01
1.345007399734855502e-01
7.748130518423845814e-01
3.087115857102284977e-01
6.862759844067950477e-01
3.923300443688967354e-01
2.714355111221484762e-01
1.936259224308064519e-01
4.442290667078148125e-01
8.896429439328144007e-01
8.862936988030716279e-01
9.060769578247173106e-01
5.687623809755212312e-01
5.884659451015158416e-01
8.700384406909523749e-01
4.538994775790460290e-01
1.818812586026070655e-01
5.582227107351338535e-01
5.012041425243652926e-01
3.935426154074382898e-01
8.345101874942049136e-01
8.321898474354223474e-01
8.508200690241353170e-01
6.672651600619612378e-01
8.758195484391230190e-01
3.540774766058092382e-01
2.556689031799257439e-01
7.713096016809073419e-02
8.550269969840018636e-02
5.903718417687499054e-01
4.622736021987920996e-01
4.889991183649227136e-01
3.257458961037800194e-01
5.601087662113816146e-01
1.038780390522640040e-01
8.462408668766108200e-01
5.607739954023048812e-01
1.090643763415202194e-01
8.825341629135592392e-01
5.014987866994143895e-01
3.204296243561075563e-01
8.905047958448987222e-01
4.799052524818083754e-01
1.663956513008771898e-01
1.880930543450071157e-01
2.123789454033542246e-01
7.488160613740391103e-02
2.721925767263629892e-01
3.217909362790827288e-02
3.478975751580950515e-01
5.370750908374419819e-01
2.110440628581702338e-01
8.478134818060475419e-01
5.659163192629411698e-01
6.931042314844901853e-01
5.723969034692349966e-01
2.785426770069696634e-01
6.507768086577792044e-02
1.059221450837107836e-01
8.405066035676052039e-01
2.029662136177458054e-01
6.916009684154265091e-01
1.952174147544858407e-01
8.789330823527651271e-01
4.893022870072450958e-01
1.492423384449147461e-01
3.412374300782813341e-01
9.167872997786081779e-01
9.486256810750287594e-01
2.653149275424759868e-01
7.706650870580338264e-01
2.969434887361050990e-01
9.658792738020522961e-01
7.867949979738640964e-01
1.142350522732449303e-01
7.631269265601675622e-01
1.825425587920034287e-01
3.947119877297486923e-01
8.350169283837083345e-01
4.865816391126671636e-01
2.321279562294541465e-01
8.451414177663004734e-01
2.864548472562064019e-01
8.967593363640666837e-01
2.375587306892712469e-01
3.386152066658743021e-01
8.270769243751345812e-01
1.826751363273863005e-01
5.091386399582319422e-01
9.905493248115641025e-01
