2.703438953444811110e-01
1.677623680027811037e-01
1.800549414107954771e-02
4.340969388460350631e-01
3.209413549869647442e-01
3.390832700665468158e-01
9.191204656241523940e-01
7.804987428720816522e-01
9.587943382555341731e-01
8.849350327268570293e-01
9.190839287989266415e-01
6.028300087940415830e-01
9.495148672719442295e-01
6.321729636755474280e-01
1.573007089227762556e-02
6.623157813923308268e-01
8.945133054415719265e-01
9.892239925143719859e-01
6.938968783330378143e-01
6.374054711196638356e-01
9.066647916168092403e-01
4.301192698626921107e-02
8.036775746088556938e-01
3.803009204424052658e-01
5.314069764982165545e-01
5.272245115572747887e-01
7.822391153020225030e-01
5.674966400765454333e-01
1.859595088123823237e-01
6.788107210063971664e-01
8.356551102651770258e-01
3.597899296828109827e-01
5.681134182640634744e-02
8.149593173688883807e-01
3.694095150284693041e-01
4.754334890966637195e-01
8.941307940898125528e-01
5.995710657211977823e-01
9.729215806640845177e-02
1.587427721036135386e-01
7.472125376760943016e-01
8.360527907676335024e-01
3.660150101533726774e-01
7.691547632776896126e-01
3.245891843109157682e-01
9.473671029075257932e-01
9.007363717470913134e-01
2.256040632877963636e-01
9.288349197516376776e-02
7.962421976755772457e-01
9.757136618310102705e-01
9.792643638520067695e-01
3.862974849438916003e-01
5.397983685237500717e-01
1.650792690256736028e-01
4.943342365637697355e-01
9.204913920443953401e-01
4.746832677199578354e-01
6.389404210698444997e-01
6.436811339320177572e-01
6.089082536363252807e-01
4.603606065758014676e-02
9.496890409577420922e-01
5.759369746344017438e-01
5.108855191583286937e-01
1.074295677839554042e-01
5.025731958440083913e-01
6.201156167338679470e-01
7.264206486418176567e-01
7.336732107820586046e-01
2.383203518647978303e-01
5.030357860872398668e-01
7.716595098958001220e-02
3.101028984893228202e-01
3.706898064786890989e-01
7.618123031125190181e-02
7.784402328629893564e-01
9.638752994828663212e-01
3.630624868960665719e-01
3.690814717090806774e-01
1.165952493617997687e-01
9.030066488653801793e-01
8.817599530341505565e-01
2.520453524141264001e-02
8.909384122395039851e-01
4.082880331314600042e-01
2.294219964153764169e-01
2.288700695217371628e-02
2.766825015359553053e-02
2.377504224050319692e-01
9.987723440836920874e-01
4.682062567757643290e-01
7.154154078512313664e-01
5.721998402321882837e-01
3.516045859534125961e-01
3.894084256729265503e-01
3.798652323565646638e-01
1.518664701565898278e-01
1.735319700712647517e-01
6.211821249440517834e-01
