8.802483085221909365e-01
2.552157496926810154e-02
7.771788314103745821e-01
2.621793621710047928e-01
3.477523119909562421e-01
3.208133436579021502e-01
4.528872663984511160e-01
3.845382385878937104e-01
1.730827188528927252e-01
2.235509204710857123e-01
5.547110562898216468e-02
4.216320566219872168e-01
6.871460350368199244e-01
5.863566080217790244e-01
7.495136106936273190e-02
5.128710484498201216e-01
9.677019233994809122e-01
4.675419656453889683e-01
8.945333071736577546e-01
4.706436677936371993e-01
2.277323584993584671e-02
7.564189432565883164e-01
4.031918724968663881e-01
9.752851972421657800e-01
9.772536621041050253e-04
8.690633244983864136e-01
1.536183569136185811e-01
7.716002493725573341e-01
9.369363041544926940e-01
9.567075664842084048e-01
1.107284285853690209e-01
9.379773775300285221e-01
2.499032179292893785e-01
1.580879945594370062e-01
6.568079509534855420e-01
6.150916643780356408e-01
7.455268101833548711e-01
1.156219464746155445e-01
1.574336369402903335e-01
9.518260822181755509e-01
3.729895618568385141e-01
5.617523061330763623e-01
4.236749262214555278e-01
4.174917464737674111e-01
2.328047884850518168e-01
9.970198983110328816e-01
6.276411922225701989e-01
5.988688453751436214e-01
6.971771184131319021e-01
8.483340379559139999e-01
4.691808176295716448e-01
4.011134879963185185e-01
2.703224725412767260e-01
1.319143450487532121e-01
6.062729856083988178e-01
4.866325534543642917e-01
3.180521747559996726e-01
8.336125575817776578e-01
5.240703266486403944e-01
1.140855604136320478e-01
6.379311870318206124e-01
5.497677614416799363e-01
5.832255334889415721e-01
9.360970294609058939e-01
9.121238118348629076e-02
6.703648518330029837e-01
1.217647828750755279e-01
8.343833639921096612e-01
1.207258920994779272e-01
2.964835279324212758e-01
9.730568375929471436e-02
6.781194370582027675e-01
6.688505731171090485e-02
8.605631926319002867e-01
5.643099966500056963e-01
5.691668069638761152e-01
9.423893194115985361e-01
1.190138343164315327e-02
5.424786837286774688e-01
7.748998130590644129e-01
6.317600313269084999e-01
3.843201461654413009e-01
3.286685279685552796e-01
2.758707929361268185e-01
1.929240380232569718e-01
2.919181869181330935e-01
1.670383919615292534e-02
8.660255857530709811e-01
7.139495777109563512e-01
9.996128761220008929e-01
6.167545488749666127e-01
5.589973601805136028e-01
3.288831029169149156e-01
9.450044431885764595e-01
8.191555387396134424e-01
4.715741962353248162e-01
7.094880206768983122e-02
5.040926492868003095e-02
7.484762432805317500e-01
2.479559853547030901e-01
