6.187544382705881807e-01
7.996412132940744488e-01
6.149988889411217574e-02
6.008288065432686453e-01
3.398413653386793687e-01
7.875645069659209518e-03
9.611966092210272317e-01
4.411587809709908159e-01
4.772944625122355067e-02
9.180232600409743426e-01
8.790881287748902873e-01
7.161231936835158463e-01
1.396505294439228662e-01
3.511293373121615602e-02
7.686438947039603287e-01
1.315097425026381384e-01
3.984105777211001120e-01
8.884336072609735346e-01
9.234446707065385729e-01
5.557781160824531996e-01
7.327442076039346608e-01
9.156561422973619191e-02
8.402441695848340553e-01
6.764871804351161311e-01
5.242035646979202879e-01
1.616936001240910636e-01
8.438143014786484430e-01
8.454680872949896786e-01
6.979441038928411167e-01
1.625192993099641159e-01
4.451730306710244278e-02
2.055537364304748094e-01
2.312507851514657986e-01
3.746943982094363967e-02
2.614167333360456480e-01
6.118872471973113569e-02
9.703151504199665212e-01
3.374862568401258978e-01
8.080956065497069130e-01
1.745991414454832746e-01
6.778579124048264015e-01
9.724074497012311635e-01
7.687401495950734187e-01
8.315659907689024744e-01
6.995156468935869176e-01
3.555811787021501136e-01
1.103067464364584360e-01
1.647592583577718317e-01
3.455402288074085337e-01
5.932549267957422101e-01
4.505441932160718643e-01
9.604717391318036146e-01
6.843992399600101750e-01
8.719866647778411473e-01
8.806434175799771058e-01
5.122200824059700563e-01
4.737033059933476453e-01
9.512922020837041304e-01
4.174642299914421706e-01
7.157908192249076151e-01
2.882564171729486979e-01
7.834920695493186038e-03
2.948742241994412039e-01
3.067876765209457401e-01
5.476412828051812065e-01
6.529851082110330607e-01
8.452947088245250651e-01
7.893069359958742037e-01
9.091499731198138257e-01
4.112050452727331606e-01
8.592971277888094006e-01
9.000799912718659979e-02
8.043847782665977109e-01
1.861285597823484350e-01
8.909934602407454385e-02
1.891682316040744771e-01
7.086096541978414987e-02
2.407332292513580940e-01
4.240437186913537104e-02
9.958884205662500433e-01
9.285630694731938917e-02
9.604007160191448955e-01
2.776298392131378856e-01
6.294853275742321452e-01
7.410192576994820701e-01
8.309492772343131106e-01
8.293640559114453525e-01
4.356854019785402210e-01
4.051271819903156102e-01
1.561860571752412552e-01
7.300647111075986295e-01
5.651359420796153721e-02
2.754766744392754818e-01
2.692526908424404120e-01
9.670692738254055287e-01
9.247487428563179179e-01
5.026731630192365907e-01
1.964115184752009968e-01
1.504662455532881360e-01
3.241217315116651232e-02
