6.740887135227540128e-01
3.178825165092996619e-01
7.081392492675788741e-01
1.307040367183432972e-01
2.626539035182912096e-01
6.200543636197293207e-01
3.750224183995055638e-01
5.155920620988613257e-01
3.758498621834872599e-01
1.533882500069139176e-01
2.394110868477226095e-01
2.346120900306890578e-01
9.530226829995890325e-01
5.554538940446113182e-01
5.609686513313405509e-01
7.469585601145597442e-01
1.071110023893531160e-01
5.737089972903369750e-01
2.384705411762817473e-01
5.474626365225396807e-01
5.064353158152162804e-01
6.796626948177014738e-01
5.135175567651711903e-01
9.503493491874114296e-01
3.725303888290613097e-01
4.086889114064746753e-01
9.670410794859326531e-01
2.912102018843734097e-01
8.363462027671184629e-01
9.596776415751648859e-01
9.093936204963505299e-01
6.636114075209353924e-02
5.253398031519497247e-01
5.941204231367421817e-01
7.609678730454536577e-01
9.473321168077557530e-01
3.707592035416478193e-01
9.082698913786702022e-02
3.408636984749868759e-02
6.297253465943427608e-01
3.876055814325559679e-01
8.760240960508336450e-01
7.539262155145812772e-01
9.955075073346130177e-01
1.551993298054649140e-01
5.405466260496802899e-01
5.248725788412982318e-01
4.721942745008896880e-01
1.844798886599702259e-01
8.347070807991370245e-01
7.468341824235974480e-01
5.046842548208880785e-01
4.678780702933270641e-01
6.007564017884780005e-01
8.305910454785323527e-01
9.140725621660978906e-01
4.596819879642883855e-01
3.797100950055075641e-01
2.597718412853174952e-01
6.223727365382882848e-01
9.102757540263656244e-01
5.255067829843202976e-01
2.084423902944020357e-01
1.987403842888456618e-01
9.098028945238970655e-01
7.384445364435169301e-01
7.542262214362313033e-01
8.996133532029071400e-01
6.980029505424567571e-02
5.020463237610853779e-01
5.148013864204810108e-01
8.373780475333514328e-01
6.007466330060171611e-01
9.249119653743596015e-01
4.858403113934249840e-01
9.909955160679783104e-01
1.035005934014362472e-01
5.146688113309494383e-01
4.409590357607472422e-01
1.157404043035229479e-01
1.995992521277979437e-01
3.763335722423180041e-01
8.842566700405697366e-01
1.861142596558706952e-02
6.129127788777284369e-01
7.881962487232330172e-02
1.324745004674374727e-01
8.243983257178173485e-01
7.618987956851274168e-01
5.292385541857920206e-01
5.446162365480016199e-01
6.016765504016219346e-01
1.805994963993348135e-01
5.322419229488173364e-03
3.117432051487402100e-01
5.377804936301601169e-01
9.357932638952970450e-01
9.175239771760085317e-01
5.536261055324414038e-01
6.584413384986386175e-01
