4.165913183826204236e-01
9.921791660703206395e-01
2.199764638294706698e-01
6.787472398406951823e-01
6.863042207930218908e-01
9.654335029662860501e-01
2.077316583488220125e-01
9.497554580091736032e-01
7.280530164801541915e-01
7.267065432420359850e-01
8.850709558249795217e-01
3.786183050215496948e-01
5.283920735411822278e-01
4.806789611499479031e-01
3.699535786273268068e-01
1.263865462878586143e-01
4.577201701710131854e-01
3.600121541680035842e-01
7.813643598169508486e-01
5.611045545079166308e-01
8.848215737725477759e-01
1.257979961589095197e-02
9.634923788550153745e-01
9.616612899669800818e-01
4.387540046899111035e-01
7.918984053110994514e-01
7.563294973611813798e-01
7.576861469195050880e-01
4.718121542370309340e-01
9.921681880069350701e-01
5.600764228448854576e-01
9.339562985510658777e-01
6.015434573786986316e-01
6.502289390544532255e-01
9.341475628835623768e-01
1.210960772007297903e-01
1.817292332958664325e-02
5.170889104470886011e-01
8.654148127942554725e-01
4.446314879121392449e-01
8.410753482967245898e-01
3.918087396450748994e-01
1.556071578876973005e-01
7.604242674484880116e-01
7.090697322770717070e-01
5.918785858179436143e-01
6.368892784217768943e-01
3.769779577847093277e-01
9.348067657675535047e-01
6.563138581813422467e-01
4.374965593685119503e-01
9.484487550548464929e-01
3.860187003482850043e-01
2.872296571960225586e-01
8.928563867495175055e-01
7.087225474700808991e-01
1.048589738408212124e-01
4.510955368335651805e-01
5.634238976159038348e-01
9.959945808016512636e-03
3.746950765619949664e-01
2.458741483268261918e-01
6.268727799486554231e-01
1.171043572314536263e-01
8.780220850845025238e-01
9.287947751207844549e-01
4.620449784444680130e-01
8.668029192867702237e-01
1.186173980171495446e-01
3.322632999627590511e-01
9.034460085520291672e-01
2.558127089786748076e-01
6.374630389573600064e-01
8.649752971259019318e-01
9.033702359730343412e-01
9.264273599982079110e-01
8.162703317617633347e-01
9.704673117917017588e-01
7.683731643973344960e-01
1.543143735444862941e-01
6.118830404059886208e-01
5.383181604242954776e-01
1.270961632017637566e-01
5.289209235207827930e-01
8.489543465301192526e-01
6.757195673282559989e-01
8.482484790076874059e-01
2.134089979878146526e-01
8.446041488291531341e-01
2.337200279738814723e-01
9.514720756057755136e-01
3.563483742577266966e-02
4.406509456168486993e-01
7.207131538318788389e-01
8.006421361521852686e-01
2.013118802990974121e-01
3.129758628631875705e-01
6.898967396744187797e-01
8.402759683157220438e-01
5.256094266961963690e-01
