1.597750162378290817e-01
3.629263929295242219e-01
8.167722013698173189e-01
5.888440792368632160e-02
4.088883522249906477e-01
5.443177332423739800e-01
3.729780312027395350e-01
8.173767569818927159e-01
7.949404104983938124e-01
9.801892416649364836e-01
2.900729349233925891e-01
9.940359883547557063e-01
4.110198884826334886e-01
9.513141025375256854e-01
2.129876011554762139e-01
7.100744444954518730e-01
3.919731332753032538e-01
3.219937787733762047e-01
8.031996233573071020e-01
7.212805714604805241e-01
4.181504543321974410e-01
8.577567575520147480e-01
5.335969803750386653e-01
9.380985618999321263e-01
4.370946758931645304e-01
5.335642795252463211e-01
1.219839837992431342e-02
4.299375046198106176e-01
3.514966468188662763e-01
6.769502517303161993e-01
5.975860792534274379e-01
1.992029519467887200e-01
6.334562062858482001e-01
6.571006541351520625e-02
3.364305734993745522e-01
1.004581435617438734e-01
5.507779194763886554e-01
7.266999419074589017e-01
2.677466223704783044e-02
8.556361760026881536e-01
6.900237460358384922e-01
9.198948840539948879e-01
9.614825403086999511e-01
7.546452974261120827e-01
6.105795282363892795e-01
2.324957299072376582e-01
6.114047629860889232e-01
4.274775216386599297e-01
2.801853880956381992e-01
3.341805764315479710e-01
3.146006759683243059e-01
3.472112022403786025e-01
2.599380437093290475e-02
2.532446075365997196e-01
9.541345039382675974e-01
4.814062719531919665e-02
7.978664527413623642e-01
3.037436248715358333e-01
4.771905869636670072e-01
6.368919021559223959e-01
7.316002515510122706e-02
3.410424528054289972e-02
9.430283233439303858e-01
9.967416524150084500e-01
9.918883220666178113e-01
2.343492623597157598e-01
4.247972256718330897e-01
9.609654269764974499e-01
9.620310653179345861e-01
9.717093987142048084e-01
9.831869171373255334e-01
5.586743000452517594e-01
6.557442677484353055e-01
3.354086397779264539e-01
1.652159351894585404e-01
5.598776069247357601e-02
4.243120410470369031e-03
1.201935796656327105e-01
1.082977758289247472e-01
5.482378552920540438e-01
3.475084217856294622e-01
7.324802589705770028e-02
1.428879304764442137e-01
2.852212562528659845e-01
2.261952307487330449e-01
7.990830641328621198e-01
1.630026818644658704e-03
2.732340952652499988e-01
9.582103626231689431e-01
9.388459710699459393e-02
8.190273846809027480e-01
8.791367990372030983e-01
3.651964158945881778e-01
3.420222156573949901e-01
1.198928383813588905e-01
9.294662003346050305e-01
5.482884979617815846e-01
1.145547925023960856e-01
4.382386401736493298e-01
8.996928890235263987e-01
