8.338394641737421065e-01
3.910955781688143507e-01
2.245446630357739171e-01
8.190496005779533961e-01
5.090328867141213909e-02
1.968187096093928501e-01
3.624502637688704620e-01
1.109184426681553148e-02
6.161220228548490718e-01
6.000233624775380692e-01
1.329495165146833413e-01
3.550420241637466390e-01
4.306753206630056230e-01
8.878321798642552221e-02
2.124285777114933715e-01
9.521956155719299986e-01
7.169962955958844031e-01
5.870568322149324336e-01
8.038876868281317201e-01
9.729258289553084360e-01
6.143389377093372294e-01
3.357982689219171091e-01
9.874656480142287585e-01
7.456602270370278340e-01
2.566669234973917302e-01
1.429621486286888343e-01
6.697290258778649807e-01
8.579436932117607828e-01
2.884339459219684709e-01
2.187537237270216206e-01
5.276261017826378019e-02
6.879130177884079655e-01
3.610889232022800321e-01
4.281068566750948490e-01
7.047346564273313518e-01
9.795697924444629612e-01
2.878657474134879157e-01
7.801371546673545598e-01
6.047799035129810541e-01
5.607734993171183957e-01
5.619207925612785814e-01
3.219051952818496876e-02
3.911495819891934733e-01
6.863963859067330198e-01
2.800602699764594972e-01
3.514060998739640951e-01
4.996836737409490192e-01
3.179249528038469164e-01
8.201074677325090878e-01
3.422182518580901833e-01
5.414770095613424816e-01
1.617740109433686291e-01
6.552012245448078920e-01
3.587591491557118317e-01
7.869978314260344110e-01
4.734164774282589860e-01
7.051417373479342832e-01
3.397509928848894134e-01
4.654066654806400249e-01
5.443072246690412452e-01
7.061816053248962666e-01
9.569701167021349431e-01
1.867465929875837816e-01
8.954055058627550245e-01
3.180348026634824965e-01
9.745538501137493981e-01
9.540241126123003568e-01
9.737109448779316390e-01
7.404119480480693127e-01
7.136972403525284614e-01
2.663888285525481958e-01
4.488286893377002595e-02
8.508691925616433949e-01
7.875193558932792603e-01
7.725469360903332028e-01
7.724839469634755540e-01
8.311683571418929661e-01
3.605945342996063063e-01
4.284617088877027413e-01
7.025376914289055419e-01
4.224230704513785017e-01
2.648270626275093242e-01
3.421078033741131730e-02
7.671968152853572143e-01
5.031666883266591173e-01
9.759234127300931982e-01
5.953557400679044820e-01
2.348300259524654932e-01
2.846084730181142053e-01
7.579078792609209581e-01
2.983813334921636695e-02
5.276678730571779941e-01
4.980260421554194572e-03
4.328745210036709645e-01
8.340255187805634129e-02
2.956257297097412140e-01
9.448685869883811650e-01
8.470163459908315318e-01
2.750838667801747128e-01
9.474003904872940751e-02
