5.824876360920793195e-01
2.764487298148463612e-01
9.213394640634700039e-01
4.889643204044499258e-01
1.938471996890067661e-02
4.373853229597135517e-01
4.752902024317965379e-01
6.996081919304055763e-01
5.273905277036528005e-01
7.028067671509869996e-01
1.955158587965399875e-01
2.530037661466273402e-01
5.116368103751436358e-01
5.024540043522898181e-01
8.243593851709485332e-01
7.314390787230068414e-01
1.059168905423419904e-01
7.568937376424711427e-01
3.037498486565347600e-01
3.570267988290765082e-02
4.378200104613041432e-01
6.034558163110017581e-01
1.439903600072314216e-01
1.633683102411571664e-01
3.134896389825835294e-01
5.606907199228657879e-01
6.649679563285249007e-01
4.049910326117911463e-01
2.802633693454141817e-01
5.143254376860950661e-01
2.900816837405320037e-01
1.652700154147931366e-01
5.501428563861096022e-01
8.077740053249722330e-01
3.697857334431268184e-01
6.205845109998958664e-01
5.015457939690315392e-01
7.015745411538978349e-01
9.062475859645180432e-01
5.995645337671694497e-01
8.635785722189960323e-01
8.895028988261836078e-01
3.604317122325125800e-01
8.506563001084541664e-01
7.703991587919074568e-01
6.669854816936483521e-01
4.558399499390569654e-01
5.290579794383998280e-02
4.744734591109402988e-01
3.828282823575722693e-01
8.214614461723133143e-01
9.962741964891445035e-01
9.240405687054596973e-01
8.231402929564373139e-01
6.017536297093796227e-01
1.389173413899797982e-01
6.044371251734184103e-01
4.634932513650267261e-01
9.767150680322573830e-01
4.740888420632780598e-01
3.234072219405264015e-01
7.250490950106880383e-02
3.051936244127306797e-02
8.408753087781198898e-01
4.127546595439529620e-01
1.772110045514631027e-01
1.767093165310836822e-01
5.158164172659683855e-01
1.988950139066318901e-01
6.272918586788563955e-01
3.611255719913297746e-02
8.984939931867516050e-01
4.815536111902904981e-01
5.458754054089813845e-01
8.345465878161346662e-01
3.914256575215838696e-01
6.869758220603555676e-01
1.872769748848963633e-01
2.234049305841128152e-01
2.810554166794893005e-01
4.115573278751948338e-01
6.542259469029199082e-03
4.332306745805647452e-03
8.631474312711722163e-01
1.161942689848550758e-01
4.475416858911307472e-02
6.205761142187107282e-01
9.318714716322472613e-01
8.850452543665774385e-01
6.993786285965956084e-01
8.421904924581323781e-01
3.748321448732505612e-01
1.200733132340547904e-01
4.441314535893803317e-02
3.760147416030176215e-01
6.502939698921252898e-01
2.923255868239080790e-01
6.479524164245610285e-01
1.353527138538267449e-01
3.431395636157614781e-01
