2.369069887833972210e-01
5.811792004436976411e-01
8.273316533227876857e-01
4.516145984204366082e-01
7.527829491952009455e-01
6.430640651447404599e-01
3.425080653194980673e-01
2.553773449735765588e-01
3.777776212766410513e-01
5.303043574065327004e-01
2.433947974069815556e-01
2.517300949403327159e-01
1.934658559977883163e-01
5.441409407481354599e-01
3.963309257460726487e-01
8.220986122078788316e-02
9.541955381243742984e-01
6.344065114601211697e-01
8.747573259727591255e-01
7.094716019719239375e-01
7.810515801271900038e-02
7.702477839481812749e-01
9.332789229427482791e-01
1.107150928415197022e-01
1.338674322785748938e-01
8.585476612602113144e-01
2.602986846652696196e-01
6.272627804527661777e-01
3.210823510218018262e-01
8.189062886994735724e-02
7.566157528263062204e-02
5.287639627273643672e-01
6.191183098070373036e-01
9.559584810995382931e-01
5.628037749937793155e-01
6.754904773077060609e-01
9.591095685134535254e-01
3.062061989266066098e-01
7.243413870198623927e-01
3.570976352893129313e-02
8.930791211784998573e-01
6.248353836834519281e-02
7.048116192434391580e-01
6.517775024849822296e-01
9.638521120043718193e-01
3.875448947689552615e-02
7.153429330727757440e-01
7.709764375216162646e-01
1.469098971452993396e-01
9.651340460765968077e-01
6.037867526931478546e-01
8.089709669655977820e-01
8.859938586713884678e-01
4.935820611735938224e-01
7.908329715720912034e-01
1.028125989845964927e-01
3.486079983698499030e-01
5.166806523365768955e-01
7.367918071013960235e-01
4.480771366523282895e-01
6.002269822276709021e-01
4.001760270757477311e-01
6.684074882727000233e-01
9.754574610402789725e-01
7.335412878658638114e-01
4.238485659150292850e-02
1.817770030570163842e-01
6.393409571360830768e-01
9.523878246599467579e-01
5.418578969979900295e-01
4.304252455539012701e-01
4.171743410700649024e-01
2.382436100728930750e-01
5.752038887015844537e-01
2.032222181086544843e-01
9.561156560637001922e-01
2.316100937268996685e-01
2.052250617761407492e-01
3.247906014817023568e-01
7.802517815488112518e-01
7.113261088014991573e-01
2.341474571257806669e-01
3.436900451396724954e-01
3.544044119209035504e-01
6.100426028102001741e-01
3.863798910396788466e-01
8.104635008646059458e-01
6.940439696897230393e-01
2.165051598935288091e-01
2.956928597916753665e-01
2.469847240268518984e-01
2.305359155674975291e-01
3.902916893417376354e-01
9.510832506235274986e-01
5.556810916946868240e-01
1.557937867507808161e-02
2.021417853979344814e-01
5.711974120212327533e-01
2.279317225528032509e-01
7.495871679372321239e-01
