5.323895052825462493e-01
3.057857241630250744e-01
7.798916707954920424e-01
9.602272207547772886e-01
8.628856246886229542e-01
9.165815974843747327e-01
5.136515069555330770e-01
9.384633603513574673e-01
9.147173289057106693e-01
1.238834169193074874e-01
1.316160217532141852e-01
6.818761276674513150e-01
2.909569031377516879e-01
3.479263228065876401e-01
6.533882693745883818e-01
4.481032467010710452e-01
2.787027550273656340e-01
9.556188317253214715e-01
3.086246475216219975e-01
6.501310164186258067e-02
6.073188544552665658e-01
2.240351370897852856e-02
3.771225808118388034e-01
7.359884537670317028e-01
8.544557269164742008e-01
3.105094746028641550e-01
6.257947496394828946e-01
7.352659231568509091e-01
2.263061113778754851e-01
1.613171183673478559e-01
2.298876157618847671e-01
7.503554623375341404e-02
5.513833134319215956e-01
7.780034757031196735e-01
1.277646918891851557e-01
4.760346210453076932e-01
8.475568750146674768e-01
3.510550100102607374e-01
2.678020542317436359e-01
8.841903087906232139e-01
3.328374802491237405e-01
4.677390775222154407e-01
1.708282462383710065e-01
6.928588456639318549e-01
9.137142520902827858e-01
2.727483023177947885e-01
9.031559545849061621e-01
6.472856479066310120e-01
1.204496699652218838e-01
7.610141613309344688e-01
4.275355615316811519e-01
1.553500230477239397e-01
8.456919204450551453e-01
6.263867821036999128e-01
3.594533127523598104e-01
3.047877626055989220e-01
3.509050182353358194e-01
5.930698056482698322e-01
6.698135357000712942e-01
8.620343914075256908e-01
4.896633341641586368e-01
4.863896872259335646e-01
1.913807511450924537e-01
2.620231817567183485e-01
9.496141341156649762e-01
5.343918785429768725e-01
3.507902497203959635e-01
2.999123833594800059e-01
4.263563013765495624e-01
9.567489486954290356e-01
3.326100473697790605e-01
6.760140989830943914e-01
3.484407272583148751e-01
4.345314436493080690e-01
1.285477055705452898e-01
1.169791808340934214e-01
5.045211633971197207e-01
2.272175470347788107e-01
5.729305554051716820e-01
5.927980044338374555e-01
6.522203246749851413e-01
9.034944245115031913e-01
7.026615319178357577e-01
7.230699064222976258e-01
4.504765967355890410e-01
2.622362714616716106e-01
1.990830019274296703e-01
9.183878139598526946e-01
9.524780761588079736e-01
4.732185974873192036e-01
3.168318164940009396e-03
8.076930899930769847e-01
9.678379194238406757e-01
3.390357882395981237e-01
6.756836001950621284e-01
1.250848051550726980e-01
1.404907331666793713e-01
4.125890358587093187e-01
8.820845256942987378e-01
1.231659572764067789e-01
