5.732160283122570421e-01
9.841384712437488691e-01
8.497767420038694341e-01
7.579008451321933570e-01
8.877114638294671956e-01
6.448334449989366890e-01
2.801724976441015702e-01
5.334512504378722264e-01
3.431812781770033904e-01
5.338560108966142748e-01
6.833392320085789340e-01
6.641412704467245520e-01
8.471301754637504677e-01
2.722793408448778152e-01
3.400669197312981007e-01
3.931381668642200955e-01
4.448931793812719304e-01
2.878141399243132614e-01
3.832870376630238551e-01
1.526987174270602043e-01
9.740450285959488808e-01
5.092126511314195580e-01
8.166015566481643617e-02
9.636368302191016255e-01
3.344860875146190571e-01
1.667049769657803493e-01
1.544341520760217357e-01
4.405225291983769775e-01
3.586480687831792302e-01
6.873383573066942365e-01
4.499742693571487928e-01
9.540443789558917809e-01
5.195959330232621243e-01
8.443919105259595215e-01
6.417634915424315079e-01
5.769252924140394478e-01
8.837874555230518236e-01
8.825109489293556653e-01
5.555753466782938910e-01
1.774605118514093194e-01
8.820124267011424379e-01
3.557890653890842803e-01
3.698049943928264360e-01
2.009450182725617262e-01
7.321368626202683361e-01
8.285896139999777699e-01
6.494552657786805128e-01
8.373512605993347346e-01
5.358004261260768120e-01
1.830464442989659934e-01
2.828031514403822611e-01
4.736294400944837113e-01
9.173855414305668310e-01
4.313964772863819741e-01
6.033463521066934065e-01
4.036251595410129678e-01
4.666093662453489888e-01
3.517540586868219687e-01
5.380413709597778871e-01
2.994741784224798087e-01
4.558312237149507729e-01
1.144508984076108016e-01
9.098768151497373946e-01
9.360218647867556419e-01
3.538361255864678201e-01
8.387159159475100489e-01
2.957249192588545794e-01
8.095343692599347163e-01
8.493633282895668435e-01
6.535361194201771973e-02
8.353740787064529716e-01
2.280515607254898214e-01
7.248393243887678583e-01
9.837989284695763947e-01
7.704102449820376952e-01
4.012219044922773481e-01
6.275121426379564049e-01
7.167633945398432793e-02
1.111495585162697308e-01
6.485063595665511160e-01
8.926405270657460367e-01
4.333259500497880223e-01
3.382955386025527922e-01
8.759024649277877828e-01
1.134842431070854918e-01
7.581101347801099122e-01
9.993421653680720773e-01
5.873099858963337638e-03
6.323430391589696109e-01
8.244784158073420466e-01
4.803918297565146212e-01
1.402649400220257192e-02
7.063115318802924980e-01
2.359237903286883764e-01
9.514060736271099383e-01
7.670982246281230488e-01
6.589617742417900326e-01
2.061267519767195910e-01
1.240268187303088521e-01
2.018984587250859386e-01
