6.938258473067376864e-01
7.945624088889879921e-01
4.907585404513623573e-01
1.812690596550212696e-01
2.871050521852593906e-01
3.339222122946960969e-01
1.836362057395601877e-01
6.807217823297946335e-01
2.498421704543640764e-02
7.702760104228180138e-01
1.774876472545580119e-01
9.560278149936746184e-01
3.829528530402269704e-01
1.536638160884336024e-01
7.286037320822597030e-01
2.797164166047028111e-01
4.992709740701485321e-01
8.473060307323889706e-01
2.085595806486026937e-01
4.385908187810622083e-01
2.867657875653839561e-02
9.850838583806372784e-01
2.801093166889341290e-01
9.729348015712484532e-01
3.701383831369570165e-01
2.800382301519214190e-01
1.721925521470860643e-01
3.822181869928161779e-01
7.818576216707172621e-01
7.929393390845330680e-01
3.018102756935003850e-01
6.289248085458321036e-02
4.620879054877522485e-01
6.655402667014413964e-01
7.453785547313461768e-01
7.447362083323464388e-01
1.390948025895605289e-01
3.023985866957983326e-01
6.281048017044787990e-01
3.408888429773034856e-01
4.024540956686326609e-01
5.756692938729341957e-01
6.146411099689451651e-01
4.328477824071597091e-01
6.153505775800383049e-01
2.317594737119231807e-01
1.805476590444683449e-01
9.165054283697832149e-01
3.352605992848285421e-01
3.424766391833637957e-01
4.696800729084641413e-01
1.021084360023816195e-01
1.618005691254300604e-01
2.729876805977758947e-01
3.552109234067724053e-02
6.864690138484332849e-01
4.010428475768074152e-01
4.426482809013387865e-02
3.821969863654668398e-01
9.403088657374082393e-01
7.775057451583490264e-01
2.239760502926193553e-01
6.978080845316458891e-01
9.023143544230782798e-02
8.137521028023363412e-01
6.274986633373135225e-01
3.809303901797667091e-02
3.527983700639980569e-02
3.795672731928338983e-01
6.884793271228883960e-02
3.190491388903833325e-01
6.898725243527278339e-01
3.303643491132901566e-01
7.957286598458672700e-01
4.043488369856657050e-01
8.836440077835383544e-02
2.668086882509362878e-01
3.757866163628664768e-02
4.935506880216951053e-01
6.154553720198994160e-01
5.175657250139424903e-01
6.405843845965651928e-01
8.830725018138277926e-01
4.311623259220080939e-01
1.370502325633859986e-02
1.294974345242460023e-01
3.773651802571016400e-01
5.958021330986887909e-01
8.647986904697652077e-01
2.299354333740487588e-01
2.230434437619870369e-01
6.432543100451904028e-02
2.220058168664229559e-02
9.421311291506624386e-01
5.413899821018932634e-01
4.509092535662480028e-01
4.144570864034335944e-02
6.044482357704457076e-01
7.612572314908812032e-01
2.218106867215114963e-01
