1.121195682447881925e-01
1.383693003717554326e-01
5.821596289520064582e-01
1.956672300783506291e-01
3.608579147509319851e-01
9.861027768328611831e-01
6.007042115003952132e-01
8.603937085906593341e-01
1.416639169034713541e-01
8.629814999642437812e-02
7.757151946221763072e-02
6.073180620405415064e-01
4.280793497897972255e-02
9.120416302067034797e-01
3.447511761318361456e-01
8.974301706414965496e-01
9.126053982163253586e-01
1.998106389534792804e-01
2.161008736086736937e-01
5.504586265737602124e-01
7.445996806387912281e-01
6.648573233366479318e-01
7.405005811869518340e-01
9.009037420261312157e-02
7.620307530435662668e-01
8.045760043272789375e-01
6.263775684552090883e-01
6.616475097627619872e-01
1.910229644502035029e-01
2.921212199023890399e-01
8.334692981393435618e-01
9.635576895393617169e-01
5.008405256916204085e-01
4.153551135190144405e-01
4.441443987004651817e-01
7.606066864813437745e-01
8.074316839264635837e-01
4.814338577228204352e-01
4.700730088024971387e-01
1.361741395309064018e-01
7.701095350498523562e-01
2.320224805567807635e-01
1.346321387661625346e-01
8.911218561383502657e-01
4.026750625159813968e-01
6.274710613967815487e-01
2.428589583436654431e-01
1.699595949409875573e-01
2.367708041864535762e-02
4.124194474939938404e-01
5.586613676720187938e-01
2.738539040566430049e-01
2.611204394040416155e-01
1.113272701566367928e-01
1.868841465401449575e-03
5.267481873435035933e-01
9.966183827289787356e-02
3.844757152978759418e-01
4.164856586488958623e-01
7.696402848182263279e-01
3.279339069250720717e-01
3.536703981643700700e-01
2.113588653014452090e-01
2.611138656245329814e-01
6.124841235826172792e-01
4.952082632830038245e-01
7.802762772799072266e-01
3.172719051858937656e-01
6.780311577176941773e-01
8.892627051721684328e-01
2.064788182700961761e-01
9.820391897566846939e-01
1.601056814669840067e-01
3.228659192645704223e-01
2.162823947790628587e-01
6.459080656041730206e-01
6.743049784425820814e-01
7.395665489103109280e-02
9.855182021454460539e-01
6.298909614826196934e-01
5.123348031608834230e-01
7.557728885098670135e-01
7.730459532451278148e-01
6.829468147362370845e-01
4.908114664363000257e-01
5.171039489084653384e-01
3.338492252276817895e-01
9.540722722538883538e-01
4.550599752990885927e-01
9.124537956395235572e-01
2.083443308216343937e-01
2.524907737222205073e-01
9.676435422131207664e-01
8.771462488416958969e-02
1.937192588743503752e-01
7.554957376066144814e-01
5.834649860096415841e-01
2.456627231434941327e-01
9.413565433724786491e-01
9.889618790330541032e-01
