7.689263763030456111e-01
8.211073414974853213e-01
4.744683399484540542e-01
1.885473676401141496e-01
3.125089853863937117e-01
3.649697998307858127e-01
8.026830112657141747e-01
4.674207584579980201e-01
6.185859013486051383e-01
4.635796006026066118e-01
7.568908668838391085e-01
2.975063230301138173e-01
1.288689059839525086e-01
4.304210872692657563e-01
2.804105674122341352e-01
3.430145069378136569e-01
2.283226681926181501e-01
9.369330970348440646e-01
9.426353579444172182e-01
9.751754497278686262e-01
4.116568595008784914e-02
7.754868524913487438e-01
2.409222724677917427e-01
1.692448051250532437e-01
1.833952779347290951e-01
6.216771857047407313e-01
5.569008822532220959e-01
3.418737363385679906e-01
1.590736888346888644e-01
4.873609735111131824e-01
6.033993019371013400e-01
3.658879104252285019e-01
8.461198862313864533e-01
9.258110734311415513e-01
8.026495546795087144e-02
1.120520004372006495e-01
8.249647970631688310e-01
3.921612411036171641e-01
1.934992865190156008e-01
1.456586908811041692e-01
4.266177628291364377e-01
1.281439168177006538e-01
1.908062528351518461e-01
8.946491668834838373e-01
4.643857637940681515e-01
3.230788332907544858e-01
6.271858624796273762e-01
9.389358162090223336e-01
4.181185917879035596e-01
6.214192182705792211e-01
9.717080593954422474e-01
1.587029037279795718e-01
7.009494382369649834e-01
9.769142677019470034e-01
5.241036232719370469e-01
8.756164881117319831e-01
8.054264400286925696e-01
7.152607608371310821e-01
7.030560666028234929e-01
4.331302763298358061e-01
5.900343993646606222e-01
7.279685300197313857e-01
4.997969401552018187e-01
1.442052466779873976e-01
9.508996499713893158e-01
2.053445121493034931e-01
6.193468833387978378e-01
7.942818477286259782e-01
2.871642007682388975e-01
9.771347703609642998e-01
7.390659871039977347e-01
3.492145507902403301e-01
1.041956553560683396e-01
6.479997707267618479e-01
3.031320633753388227e-01
8.755907957163538979e-01
4.706810063446115189e-01
2.217020727912855094e-02
4.374723876578892057e-01
9.377785343749173164e-01
2.257423111383021208e-01
4.434887124642771239e-01
3.283939707625089799e-01
1.306539920362204121e-02
1.779751548320568366e-01
8.728420414283662998e-01
7.749569700668279548e-01
7.118986584617226221e-01
6.019832822160342545e-02
1.907290736269871001e-01
6.167303311189872295e-01
1.020523099147019330e-02
7.720056263282898401e-01
5.416970949101784782e-01
9.885991219133483110e-01
8.912456152355859862e-01
9.413966342157964462e-03
8.500987627113476552e-01
9.324807145842711753e-01
4.077153996595432872e-01
