5.281213776784428049e-01
4.149222742914315809e-01
7.684613813529740378e-01
9.201737329100700968e-02
2.189438271322030616e-02
3.962130067770313069e-01
7.513793595026485583e-02
6.547587379339077085e-01
3.209496178582527115e-01
6.983041150806179598e-02
4.343071894287151569e-01
2.656386002230730625e-01
8.778245852996308107e-01
3.009231050465975832e-01
7.083285916752162237e-01
4.236904034348616399e-01
6.860203348406745949e-01
8.636645420462450984e-01
4.450105079976074407e-02
5.209636406435594891e-01
1.755835668620135959e-01
9.728002276570479889e-02
2.256523795816574030e-01
8.926076525790895833e-01
5.131476427406153062e-01
8.499910474738525679e-04
5.536331143946143785e-01
8.341163538517406550e-01
4.209345360832001948e-01
8.163473543423329648e-01
4.411009889264215778e-01
6.590616597259338905e-01
7.100685798259163128e-01
3.868713438836116625e-01
2.645833654518454647e-01
5.131027610205136646e-01
9.767159045548068352e-01
6.974727366550836916e-02
3.087418405199867655e-01
6.614984664144618609e-01
4.765988215682828155e-01
8.663897451278831374e-01
1.670685527096396061e-01
4.441597557847941635e-01
6.832380770579852269e-01
6.742548855823206067e-01
8.004704175059434990e-01
3.580751767949263975e-02
3.463882995722328273e-01
8.537015785500823295e-01
2.270739043681513358e-01
4.466001924340323725e-03
6.440661505963133360e-01
7.595223340014148894e-01
5.958942083020393188e-01
4.592698128338642549e-01
7.439268581016312831e-01
7.477611701386058796e-01
6.281212360799143246e-01
9.605959282489124895e-01
8.972553008755123072e-01
3.427194959118249340e-01
2.598894922384978878e-01
2.885928703680151752e-01
1.461374147299099313e-01
2.147447674098491577e-01
2.152857975179580663e-01
8.621105639322202974e-01
9.670056431733531355e-02
1.857907082210541461e-01
2.924175887718348799e-01
2.522476483189787233e-01
6.871215597832103228e-03
2.381440244530919070e-02
1.140505859323046600e-01
8.572920887035874182e-01
6.340226398423104426e-01
5.812934076496755198e-01
8.550753294697200912e-01
3.721354844628876890e-03
4.691779604695777151e-01
8.569674710790030625e-01
7.094129594647566872e-01
5.069632623058997201e-01
6.059106344056951476e-01
4.174902095336219254e-03
5.107013918543845676e-02
4.177178371016635472e-01
8.528605809322172826e-01
3.595451094824325677e-01
1.971402457118076601e-01
3.789201369368975225e-01
4.879632745668637250e-01
2.819016690186284535e-01
3.322839023897595778e-01
7.287093155139410250e-01
1.260778305018077639e-01
9.995672417539664956e-01
6.914219649398477552e-01
2.114451596275017664e-01
