9.136652998909915446e-01
3.198457350349488415e-01
1.536931826781862132e-02
6.152021694133019691e-01
2.643990383233882913e-01
8.071170326424544905e-01
9.775413670581467596e-02
1.604531427876068062e-01
8.524438210377192071e-01
7.132379338587561124e-01
5.250517841618173032e-01
2.401907752603468227e-01
1.039616883503080569e-02
3.334994388498949691e-01
7.138084647560192231e-01
5.643029409641694416e-01
2.582066966298601773e-01
3.279245554919451022e-01
2.947024872654313565e-02
5.670812282404448235e-01
3.859714735365933347e-01
7.577718895082574679e-02
4.150304324507269049e-01
5.382198569125733467e-01
1.376549395441563073e-01
9.348086475271170093e-01
2.223975692582649266e-01
2.012089146742483958e-01
4.652090257611618540e-02
3.337692317920137874e-01
2.729718128978927405e-01
4.485497064075858464e-01
3.717305251473376204e-01
3.059798807917146757e-02
3.162450140430571599e-01
7.543314111971438640e-01
7.307939513726056102e-01
3.824372402286135841e-02
8.316246422281180495e-01
2.103480881515692458e-01
6.137744194261111064e-01
7.567233307015530652e-02
7.609239345159449774e-01
7.660540501811058389e-01
4.502081226289484928e-01
5.180598785296007813e-01
1.286642438699817648e-01
1.656765866857246028e-02
1.486993234451520207e-01
9.682792088407011777e-01
8.644690946114049757e-01
3.756225567946461785e-01
2.754727020047831321e-02
7.365973629022483093e-01
4.743968559313788136e-01
3.038011093362918968e-01
3.875257143578425545e-01
9.069083814510213726e-01
7.466016985607282219e-02
2.664559375690450649e-01
1.429928062857938054e-01
5.784739905067404209e-02
9.394027628900281091e-01
5.548765588115789349e-02
5.112370472409755173e-02
9.978938706641227174e-01
1.998159731106639025e-01
6.167421714556275969e-02
4.675805289690926347e-01
7.545850650918729530e-01
9.723108637068619275e-01
9.540335869973957106e-01
6.344974435811040481e-01
3.905882170507024576e-01
2.292071672127093951e-01
6.642914658687738561e-01
6.388010449958314574e-01
2.650229203455507498e-01
8.873957067972548796e-02
3.603650108541593955e-01
6.168480641229233674e-01
1.913454988473920482e-01
7.970254631550878210e-01
4.395075017724222599e-01
2.975212133798574854e-01
7.305973566827709265e-01
3.883983745312482583e-01
7.501600479588510506e-01
9.077706647562987508e-01
7.871361030276654569e-01
1.004396134504460525e-01
4.056169114727441460e-01
7.512637243186449654e-01
3.636810962532945890e-01
7.454937187858410308e-01
3.229627657135339946e-01
2.881891247766393827e-01
4.441291068125224895e-01
7.876023352025529611e-03
6.284832193760179209e-01
