5.666725571351641788e-01
6.454004632327154933e-01
3.053797565880422837e-01
2.376123022481989588e-01
4.846431618339227532e-01
3.738155326944885282e-01
3.905684965489498728e-01
6.011461825674047077e-01
6.835654683383907138e-02
4.568604478026262461e-01
3.870426852477568680e-01
6.982267582465082612e-01
3.544973935786461805e-01
7.475985812361559679e-01
8.058845411958815985e-01
3.049618428303161322e-01
2.294972622343873780e-01
6.784637464929951234e-01
2.386080645441007730e-01
7.999235978980518968e-01
4.782846637899053066e-01
1.968530480651795589e-01
7.066085000032596986e-01
9.546568723614442531e-01
1.028003536197846790e-01
7.566950621738801619e-01
4.213011113219218284e-01
8.380104701697052016e-01
2.533365563633321882e-01
1.292954381737896341e-01
5.451215300528157170e-01
1.070081543726081330e-01
6.269832390160536839e-01
8.653887744319164188e-01
3.323998177578089130e-01
7.161278583104346840e-02
5.364607074532307118e-01
4.971016401221882708e-01
3.980226688907031463e-01
9.405309893294111490e-01
6.910718522657404161e-01
7.624504893432648700e-01
8.761398992708341327e-01
6.221715025368984575e-01
6.113339041487657610e-01
2.899406085628590812e-01
9.147610289475917034e-01
7.674576265856219992e-01
6.278952407409873482e-01
3.734519715747099955e-01
3.218511022823613565e-01
3.429551485788869813e-01
8.496627398911563711e-01
7.344736563258644768e-01
1.596660256841075931e-01
7.571207969654160097e-01
8.365415101113597984e-01
4.832131141353530612e-01
3.394968537938425346e-02
2.794262559466144102e-01
4.551379965414206197e-01
9.862604025928861651e-01
6.527584555556686929e-01
7.077032301851229334e-01
1.224775570258795909e-04
9.959423369274107429e-01
9.571737437167030516e-01
1.910042120573989255e-01
6.299838528089429790e-01
1.852120074327878729e-01
2.736009488739953310e-01
2.592657151260089332e-01
9.737604803735764314e-01
6.850043393736763297e-01
3.944172814956433681e-01
6.480407957833675958e-01
7.993944168334752298e-01
1.088283381992893872e-01
2.447383015120613292e-01
3.506352820907447931e-01
6.984013971375994112e-01
3.897041164683667791e-01
5.386171262046015595e-01
5.365269202640892132e-01
6.558374538418061395e-01
7.035793201476860936e-01
3.149889457287446959e-03
3.061756767964759485e-01
5.481940602868307089e-02
7.918617300665621306e-01
5.418258625102825299e-01
7.632676566512220928e-01
5.227045258473053124e-01
8.272927631611265431e-01
4.145255876114481985e-01
5.572366653727819363e-01
4.324779081389272806e-01
2.723705245862890756e-01
1.786395140599610354e-01
8.817998720199806684e-01
