9.133719139333329462e-01
5.984997597139151138e-01
4.380724515098751715e-01
8.174102197871403463e-01
5.337071355392499772e-01
6.587511207675390557e-01
7.211748449550676732e-01
8.563294216948379445e-01
2.860130965602821762e-01
7.264895605235381915e-01
2.635888782892216176e-01
2.428655998804650773e-01
4.527206381514328193e-01
9.763180817771579534e-01
5.743326469747217500e-01
4.547385797092260429e-01
6.981862044457138872e-01
1.240736799211915597e-01
3.647348360670668033e-01
5.795773825520807998e-01
3.848728393894912392e-01
2.508862792717903023e-02
7.770115699299663392e-01
6.722852739741603800e-01
6.461176602795215551e-03
7.001853742093230304e-01
7.866151602714377411e-02
9.297520443756365216e-01
7.942765990121496422e-01
9.734182721809974126e-01
6.245571776739965442e-01
7.403206952177782130e-01
2.473357333815363601e-01
4.183584044480839204e-01
9.762566196938942120e-01
4.282089509877337052e-01
6.521407953153158799e-01
4.331665914055337074e-01
4.277233999487081162e-01
8.319467335614282311e-01
2.113800336591565854e-01
6.018817324163903137e-01
5.817548336304151357e-01
6.252512735174057257e-01
3.102368261708656760e-01
7.843585146657272578e-02
4.350605888187949466e-01
8.842230253587487487e-01
5.576858566361337921e-01
5.113040247822852047e-01
9.401113260494098345e-02
1.449250006925120182e-01
3.639527458814799665e-01
3.806031085067507203e-02
1.658484072533942255e-01
1.878814275613216456e-02
7.526588959240670951e-01
9.780464279759704116e-02
4.219747918100990036e-01
8.649384192261027060e-01
7.647123132611931551e-01
1.149665868667173463e-01
5.627312407259492666e-01
7.320875682321370537e-02
9.281942688454062340e-01
4.037921652202403067e-02
5.535088983029962106e-01
3.621764895395996886e-01
3.937123612051139920e-01
9.486620524182569625e-01
8.550593410545845874e-01
4.076369556054628696e-01
9.501886034834452488e-01
9.380096047015057392e-01
5.119425520610251246e-01
4.039109470934882928e-01
1.386480187458813962e-01
8.227305154677013732e-01
3.005312263452840638e-01
5.353669934813252151e-01
2.412901465271964918e-01
6.690949212546661862e-01
1.250277961381119907e-01
9.417522352109015671e-01
8.216895755817776870e-02
3.896295719844141692e-01
8.474630336992953206e-01
4.614214970032053387e-01
6.851441471672531369e-01
1.623203039999122632e-01
3.856065365117883337e-01
3.408550913498066270e-01
1.787196953880417771e-01
9.600975570274662418e-01
6.541468817631543864e-01
9.673357118158185664e-01
4.196622919054965317e-01
1.566304364139053940e-01
1.926910996680554211e-01
2.278488136311541679e-01
