8.354445755130235352e-01
5.674379712795803998e-01
4.886975000106590361e-01
2.683711981371805777e-02
5.257328861215555538e-01
7.829507359321936644e-01
1.959034259764631525e-01
2.887747153198082506e-01
1.471974323930770323e-01
3.370764434304370782e-01
5.260493474216436649e-01
6.663885249459470250e-01
1.418964219974817587e-01
5.807153520186315587e-01
3.133011351421489676e-01
5.236611020252458504e-01
7.176517682638569040e-01
7.088180692111760717e-01
6.655901366146932396e-02
2.312910049936833801e-02
8.853256138093679173e-01
7.625216406819238513e-01
5.916964546642687894e-01
3.941158118862985171e-01
2.580917603008565653e-01
8.646280129118377733e-02
3.793883923837386707e-01
9.403838095931946750e-01
5.866420710991095966e-01
6.720196258440068737e-01
2.283948816020964223e-02
1.504398130249799959e-01
2.805044988198324152e-01
6.044621886610052064e-01
9.378399525192615549e-02
1.849636243626131549e-01
2.345269212597768105e-01
1.671974796633413085e-01
9.377833791512729666e-01
2.875147605501935377e-01
1.083101966684859585e-01
1.668546151485268414e-01
8.751370589314479975e-01
6.034511027349207524e-01
9.552406878956299918e-01
6.951318634100848159e-01
4.343324393426371000e-01
4.636057555213488612e-01
9.591799652416888033e-02
9.402011131202681060e-02
5.422520744616078359e-01
1.775443490415342662e-01
7.111668319461084131e-01
9.263451411678704783e-01
4.531360707339238125e-01
6.249989354165124134e-01
8.090698102470018638e-01
6.717342528673562185e-01
7.080821258885605651e-01
8.881702424444175570e-01
2.070496805641803828e-01
7.161006451302681652e-01
8.562428968932600526e-01
9.200526915819364770e-01
8.623203560595417150e-01
3.493153400251483021e-01
1.594799959325854388e-02
7.516089424603232816e-01
5.393121196045782550e-01
9.646885283185968607e-02
4.998327029708780067e-01
6.645631239015992175e-01
5.375672633343280271e-01
2.403603432186741662e-01
3.412015773264295282e-01
5.724101940571957314e-01
2.916446526908881287e-01
6.669708327577513751e-01
5.415925249885628068e-01
8.450219252098062350e-01
5.837423124112059991e-01
9.102016846465613709e-01
2.614941656807099335e-01
6.386398220876333687e-01
4.660983835876280068e-01
7.291176821779362660e-01
3.734337077144540551e-01
2.528555297956314174e-01
5.032985681262159838e-01
7.657226647674464370e-02
5.228340709620602489e-01
4.905647448214126571e-01
9.301618563879354706e-01
8.238276219118950694e-01
9.342146198570672189e-01
4.775264804085277426e-01
8.179352496065039890e-01
7.546871298141563100e-01
2.279061589685583700e-01
1.311261082813320877e-01
