2.258889062419247029e-01
9.039807933652264094e-01
7.070241763641581523e-01
4.937312324117726359e-02
5.272035174049185535e-01
9.045141997360474084e-01
1.758771366833241645e-01
3.981153565585263676e-01
9.129865530030245591e-01
8.115771336410321224e-01
6.935493882070593585e-01
3.947245984320929546e-01
6.881144345683766206e-01
9.003559689600111327e-01
9.763060076294025613e-01
9.739840469045218940e-01
5.766019104382300586e-01
6.532999169403950201e-01
9.978475352983727786e-01
2.472017189272608384e-01
7.929837477265867518e-01
8.595030755656007937e-01
7.427628801414336568e-01
6.072048200468072032e-01
8.128329297865464209e-01
1.301097879585711992e-01
4.621324415571103073e-01
9.058105255888444507e-01
4.153751769854068243e-01
1.101854592361450891e-02
3.441052245845358515e-01
2.461587100339270862e-01
2.920711555227966105e-01
4.407949802596191624e-01
4.462955869045162061e-01
3.534763470261513829e-01
8.745982569149662877e-01
4.886463475726248173e-01
4.089311827589768855e-01
5.197622049117825993e-01
6.715411288083181773e-01
4.738044232539828648e-02
9.343733129207382193e-01
7.187974897326779855e-01
1.902780512599943075e-01
4.940354757307496847e-02
7.089276839523862561e-01
7.188442282293416863e-01
5.736784040248924521e-01
2.497507681185504591e-01
9.504770111952024481e-01
8.772532168839094480e-01
8.364324294656094727e-01
7.511593719126815616e-01
2.360212268262282809e-01
5.315603290473775999e-01
2.983258825839518735e-01
6.328625478127767323e-01
2.531257210894968246e-01
7.546308137132361482e-01
4.551531986912821237e-01
8.265934601253027703e-01
7.059516370834492127e-01
3.504968554579104278e-01
1.186369929194127648e-01
6.468205377671454315e-02
9.763992613063776638e-02
9.768377746042246068e-01
5.360558385954306004e-02
6.030002259947359056e-01
7.966331452887732700e-01
7.775796573045363758e-01
4.814331757269917356e-01
3.683251762487741443e-01
7.934688995451246729e-01
1.490944831113671931e-03
9.835724219774466537e-01
6.510837341987296689e-01
1.009005718799597107e-01
7.552947131885936471e-01
7.639912913095341374e-01
1.637295430313896460e-01
4.462091895501884009e-01
3.194496460061833076e-01
8.149911855589794252e-01
2.822265288666599981e-01
2.056593021274304434e-01
7.423839028330774248e-01
5.921846054587553976e-01
9.925973811608969077e-01
6.089090413794492340e-01
8.192774385809985516e-01
4.337998277515264789e-02
9.643011945051221945e-01
8.637330396588664971e-01
7.233699483022093535e-02
6.460701546768264913e-01
2.462211630500955595e-01
9.170738378450536965e-01
2.347069385774005479e-01
