2.660109473478167175e-01
2.138272843799072787e-01
9.029937414038821109e-01
1.470095107561785186e-01
3.516975802527289030e-01
7.295633484696718574e-01
5.052588163087734507e-01
3.812171850688967911e-01
9.093834165817146209e-01
1.098317338954748479e-01
7.986569530350928758e-03
8.482597577071246953e-01
4.370900180229978504e-01
3.597663767197289975e-01
8.653517489883308933e-01
7.072779836867604253e-02
9.612899593996802050e-01
5.672761971145868776e-01
1.438878257533789951e-01
5.401921481905890277e-01
5.361942992925727847e-02
6.162294986964262922e-01
1.031925986481110336e-01
2.232701023411625130e-01
6.461286817861164877e-01
9.697359365632096662e-03
5.891093587735083403e-01
2.353083121759425023e-02
5.583878025744559714e-01
8.327083352809756533e-01
4.596655162226799263e-01
8.652768063745576166e-01
2.451256402930523937e-01
8.333322626266679300e-01
2.993221700725544610e-01
3.505165353887593760e-01
8.174603866204245284e-01
3.755329206070514569e-01
7.456075978832870099e-01
4.756405966799813756e-01
5.782888973508730768e-01
6.335867859744538366e-01
6.633211725723602292e-01
9.602241050533724120e-01
3.544894532870815906e-01
4.482959506825231477e-01
6.542606815009629484e-01
4.469443526589955695e-02
4.656696349431295179e-01
6.969782649035155542e-01
3.193446187145485560e-01
2.109754982005359603e-01
7.950015456987117313e-01
7.625173541645203779e-01
1.381444846786655800e-01
1.082354437618093801e-02
3.011109077675414580e-01
6.037131090143988965e-01
5.736809520413577168e-02
9.577099944751521488e-01
8.300326843205332317e-01
2.875598458941412972e-01
5.332693293899438691e-01
6.719266010594022731e-01
4.160397706630578618e-01
3.430959830281646861e-01
2.072488245247012806e-01
6.274742685648609930e-01
2.458103265202959964e-02
7.993765075654113428e-02
4.892498724385796471e-02
8.442593736488399614e-01
2.483233513897212807e-01
2.879354550832294857e-01
6.072451634725826164e-01
4.588374031086691618e-01
6.979472823826664563e-01
8.037293292253512300e-01
2.043028241928473987e-01
3.769981302265715817e-01
8.484776650569740841e-01
4.033145764924793708e-01
3.604299370177320716e-01
3.241015464144743063e-01
3.134599914092570661e-01
1.508124143172457909e-01
6.466438841755520750e-01
4.368494959112571019e-01
7.446188771926220973e-02
1.535313892670864266e-01
6.310062807873310087e-01
1.374020281646509689e-01
8.822845853241031433e-01
6.398086664572901761e-01
5.547514426207086347e-01
8.740586369847683779e-01
2.853241498752703276e-01
4.437183363035029915e-01
2.367111460076809504e-01
4.749072345350963120e-01
