8.642361323276445129e-01
1.840533402599047186e-01
7.278526309766808478e-02
2.230374094423692721e-02
4.803982615537341072e-01
2.818433362211705262e-01
7.932406161244806020e-01
8.400747049682794065e-01
2.749631580979534640e-01
7.640868945550215452e-01
3.870698223308008945e-01
5.549724854842231769e-01
4.688663586661681038e-01
6.511945015871393183e-01
3.404582365705054459e-01
5.859294441821081278e-01
1.309319858768398515e-02
1.655516155866836314e-01
2.795018731057193895e-01
7.755554759930145536e-01
7.508662189310274515e-01
8.917847534712236568e-01
7.876423134348907729e-01
2.716578890393730461e-01
7.201278812619399394e-01
1.331550937932531875e-01
1.355787585785794835e-01
8.982966047339769888e-01
4.491450424210905457e-01
3.497793310036253489e-01
1.370098297163286905e-01
2.947412685772125007e-01
3.673295014994050200e-01
3.292861572454528485e-01
2.976888644477738710e-01
4.333254450012096193e-01
4.290112050292340662e-01
2.760531289104743990e-01
1.745590698461314538e-01
3.203072294397871778e-01
9.063563876964003674e-01
1.722336764060103942e-01
4.080923917537871981e-01
2.466072020553657929e-01
7.271494642597946534e-01
3.293152693032097567e-02
4.058363201048353908e-03
6.624367673927579192e-01
1.067690550221771506e-01
4.641710075494265286e-02
5.299825711165571107e-01
6.946018654642860390e-01
7.853710454120246265e-01
1.279689002203558967e-01
3.274159777451446374e-01
3.999884591413145341e-01
1.074151692943837721e-01
9.985657343679774645e-01
2.674998139599166214e-01
3.025513709668851137e-01
1.835250525103345742e-01
8.910997963463774818e-01
9.978819020820829389e-01
5.864154605572307055e-01
2.295164182780066175e-01
1.157865280627400351e-01
2.926533408062942376e-01
9.931749666032229085e-01
5.624147737345539522e-01
4.833269252639200708e-01
5.882464401249773989e-01
1.656941806413174678e-01
8.503222971019863685e-01
3.962177429444375676e-01
1.247877067006375462e-02
9.119968312117494591e-01
4.346534042881292637e-01
8.378406577617925066e-02
5.652135705201076776e-01
3.186238130889614828e-01
6.531483599891751979e-03
8.871183355225318312e-01
3.639693963891611483e-01
1.409921904194560982e-01
8.530897812245830103e-01
7.792844211488926254e-01
4.591056294654710657e-01
1.273981904431418233e-01
1.744161239171884148e-01
5.934376879494351886e-02
5.301712753864633587e-01
6.225613728247855194e-01
4.616092292888485105e-01
8.980962856024922170e-01
9.539828902442600844e-01
7.800024564362895152e-02
2.582659882738426171e-01
8.594686179617005983e-03
6.580473247428464401e-02
1.436980081817359478e-01
