-8.913054342581770015e+02
-4.476238072961230046e+02
-4.585834933668698454e+02
-5.328933198138253147e+02
-8.226266500012934557e+02
7.733807614276769300e+02
7.284238939878969177e+01
7.213798507639560320e+00
1.027656409248192126e-01
2.066609070056280861e-01
-2.139003934896738883e+02
-2.795638890816757680e+02
-4.061379436313754354e+02
-6.094675328314142462e+02
-1.941065237344743764e+03
5.320171743435890903e+02
1.008725748444260404e+02
1.418000627377585943e+01
4.001198214605434345e+00
9.546464529932991994e-01
6.540816956494454359e+01
-1.556327085041571365e+02
-5.603791426999749774e+02
7.023675911102751343e+03
4.083527368634946129e+02
1.461668295805784794e+02
6.358439686485893816e+01
1.925041838668422756e+01
3.281365911427562398e+00
7.307733035821549761e-01
4.845669612581751267e+02
7.924037978722701610e+02
2.193738558062140953e+02
1.450447355327992796e+02
8.730960206116391475e+01
5.059539778251953379e+01
2.372257079017017389e+01
7.750238035198280251e+00
1.189099466737933319e+00
3.080170196116525649e-01
4.517213586975706676e+03
-4.555452898154430841e+02
-6.677586725072397655e+01
9.780082232002934362e+00
1.721456226789555899e+01
1.323543807592827015e+01
5.702508052624878587e+00
9.495365570464311400e-01
1.621127061710480677e-03
2.504174226316679616e-02
-1.205603072843861355e+03
-2.759265428380228400e+02
-8.792893678558064607e+01
-3.097755247164236891e+01
2.573664822935854080e+00
7.486988444507702845e-02
1.274576049314703197e-01
2.412548677458370872e+00
1.301638261118161832e+00
3.169238128230883467e-02
-5.598657666132639861e+02
-1.999594914215799406e+02
-8.364001072740477127e+01
-3.590683219060731801e+01
-1.931964839133662437e+01
-1.585492401841334775e+01
-1.776998725124432710e+01
-4.175613881134871264e+01
3.737694225937738590e+00
8.777095384103270059e-02
-3.561402367431467724e+02
-1.523411952150414095e+02
-7.028094280627897206e+01
-3.694890614504544146e+01
-2.218738187552876440e+01
-1.631469175675432481e+01
-1.536691626228346230e+01
-3.980716135037510384e+01
2.547941575405188175e+00
2.613833127273336790e-02
-2.791369740470648821e+02
-1.151336066000247627e+02
-6.112791832393433822e+01
-3.598472647794913115e+01
-2.393599798631946385e+01
-1.898766186643561227e+01
-2.266501066855650492e+01
1.344115660958258651e+01
6.051359937857196947e-01
1.152909500148631416e-02
-8.066953170270727469e+02
-1.236035847570866792e+02
-6.299740424715140819e+01
-4.061326425863890677e+01
-3.252864725409505553e+01
-5.017771459524028899e+01
1.279271655940937258e+01
1.088533527289387681e+00
9.308546945898703989e-03
1.365758240089990638e-01
