-2.457526895340271267e+02
-1.668034694845817683e+02
-1.534932007772214035e+02
-1.535516477198599148e+02
-2.794856062166056176e+02
1.785282427514335666e+02
2.009992246058117260e+01
1.850388801373622272e+00
2.047652915124267012e-04
7.851153104377268654e-01
-1.669643897929430238e+02
-1.509857548137377421e+02
-1.476354146816881610e+02
-1.623835296039761431e+02
-2.440453797014303348e+02
7.113837017151454347e+02
4.561894534407529989e+01
1.300463768768017836e+01
2.672129916035485664e+00
8.688336278345017982e-01
-1.954450920848860846e+02
-1.980328643627003942e+02
-2.196124085934236518e+02
-3.172901684418153536e+02
7.725116734958734924e+03
1.299937134195911881e+02
4.402048463222566710e+01
1.252522658354972585e+01
2.678851698539016279e+00
8.073740809876149838e-01
-2.675485154433562798e+02
-3.507092745626832766e+02
-8.197620266251990415e+02
5.083864922583238126e+02
1.173204880051340666e+02
4.809885309800848319e+01
1.995362542800242167e+01
7.041248996212404521e+00
1.714454400796707079e+00
5.789515061111409899e-01
-5.245819816601486991e+02
7.211385118903793227e+03
2.738508667230606761e+02
9.828036755498943933e+01
4.238351473482462950e+01
2.030384360800664112e+01
8.400316662919314226e+00
2.719581001867202197e+00
6.267828782489840433e-01
3.101973670703411234e-01
1.243204050529459437e+03
2.134998825415207762e+02
8.668949600227622909e+01
4.046976902224207606e+01
2.021213323378386306e+01
8.710921274291736793e+00
2.962920701192938822e+00
5.716624450143065195e-01
7.866844075321235974e-02
1.371854413130993433e-01
1.756651878250664538e+02
7.709092216304935619e+01
3.718423982366268632e+01
1.937991248044436787e+01
8.615306915473414762e+00
3.001486861472257406e+00
5.203017510186551675e-01
1.340181317741929063e-06
3.700300284678042541e-03
7.840230681992144124e-02
5.627566157952394121e+01
3.014996478128766455e+01
1.705984615593087028e+01
7.603717607143885893e+00
2.615611488674249419e+00
3.997431472082902948e-01
2.919925793886668508e-02
2.198418664048895632e-01
1.310607396398978317e-02
9.638993486008910760e-02
1.349421131165094145e+01
1.210599056324612199e+01
5.434597751449079972e+00
1.696644883870758180e+00
1.605164263113584844e-01
1.113005348865154093e-01
4.447084124239450431e-01
1.600445311963165362e-01
5.546232048123374975e-03
1.760589144371561832e-01
3.913190232010022029e+00
2.330514019833664463e+00
6.833315242792542543e-01
1.661930464279263997e-02
1.612705283148544999e-01
3.489242660594957246e-01
1.472185747483210350e-01
4.749895708062317628e-07
1.095414062213226347e-01
2.914409832372762410e-01
