-7.915329375279467286e+02
-8.565569067099996801e+02
-9.524368035820670002e+02
-1.086002513592364267e+03
-1.348554333204908971e+03
-2.050308967668710466e+03
-1.503438316173285239e+04
1.054982730870570549e+03
1.983225139527978627e+02
2.648494922517980399e+01
-8.110463901049753304e+02
-9.491570057623682715e+02
-1.141262066964409996e+03
-1.471544006350220343e+03
-2.310307305982857997e+03
-1.108500110983119885e+04
2.304163948318540406e+03
7.491403960079243234e+02
2.562597818882250635e+02
4.855610092700132441e+01
-9.112444571783347556e+02
-1.192213885388557628e+03
-1.715942627855140245e+03
-3.386441408979603693e+03
1.405748724484283230e+04
1.699716265448689683e+03
7.358611808777833403e+02
3.785225208966173795e+02
1.850085121590136339e+02
5.410714345399871661e+01
-1.162384327718327995e+03
-2.052849262433270269e+03
-9.500120646996965661e+03
2.977205492465466705e+03
1.095434966600057123e+03
5.767259324020250233e+02
3.318077218414263712e+02
1.945614446717873136e+02
1.070776075602705362e+02
3.959167552960939673e+01
-2.267030396879148157e+03
8.723369464450084706e+03
1.408762026946730430e+03
7.029374056524296748e+02
4.193649270001826039e+02
2.641689068094714798e+02
1.651681861039836861e+02
1.003703882841215460e+02
5.601200191175318110e+01
2.128988777770786811e+01
2.969027776045252722e+03
8.287588092576474992e+02
4.568789033874431880e+02
2.928322293496971156e+02
1.966433174485569566e+02
1.297796755059064822e+02
8.253503756351229015e+01
4.927988028271233389e+01
2.562523941497952862e+01
7.970375593740425479e+00
5.222369872404099169e+02
2.958259385131418071e+02
1.943840578589211816e+02
1.358780120322251719e+02
9.339067584872209693e+01
6.172362779037286629e+01
3.797846469003471981e+01
2.063958022276797521e+01
8.218845450903044636e+00
1.238898322067652158e+00
1.727489272720916347e+02
1.166547622121526047e+02
8.409693522884720096e+01
5.875203680546512430e+01
3.964835634026204048e+01
2.466475053257165229e+01
1.310495630231075204e+01
4.731963283257305086e+00
3.296984428640705733e-01
1.520236980441834300e-02
4.571298443133728995e+01
3.980772014446230855e+01
2.745643913654129875e+01
1.792006258424696341e+01
1.034392874510447768e+01
4.390581215159078177e+00
5.128433985277146556e-01
9.422361700742172275e-01
1.480829921617845324e+00
1.754275392349554652e-01
1.223563758902924459e+00
2.930589013581580193e+00
9.092140947529844253e-01
2.664934515717574427e-04
2.024563129169155040e+00
1.578804303339870252e+01
2.647857410147540591e+01
6.343288247202987229e+00
9.747140090533070733e-01
1.496561933931391669e-02
