-1.820549494792476253e+02
-1.846170999942154367e+02
-2.054516989694939184e+02
-2.287456032654535250e+02
-2.888544948271413659e+02
-4.872821267061736421e+02
8.316508980454603943e+02
6.518469788137092280e+01
1.510974152718529595e+01
2.739667171711950733e+00
-1.460670705285538986e+02
-1.772997969706482877e+02
-2.175124531106056907e+02
-2.776305511144015554e+02
-4.050219339307141695e+02
-1.086170699082098736e+03
5.697629798399245828e+02
1.326624157429248783e+02
2.986593958889427469e+01
5.067972454883145517e+00
-1.479624912212176469e+02
-2.024505710828548501e+02
-2.860270019530785817e+02
-4.714443665003883552e+02
-1.891615580095718769e+03
6.060404920750752353e+02
2.070617713659340495e+02
9.158060643786919286e+01
3.347106532276648494e+01
7.110786375593662001e+00
-1.659847064813492636e+02
-2.842933489081547123e+02
-6.528709857499768532e+02
2.330808350347269425e+03
3.570366999666109677e+02
1.678552071852424774e+02
9.169519828481372770e+01
5.130099673408594185e+01
2.471355299122680904e+01
7.069653897233267870e+00
-2.459683193595841715e+02
-1.382535564290858019e+03
4.923430251684399082e+02
2.031789442217952626e+02
1.159209078564666697e+02
7.354424570619843848e+01
4.598512532314255452e+01
2.800776574441998434e+01
1.508773870634597003e+01
5.269161944296826938e+00
9.943196710998973913e+02
1.976752113363144758e+02
1.129404875485603412e+02
7.539199957706827604e+01
5.351877684200037777e+01
3.640971657703924791e+01
2.400222477474950722e+01
1.507574917005859483e+01
8.393704458392369006e+00
3.236868369062513739e+00
6.103943608189437242e+01
5.407798178523998445e+01
4.307366106006127637e+01
3.499530924725128500e+01
2.599832726813763983e+01
1.846888792756880804e+01
1.244257827354427803e+01
7.857719484710327329e+00
4.342892032818292947e+00
1.785702352675900384e+00
1.160836983194792893e+01
1.726109973463325176e+01
1.922726316205313069e+01
1.606657555071900845e+01
1.252239810828780442e+01
9.123351170927371356e+00
6.202040765157264879e+00
3.888473468961057389e+00
2.109660265196208417e+00
9.886807749811542534e-01
1.018852361748555646e+00
6.885056536967448793e+00
7.617921049291632940e+00
6.957452788211256234e+00
5.685632918979387718e+00
4.247104069668576898e+00
2.915857189130881544e+00
1.823117159747469351e+00
1.037013630798061969e+00
6.355895272840994537e-01
5.840951022274969151e-02
1.953112834075547255e+00
2.648447938110666033e+00
2.718418125568467403e+00
2.375433231759172426e+00
1.851855097076086754e+00
1.316821561291301013e+00
8.843636188957566535e-01
6.210390573956386939e-01
5.074562351191697074e-01
