-1.405854169715983915e+02
-1.236631849731146531e+02
-1.361956815312602487e+02
-1.542708944414843586e+02
-2.101454027045647592e+02
-4.051931795027362568e+02
5.059593493133762081e+02
5.431898057958012060e+01
1.519082652382702925e+01
3.067169067788071413e+00
-9.916386912232685802e+01
-1.102275396764361943e+02
-1.327968425314149954e+02
-1.732698183017699307e+02
-2.635646592369544692e+02
-7.305007134955512811e+02
4.254679979484716910e+02
1.064065834623200857e+02
2.625128128105112779e+01
5.034397771394755416e+00
-1.079216050158272111e+02
-1.294433940793786348e+02
-1.716772386812551758e+02
-2.746688711357928128e+02
-9.310643379223924967e+02
4.568580993615054240e+02
1.555519660171610781e+02
7.063742056791993207e+01
2.655899481846215338e+01
6.094541506196632596e+00
-1.362854490891260468e+02
-1.917810443258272812e+02
-3.759608511364725132e+02
2.642606711363334853e+03
2.407246013085735115e+02
1.136048890849104680e+02
6.371175268376163814e+01
3.667492346913291357e+01
1.773369114086352383e+01
5.137870754087769498e+00
-2.330988312572152097e+02
-8.869451595919099418e+02
3.602394391294796492e+02
1.312793344312738668e+02
7.155971583249886692e+01
4.584394644648590145e+01
2.897310149858799733e+01
1.777330926833239388e+01
9.294234935493323135e+00
3.097382729703291648e+00
1.543767887368893298e+03
1.727959349522479329e+02
7.975807819672073151e+01
4.667958093303938938e+01
3.130751467216207828e+01
2.041670026165987650e+01
1.304374218244633532e+01
7.814066763685493022e+00
3.918816677774371371e+00
1.381137522156486330e+00
9.894828462892277798e+01
5.169859144725793954e+01
3.043594076843107743e+01
2.076644625670941480e+01
1.341053398521781226e+01
8.503044670905630653e+00
5.071796628076433500e+00
2.685938031105678636e+00
1.153741864053430932e+00
4.827480450562162684e-01
2.823682224698215748e+01
1.806681074416639987e+01
1.310088366264827009e+01
7.952655104521459073e+00
4.716980996994631248e+00
2.594250264995383581e+00
1.221760491885666822e+00
4.532882909891858270e-01
1.802551776991401511e-01
1.891734010721213832e-01
5.794683979710543831e+00
6.951497740543139514e+00
3.829855834222047228e+00
1.878250550103766514e+00
7.702425657911186052e-01
2.145570772621958333e-01
2.303893511282536360e-02
1.895375592378317330e-03
3.261821423748658549e-02
1.578070028440275718e-01
2.087870084140422744e+00
1.183764676004384286e+00
3.800532681726290773e-01
3.369572545123629415e-02
1.932345837318525522e-02
8.797407802034974689e-02
5.687040741226083440e-02
7.897587572481557514e-06
7.305965003011238856e-02
2.279729372542110277e-01
