-1.474073150163359571e+02
-1.172548335339037635e+02
-1.139606649501560014e+02
-1.147842649487447773e+02
-1.653827395070973694e+02
1.949553075174653486e+03
4.049939419021760045e+01
4.981978733586274188e+00
3.037883600007471596e+00
9.988179922715058057e-01
-1.197884267382181918e+02
-1.138833831702896475e+02
-1.147982422159689975e+02
-1.263546927633095436e+02
-1.689259603757421075e+02
-6.372217655250343569e+02
9.441391283987933036e+01
2.392450254386397290e+01
4.993183056133226216e+00
1.295694242197228174e+00
-1.471794012080968059e+02
-1.507412986368710506e+02
-1.644425036631791386e+02
-2.104781813184634416e+02
-5.096029486162080957e+02
2.725992701339265523e+02
7.221901893154409890e+01
2.359283641088866545e+01
5.995160800755368058e+00
1.461323102403944141e+00
-2.043748649753776476e+02
-2.455191279678495846e+02
-3.732546791319901445e+02
-7.233331113735976032e+03
2.148190527595259880e+02
7.679236492470954545e+01
3.377883166613438704e+01
1.480091242876366309e+01
4.963136080133234707e+00
1.347493092856280050e+00
-3.571326753678590649e+02
-8.691949070335299439e+02
6.776272623282472978e+02
1.672795243045275981e+02
7.018489631813289975e+01
3.517399163485261226e+01
1.731070724558219709e+01
8.129302603709078312e+00
3.139073443202430092e+00
1.023327375033409092e+00
-3.040718133029414730e+03
4.129638203726768211e+02
1.463828580145169838e+02
6.950681548121821152e+01
3.694067446106586061e+01
1.899577428876752094e+01
9.402326336782310889e+00
4.312083171201574139e+00
1.718360784409155295e+00
6.920105133297808075e-01
3.316203762021390844e+02
1.361509683486885933e+02
6.891183248096307068e+01
3.868921559847657932e+01
2.083460003630332835e+01
1.073265600263481723e+01
5.119089138702459074e+00
2.203969510186283731e+00
8.893537054325347802e-01
4.747504788942248366e-01
1.175287743113513130e+02
6.536240375052948082e+01
3.931802286827056037e+01
2.205805967841066817e+01
1.189693986722534547e+01
5.948252831825448617e+00
2.669110086768536227e+00
1.082126238666583085e+00
4.937590391890940844e-01
3.782013310275851303e-01
4.761839172754068983e+01
3.655104309184388001e+01
2.172907829060378404e+01
1.229578764823885528e+01
6.485005746931237880e+00
3.086028270303867060e+00
1.306554834305142521e+00
5.573960402899735822e-01
3.565506960945055703e-01
3.636523881934298208e-01
2.082442954079027331e+01
1.675373953916337300e+01
1.080154253814480469e+01
6.167126524187202641e+00
3.157208906201619314e+00
1.447343950843962723e+00
6.484931278978918190e-01
3.815343346086054188e-01
3.497132726407325420e-01
3.884809273287210263e-01
