-1.454435066281653803e+02
-9.759361944466711236e+01
-9.757176285088308987e+01
-1.040078350061437220e+02
-2.061479192414236365e+02
1.583013164791629208e+02
1.996170446110571817e+01
2.371887918221434965e+00
2.227862819151714913e+00
8.496413934566923176e-01
-7.774012108374921581e+01
-7.575447377253408376e+01
-8.017086168032690807e+01
-9.378131348478257223e+01
-1.381099570214113328e+02
-2.784168404097555594e+03
4.888418958179628504e+01
1.468975250002445776e+01
3.277831782887210998e+00
1.003070207089264532e+00
-8.829535477043093294e+01
-9.344593544340906988e+01
-1.060547447215759576e+02
-1.417787228290321764e+02
-3.751553612414928693e+02
1.701068651609586198e+02
4.794143115866488358e+01
1.463327694991587435e+01
3.575663997206586231e+00
1.013582823936462818e+00
-1.167558715103623541e+02
-1.439827797803165765e+02
-2.235756302028194682e+02
-3.151794538253686369e+03
1.384867675537565788e+02
5.061469380686244790e+01
2.175832276019636780e+01
8.808012731757088432e+00
2.656647009149801342e+00
8.209946409464514705e-01
-1.951934739778471339e+02
-4.691937571921368999e+02
4.185013865135442757e+02
1.008521585732377304e+02
4.198265908887707099e+01
2.129361434570750689e+01
9.988605206650843726e+00
4.189514708593389258e+00
1.388232781669669125e+00
5.311738036368790494e-01
-1.710282860818737163e+03
2.253506258301856917e+02
8.083391733674562829e+01
3.838777858278822208e+01
2.065960057513394332e+01
1.017554634841370031e+01
4.539168754200802347e+00
1.684183215084966045e+00
5.346726796145820915e-01
3.008776508917054837e-01
1.519374467122019610e+02
6.692166792418802856e+01
3.423489803336313031e+01
1.965442566435609351e+01
1.015032065968278729e+01
4.729409851772659046e+00
1.808285114799770499e+00
5.065627552655839194e-01
1.595121090743728265e-01
1.885879724552255166e-01
4.602150372852326399e+01
2.742788135301022834e+01
1.757817423710752180e+01
9.423416687685609361e+00
4.580207766260786961e+00
1.832276637070097802e+00
5.069821396537237401e-01
8.985542892098609402e-02
6.076874819519180460e-02
1.721914717292993835e-01
1.327738135349463100e+01
1.338789439922876134e+01
7.652137867730190557e+00
3.850627249917375039e+00
1.595512076767266141e+00
4.598713099631762669e-01
7.076047593847105410e-02
1.955906452077078167e-02
7.759403436230179196e-02
2.202487430124164258e-01
5.398182103127234122e+00
4.327076902332276376e+00
2.497604894488810068e+00
1.099127722723085343e+00
3.422849444834096255e-01
6.818656712625234539e-02
2.219243251512184947e-02
5.812635098261147160e-02
1.687445906242888705e-01
3.006470604466098262e-01
