-9.508947786424747619e+02
-8.730994241962079059e+02
-8.174467742383649238e+02
-7.944153209248131589e+02
-8.177520327478482614e+02
-9.929941432929260827e+02
-2.434289892242242786e+03
5.802142315709521654e+02
8.013105251040485655e+01
1.005262414885071109e+01
-1.211110982547137155e+03
-1.163824044122160103e+03
-1.136024457719051270e+03
-1.165007539188793544e+03
-1.342039101879626969e+03
-2.157636756072451590e+03
7.805584935230619521e+03
7.217673987925699066e+02
1.750576519862624139e+02
2.701321563005960158e+01
-1.632900509290249147e+03
-1.677993153132917996e+03
-1.795143654940703072e+03
-2.166677644341627001e+03
-3.966370149791768199e+03
6.031393241635328195e+03
1.066342222099435276e+03
4.246942289619185544e+02
1.806426550304225032e+02
4.759619251042789756e+01
-2.359918541892096073e+03
-2.796496745491595902e+03
-3.956099172918392924e+03
-1.469895810910537330e+04
3.717367860748237945e+03
1.138986798883562642e+03
5.101947048874158099e+02
2.607581041413487242e+02
1.370563409217657238e+02
5.430855155732430717e+01
-4.036069527313682556e+03
-7.775595426535051047e+03
1.937969914537871955e+04
2.894471190013462092e+03
1.179084322522891171e+03
5.819314853529435823e+02
3.095894104119300323e+02
1.730159226880394954e+02
9.905608745416097349e+01
4.828088564013916795e+01
-1.422126740523682565e+04
9.146631751232825991e+03
2.635060567697888928e+03
1.235604540003070952e+03
6.575018758481462555e+02
3.651276290411007039e+02
2.077274533124844709e+02
1.214339258527256789e+02
7.283171008873981123e+01
3.900908621281821098e+01
7.946569628056726287e+03
2.638857404526686423e+03
1.314549677906221632e+03
7.359368423303336613e+02
4.266721593255160201e+02
2.498699922791860217e+02
1.475118750405336812e+02
8.903425402868336391e+01
5.517039486026008888e+01
3.028055378022847322e+01
2.748779847816178062e+03
1.407855141577101222e+03
8.132054581500317454e+02
4.886011012863107226e+02
2.964580330302852076e+02
1.794575424154147356e+02
1.090472311067829168e+02
6.775398723544572022e+01
4.267710722298240711e+01
2.205738191812929117e+01
1.471997066082387846e+03
8.791109425853134098e+02
5.435420954642396509e+02
3.414484087720765046e+02
2.140763683487231503e+02
1.333108707385258356e+02
8.326503759794077553e+01
5.278106107405627512e+01
3.196154388447066097e+01
1.362178477712104474e+01
8.833728288139922142e+02
5.765023251833522409e+02
3.760654212584497031e+02
2.451395190025834836e+02
1.583667066909669074e+02
1.011850453791293205e+02
6.411318278250919889e+01
3.911888135480375439e+01
1.943868439317494534e+01
6.346266419238724588e+00
