-1.750340039407641939e+02
-1.426068622032233861e+02
-1.329431921043739919e+02
-1.312831435161904210e+02
-1.983969499735721058e+02
3.262662522545437582e+02
2.433089339376584803e+01
2.263226409938799311e+00
3.864353125100071853e-03
2.153850491228895270e-01
-1.846500949391229938e+02
-1.662323446090184120e+02
-1.545415851668301457e+02
-1.547239674403650440e+02
-1.852033379913435169e+02
-5.226314476361333163e+02
9.005048187596982245e+01
8.676577433587260302e+00
3.238351424709365212e+00
9.200206529323101678e-01
-2.555633734495107774e+02
-2.447232452549536958e+02
-2.420829240141805769e+02
-2.676947082718014599e+02
-4.390317895345332886e+02
6.281480238397318772e+02
9.441740120076568132e+01
2.333110854895485886e+01
4.344400939379810644e+00
1.006661533850540913e+00
-3.813585692981386046e+02
-4.151677511865789256e+02
-5.166753322109019564e+02
-1.218772252852018710e+03
5.655975349755030948e+02
1.352077863685086356e+02
4.901607209762752859e+01
1.751452280598043743e+01
4.222759088827765517e+00
9.403915842968625372e-01
-6.486760099695508188e+02
-1.035516826971830369e+03
1.650649252235577296e+04
4.870837077055995223e+02
1.615092371695692464e+02
6.761481053909650996e+01
2.859909899303824332e+01
1.111460265320236829e+01
3.082206833369399046e+00
7.395501810865060532e-01
-1.736556755158915621e+03
2.720865272529676076e+03
4.995525753755979395e+02
1.982599732045163137e+02
9.123710416594583705e+01
4.182410116348680873e+01
1.817667381486986145e+01
6.894096784347019558e+00
1.885719889531772164e+00
5.146305607523816716e-01
2.542006038293167876e+03
5.687019317300631656e+02
2.420911394653069237e+02
1.191437602267364468e+02
5.876185269448726700e+01
2.769387201745557903e+01
1.181758856364008103e+01
4.152036160120591290e+00
1.034437082920145468e+00
3.583218432448108115e-01
6.543160660447697410e+02
2.906456858230459375e+02
1.495430565679699555e+02
7.786076059908914715e+01
3.939300741190233168e+01
1.843299682905530545e+01
7.480920072294219736e+00
2.323983515151817780e+00
5.489007370998324475e-01
2.933362186048889542e-01
3.161202806090290665e+02
1.773624871977930297e+02
9.652399047362013107e+01
5.167530530899659169e+01
2.610142631979906369e+01
1.179275531992278658e+01
4.356929331691413942e+00
1.158487028966773691e+00
3.469929909526814904e-01
3.000516929337652683e-01
1.645277853390003315e+02
1.049107359618982542e+02
6.058464325764542480e+01
3.275236951990681433e+01
1.605416134975145681e+01
6.638323762275315509e+00
2.075784148782179539e+00
5.697617271828628871e-01
3.163700958483627868e-01
3.447402985969080791e-01
