-1.499983589396643140e+02
-1.262045852771044991e+02
-1.267312022032718488e+02
-1.315890683667312544e+02
-1.882207444189412229e+02
3.486321672731846775e+03
4.393024907897031284e+01
4.654011640296120689e+00
8.366059801960286368e-02
1.623919845985776211e-01
-1.267313109265984679e+02
-1.273871418545514871e+02
-1.321744320192501334e+02
-1.459489741023263036e+02
-1.874796186562479647e+02
-4.736702771670430252e+02
1.372785146606499609e+02
1.527290869652124350e+01
4.711886214952513363e+00
1.132332435584637143e+00
-1.571177285206901502e+02
-1.690677425308644217e+02
-1.873383657366146053e+02
-2.308360808470164898e+02
-4.179598962957310846e+02
6.707725940010388967e+02
1.091515869569331585e+02
3.067806857398658948e+01
6.343909342502003668e+00
1.309237225076694600e+00
-2.129773681418818967e+02
-2.604749646009117896e+02
-3.622832024536307927e+02
-9.494180375357676667e+02
4.915505914956516449e+02
1.300385670157096172e+02
5.189826456694854073e+01
2.078915568694685589e+01
5.805944333817245173e+00
1.239903647553844079e+00
-3.302030809506903779e+02
-5.894885005762005221e+02
1.318519805921774241e+04
3.501437374966690754e+02
1.280157512491559260e+02
5.948652651379441636e+01
2.781655774628705302e+01
1.210316725068041244e+01
3.883256605932267291e+00
9.382669728778717522e-01
-8.015120389488190540e+02
1.473550458459196989e+03
2.945970889083226893e+02
1.291841772634524830e+02
6.601566759315772970e+01
3.331533530454821346e+01
1.595537445129486542e+01
6.745572148183248018e+00
2.118331901008000617e+00
5.971376012438643910e-01
1.078506091063797385e+03
2.730175023841803181e+02
1.290123002132382908e+02
7.075726889465693148e+01
3.830606206765949651e+01
1.971457710263815244e+01
9.151838001824552649e+00
3.515543104336138480e+00
9.894475339897425004e-01
3.690368557373912561e-01
2.425158519355705380e+02
1.241702003009708761e+02
7.240901791116795039e+01
4.138320824018440192e+01
2.277359506565820269e+01
1.145844625980936193e+01
4.926050669922282133e+00
1.611458092339923764e+00
4.354316133018483193e-01
2.766365349771293114e-01
9.602259465698521979e+01
6.791577262887824418e+01
4.111640575172522460e+01
2.397751081668968354e+01
1.296514179458102767e+01
6.126648110113511514e+00
2.298340799003997681e+00
6.416043607646156888e-01
2.565733809665766696e-01
2.795459080380744421e-01
4.003984279738885732e+01
3.254114824545774098e+01
2.139923919598093249e+01
1.252271837164394697e+01
6.414167875197454016e+00
2.682867146760095078e+00
8.709451097280038745e-01
3.173323332983279954e-01
2.615092304000067869e-01
3.300825502407829792e-01
