-4.894530618632932715e+02
-4.293893614084289538e+02
-3.779243413822628099e+02
-3.299894896418920212e+02
-3.080878945207537072e+02
-3.721682448407912034e+02
1.855791705617744753e+02
2.343613506504002242e+00
8.709938058084230050e-01
5.678228800815384586e-02
-6.371286582602238013e+02
-5.981100081708361813e+02
-5.619019035789309555e+02
-5.429142872757736313e+02
-5.745512660073173947e+02
-8.573671044356998436e+02
9.450167636607714030e+02
8.125033541292538075e+01
5.930738959793087517e+00
4.367118263630310193e-01
-8.726303706034261722e+02
-8.884634594407343684e+02
-9.316551639819424508e+02
-1.084721524912314180e+03
-1.886313284088175124e+03
2.396780314032424485e+03
3.780629751855918244e+02
1.135854302748597462e+02
2.479495655646612562e+01
2.480007831567703658e+00
-1.256642956944041998e+03
-1.481369190184238960e+03
-2.052925653557914757e+03
-6.751379925277437906e+03
1.954048853306803721e+03
5.449788330724809384e+02
2.169346377403153951e+02
9.216330580837151842e+01
3.377352863007895678e+01
6.308629403638857269e+00
-2.073747180321816813e+03
-3.749795120487839995e+03
1.822278776960455434e+04
1.704643280877995039e+03
6.503010991539609904e+02
3.015381541774459038e+02
1.459966429612191803e+02
7.023506049304906185e+01
3.085674994228923396e+01
8.586572781836887103e+00
-5.871933507334681963e+03
6.759826127392737362e+03
1.613427320504016734e+03
7.257781394617878732e+02
3.738670391304710279e+02
1.976677163497581660e+02
1.035784440849416654e+02
5.267662870615961168e+01
2.475205589557577213e+01
8.135268831201699413e+00
5.599567692487100430e+03
1.608673277002865234e+03
7.803323899193852640e+02
4.307142501612654542e+02
2.440144407802461330e+02
1.367943193395476555e+02
7.442018940671934502e+01
3.880664562911612592e+01
1.852963659155066622e+01
6.216401601515988418e+00
1.621459733077294686e+03
8.163549075098667345e+02
4.702484055436763697e+02
2.801130438533851361e+02
1.662627231451147054e+02
9.595735536251123676e+01
5.311964069943458355e+01
2.783942971371987340e+01
1.287336937481798138e+01
3.960486826749264555e+00
8.103439583362323901e+02
4.885837421630029667e+02
3.019366596079409533e+02
1.876170408492126569e+02
1.142021725685211493e+02
6.683795849466284267e+01
3.708895467077746844e+01
1.893768224909965880e+01
7.726730144750689533e+00
2.113398224245135015e+00
4.553397926233629960e+02
3.015764147143985952e+02
1.961179093455088207e+02
1.251897240921567374e+02
7.717479504520872524e+01
4.507982250840600358e+01
2.420280736731733384e+01
1.088611827921630137e+01
3.487139850945200070e+00
1.059449428191306275e+00
