-1.618444740730743661e+02
-1.675382543040331029e+02
-1.961658680785932063e+02
-2.440084489176626903e+02
-3.582500465908281626e+02
-6.024241663311714774e+02
-1.930766937895063620e+03
9.813939532312261917e+02
1.991264363621990299e+02
3.982291704380406827e+01
-1.575785769556466960e+02
-1.732459788916746106e+02
-2.072588489253836883e+02
-2.753276468056730550e+02
-4.266326063464559866e+02
-9.649330041642465403e+02
4.864466040098905069e+03
6.196547557231297105e+02
2.354592741637655138e+02
6.477220071112857624e+01
-1.873573021052671095e+02
-2.125690592199028117e+02
-2.661641767188460221e+02
-3.981156553656273331e+02
-9.399376099063761103e+02
2.112480059472845369e+03
4.889960704158121985e+02
2.636968498413988300e+02
1.535474495718444530e+02
6.280546945835541806e+01
-2.431772009627175919e+02
-3.059620453182932920e+02
-4.764236840633116685e+02
-1.808048170771274044e+03
7.445216534168558837e+02
2.895549895929740387e+02
1.720489947966136128e+02
1.170547425701187620e+02
7.956837305530450521e+01
4.055274343894961220e+01
-3.671823335842138363e+02
-6.855717228663022524e+02
3.646573591034006768e+03
3.830399401542873079e+02
1.803321196950523415e+02
1.086867340209050496e+02
7.358843511032756624e+01
5.253915156942889553e+01
3.663986484953552747e+01
1.942481497569711735e+01
-9.568901782802263369e+02
1.072868428070571781e+03
2.656761526655617445e+02
1.277017880993252277e+02
7.517916878788021506e+01
4.753677692117146591e+01
3.166771751780588673e+01
2.150509853919334802e+01
1.376983572752076768e+01
6.279508961738843986e+00
7.700783210109723314e+02
2.211861726688723309e+02
1.049116011002562772e+02
5.866086668178358110e+01
3.367024763322640268e+01
1.957344227699227091e+01
1.117703732140871686e+01
5.925769645612900760e+00
2.468728632286858460e+00
6.650537176113493487e-01
1.856721790091994251e+02
8.954530875497817988e+01
4.893403892468882788e+01
2.565703541752118610e+01
1.258378040817281196e+01
5.129149713718274661e+00
1.174598280211053725e+00
8.000664180792482760e-03
4.909228560052475987e-01
8.231303363176087351e-02
6.332457652848180629e+01
3.876839970205459451e+01
1.890511506283089815e+01
7.541036734361291849e+00
1.531608018470568933e+00
2.523345841808189993e-01
1.453070940413900125e+01
2.981001834882309964e+01
3.275038386151751801e+00
2.092993226177757293e-01
1.937956856013233775e+01
1.022120701312343627e+01
2.951920676230356033e+00
1.857363209088686148e-03
5.879515905183335001e+00
4.389570758258396950e+02
7.646971871727465668e+02
9.640054280077016813e+00
1.115391715704045383e+00
1.565697195024354921e-02
