-4.258999194152681156e+01
-3.671807304073742273e+01
-3.736654535296155899e+01
-5.430002740949615259e+01
-9.240793532557870549e+01
-5.286358830842683574e+02
8.151512349461211215e+01
1.780572673337292855e+01
4.229244590537621917e+00
1.220378148970466592e+00
-1.601209816987560686e+01
-2.161229606483560772e+01
-3.012825251555064199e+01
-4.342996813619338070e+01
-6.832095508141608775e+01
-1.776902012913161002e+02
2.355342257420930139e+02
3.440255982136397961e+01
7.300367572973761376e+00
1.695221790348458990e+00
-1.504101246008426962e+01
-2.146587431050802408e+01
-3.151370589544878698e+01
-4.967571098470141777e+01
-9.864501358910398210e+01
-1.401621606946877182e+04
8.918314811899713845e+01
2.998167087984472090e+01
8.386622135770100073e+00
1.909952696120004623e+00
-1.593232214853023265e+01
-2.511835878153245716e+01
-4.448338699913352201e+01
-1.199155709156396341e+02
1.979113700842704304e+02
5.440698577081262499e+01
2.739846106051198404e+01
1.451234682294626666e+01
5.785780722380937213e+00
1.550886282800653104e+00
-1.892339348489912254e+01
-4.166631006092652001e+01
-1.084209349935516684e+03
5.140877663789854068e+01
2.641610100213785728e+01
1.580396212606131989e+01
9.800094504315708832e+00
5.699820986583760352e+00
2.591248160842991588e+00
8.510024338902713037e-01
-3.236799396997854217e+01
8.086880502462169318e+01
1.940891026492247917e+01
1.097415656836562725e+01
8.062321137734002718e+00
5.285268405036229744e+00
3.223667298765342082e+00
1.696323606797011330e+00
6.977993148103440735e-01
3.030554635667247476e-01
2.464785877609133635e+01
7.423276351833372644e+00
4.098150630704980202e+00
3.292032358962535543e+00
2.136130244640166875e+00
1.254491434318157461e+00
5.819000748135583212e-01
1.710116483164359213e-01
4.037790156499963118e-02
7.359091986391513851e-02
1.497963513221069576e+00
7.043034765949414133e-01
7.485572914830525004e-01
3.484188683767409644e-01
1.236105206837518483e-01
1.118430569133788653e-02
2.148639988240408707e-02
9.431752839644713671e-02
2.847470215543867686e-02
2.982024536745204318e-02
1.035555454946866794e-01
7.073719329447157936e-03
5.699065359721015162e-02
2.255978979748315127e-01
4.415727645009878688e-01
6.666113318216599914e-01
7.375222958148691665e-01
3.904416452620135813e-01
2.609314346656917832e-02
5.841711630014596174e-02
4.288328751188548102e-03
3.178719739570370906e-01
9.278057938787265257e-01
1.497564552547527628e+00
1.762847584581023197e+00
1.493077674228953766e+00
7.401285190804532954e-01
1.259187106993904515e-01
8.001663865567481410e-03
1.473664208553699950e-01
