-2.903504391986645672e+01
-2.982137672126756556e+01
-3.239031481660871492e+01
-4.942304231310649243e+01
-9.156664992401448444e+01
-1.402096457308826984e+03
7.967045508381129082e+01
1.978742477123242693e+01
5.067799404435607613e+00
1.476189565197816522e+00
-1.249225813006106378e+01
-1.830327216622702124e+01
-2.662266589042863174e+01
-3.967250045479255505e+01
-6.529765423088177556e+01
-1.873079154001696338e+02
2.199731541395978525e+02
3.753629450254668853e+01
8.629967240994123046e+00
2.074145494989717342e+00
-1.090332030408091235e+01
-1.750550048175600537e+01
-2.740769920790346248e+01
-4.495059406589410145e+01
-9.269367773235951802e+01
1.367632290361812738e+04
8.922109136777096694e+01
3.236230377767986255e+01
9.796618253960463818e+00
2.343159912757754260e+00
-1.004832744527918642e+01
-1.891310364395630117e+01
-3.697946602832025320e+01
-1.043916169700380721e+02
1.900008576679469741e+02
5.268645585179929469e+01
2.755503820442785923e+01
1.546899359440515020e+01
6.716638052523848046e+00
1.921532423013531776e+00
-9.481965286427872286e+00
-2.701968002340302277e+01
-4.465589503016443018e+02
4.684815788115081148e+01
2.503232198539908993e+01
1.553929542103848149e+01
1.005299692596678440e+01
6.214394591359760689e+00
3.119037230948554562e+00
1.099876020018589529e+00
-1.036420805870466211e+01
5.146153479515251661e+01
1.445496022240259748e+01
9.537089525047358407e+00
7.747653074018428399e+00
5.456173007403397612e+00
3.587234758337116691e+00
2.102758628942346331e+00
1.014819404466976716e+00
4.430810720925256185e-01
2.643631107599519137e+00
2.337937019299001218e+00
2.341119577223861103e+00
2.750114335083249983e+00
2.205713458189328513e+00
1.555621698546677534e+00
9.168476157633692614e-01
4.229812842700109710e-01
1.689779808229696367e-01
1.374287069129887795e-01
5.121828111203434730e-01
2.784700890708344256e-02
2.003146123209350038e-01
2.664818579675767296e-01
2.358248056386371416e-01
1.352890028963336100e-01
3.710928755800173284e-02
1.117092006653473647e-03
1.433884576246681518e-03
5.764686218723703848e-02
2.894730979926320114e+00
5.416617581485994037e-01
3.188337150302885670e-01
1.846051013671347885e-01
1.364597783961241373e-01
1.408278831587350954e-01
1.551347005063956896e-01
9.439651467722225131e-02
1.393847838241065460e-03
7.336006225950496284e-02
7.214080263009552407e-01
1.282873065673248991e+00
1.362893284540286798e+00
1.158743422954716884e+00
8.981175356550465949e-01
6.246546316228142048e-01
3.089587717407642486e-01
4.818983492994870915e-02
1.658775634294909485e-02
1.495468133181989956e-01
