-4.505685948370727090e+01
-5.217703969739426384e+01
-5.944494771881718975e+01
-7.385849008124624504e+01
-9.481620880113405292e+01
-1.328824910473124419e+02
-3.007313021846613310e+02
2.755275133857375636e+02
3.563449340397008314e+01
6.479748313142571270e+00
-4.495800767232802286e+01
-5.581581937252907721e+01
-7.008254150976334529e+01
-9.028069300915134932e+01
-1.235591350183988055e+02
-2.064392166807981255e+02
-7.185698690780510560e+02
2.759944500971858474e+02
6.202569215179221374e+01
1.291949765052117449e+01
-5.484482271334696435e+01
-7.039384459579406439e+01
-9.335025068106345714e+01
-1.329925549456172291e+02
-2.290407434568781753e+02
-1.086282496661239747e+03
3.275454510253221656e+02
1.185045022450121053e+02
5.371363893314988758e+01
1.722775832557032771e+01
-7.291928311552265995e+01
-1.019041415736574550e+02
-1.601285080091355724e+02
-3.578484315458092624e+02
1.188816383534102215e+03
2.021306718520384891e+02
9.880930373751505158e+01
5.805634907235498332e+01
3.439296015483413527e+01
1.543960950630924955e+01
-1.118431002915769739e+02
-2.071037599351323024e+02
-1.282891272724375767e+03
2.939989156840327951e+02
1.258157189334210670e+02
7.371585402738274695e+01
4.763727392913494896e+01
3.172750897008349114e+01
2.062107961128194589e+01
1.083863084674693056e+01
-2.525708443582569203e+02
1.249175344230206520e+03
1.687308631847688503e+02
8.602850823519079881e+01
5.550189465057545846e+01
3.780326903051566489e+01
2.628182271714543816e+01
1.818135048808612453e+01
1.211137042636627470e+01
6.653221063045433148e+00
7.193363030775720972e+02
1.364041677679516056e+02
6.956080741740305484e+01
4.483470181691976109e+01
3.066433177933039644e+01
2.158586500607573200e+01
1.519565438307159511e+01
1.050657465429158854e+01
6.909049389856341428e+00
3.689375686616383820e+00
1.320305490656846246e+02
6.499165092989004222e+01
4.052801165554997453e+01
2.669697634169693856e+01
1.836551472590065259e+01
1.279693633144856690e+01
8.843211644099577384e+00
5.955087291616325551e+00
3.733686304148366109e+00
1.853960363409526746e+00
6.314700885964150245e+01
4.054747175463104725e+01
2.557639336027137489e+01
1.684152576364746068e+01
1.131976145619676366e+01
7.620255208578750050e+00
5.052122338811356528e+00
3.222924935078132602e+00
1.846382499400617050e+00
9.023058167802104901e-01
3.865576266447119735e+01
2.563662762535944495e+01
1.659854734061230630e+01
1.076451335878225102e+01
6.964621142804020337e+00
4.445567881835956747e+00
2.751586978431300956e+00
1.596912318723640256e+00
8.616260273669277270e-01
5.253692538120320332e-01
