-2.757629082057382419e+01
-1.891064501725848856e+02
5.597348127474827351e+00
1.990497169184635595e+01
3.903803851504927991e+01
6.699004850074418016e+01
1.006757651662540809e+02
1.272744797465265236e+02
4.608361793088079139e+01
4.603118430355834789e+00
-3.099014326650286932e+01
-2.203951694502813652e+01
-2.526971366789402111e+02
1.069716422207636164e+01
3.618006130529502684e+01
7.915502525303865866e+01
2.197433380222605308e+02
-8.349887252256197826e+03
5.963832857412080557e+02
1.581725497344374531e+01
-4.631337339342550763e+01
-4.046980310419197480e+01
-2.956050335810629193e+01
3.942754100195900779e+00
3.155454823245447571e+01
1.996237584657476418e+02
-2.325133638059633654e+02
-1.001645260415704399e+02
-8.316778580562348111e+01
5.364663218356224661e+01
-6.746310866658467376e+01
-7.219858069061615424e+01
-7.489272735828386374e+01
-8.215813090416666853e+01
3.780023286026968687e+00
-4.632081794342329317e+01
-4.158331072899726877e+01
-3.590382159998623735e+01
-3.259715565509499413e+01
-1.649556077616295795e+02
-1.028069639255140117e+02
-1.564303054017888996e+02
-5.229720502851452011e+02
1.376101597243375636e+02
2.484832637196461391e+01
-3.246062769609674437e+00
-1.275038965899718590e+01
-1.545012043645926347e+01
-1.599018823467346806e+01
-4.174073612709575087e+01
-2.053008625311590833e+02
2.131175885568650756e+03
1.282632626452940485e+02
4.738503028991623722e+01
1.879514017683744598e+01
4.074669621006182574e+00
-3.931751220819130310e+00
-7.067789406626658000e+00
-8.797223602462764802e+00
1.080484278895959278e+02
7.504751178992321456e+02
1.104531377785606594e+02
5.084658907960810836e+01
2.752354089345151777e+01
1.351867977573610702e+01
5.021156670427142643e+00
4.104489827361930687e-01
-9.006948319171755202e+00
-1.015688534665979148e+01
1.302814061924844280e+00
8.123492044077899266e+01
4.256129999490687510e+01
2.693609787251585175e+01
1.621624116801039506e+01
8.995504653916460924e+00
4.075132936905645487e+00
1.074178603931947196e+00
4.213785894036321052e-04
2.561379890884148414e-01
3.178382441216620526e-03
2.408038294332152063e+01
2.008141717075459098e+01
1.370440231025809830e+01
8.989255336016306330e+00
5.366560401012522519e+00
2.688984695139036152e+00
9.657256937903262450e-01
1.836520196084605039e-01
4.684063563038275146e-02
1.251865953525620467e-01
8.598705735306138465e+00
7.774210946499754193e+00
6.061512770791985361e+00
4.306431601543426524e+00
2.731822142248279572e+00
1.475796057393796490e+00
6.516948593588596239e-01
2.785164649573745876e-01
2.141576553365970026e-01
2.787372635554808409e-01
