-6.354707555053225576e+01
-4.487853966009284079e+01
1.740958710163078349e+00
1.016807508083048539e+01
3.017416914310593867e+01
5.595224097405450436e+01
6.880713179497163878e+01
5.284912153533242218e+01
1.317263977885489723e+01
1.025171349240235674e+00
-7.020308282734082184e+01
-5.219433641572460658e+01
-3.433556776584381254e+01
5.901291540917887220e-03
2.420904130560703393e+01
6.570828964723185095e+01
1.685311058804540494e+02
2.795637836715526987e+02
5.032406670303230811e+01
4.092370554202117816e+00
-1.047786915396446261e+02
-8.828105769208158904e+01
-6.834673863888808398e+01
-4.393358756967233347e+01
8.623148537320057372e+00
2.439849185995429934e+02
-1.801985529363230398e+02
-1.080378626627947938e+02
-3.207041295348670928e+02
9.663365655133917542e+00
-1.612956311906740439e+02
-1.580956616047129444e+02
-1.573629760630466023e+02
-1.728325499424136638e+02
-1.818699558602868649e+02
-1.441562225451898271e+01
-3.187933161823904271e+01
-3.421301218845579228e+01
-4.172024360640829599e+01
1.685519723782924117e+01
-2.708329045467883702e+02
-3.612810729397361342e+02
-1.021097481160616780e+03
3.145921171023463216e+02
6.627968524223949487e+01
2.184060068018667522e+01
-8.861493197421850709e+00
-1.500078998520508655e+01
-1.949548801788087360e+01
1.744384563754795892e+01
-6.130900787793074187e+02
8.471114026961060517e+03
3.052184262617179797e+02
1.021385681729185251e+02
3.932935791939404879e+01
1.125793983208767735e+01
-1.736636377222037897e+00
-7.592902475544243579e+00
-1.243355406414356423e+01
6.409933259334476219e+00
3.838052381308874828e+03
3.552645036286011759e+02
1.360008240732907154e+02
6.290543057663303017e+01
2.783035817549777491e+01
9.878669063988935406e+00
1.018916182100020995e+00
-8.308456618717464437e+00
-2.521281100471860626e+01
1.184504233059590961e+00
4.474643612193475519e+02
1.744725028447051614e+02
8.560260619221283207e+01
4.264826961720154941e+01
2.002017381748039426e+01
7.666281970183678851e+00
1.378134006911810427e+00
4.710712977979513716e-01
1.582669153495779968e+00
9.522741042386610733e-02
2.144325535202637525e+02
1.107148143949088279e+02
5.756157933649155467e+01
2.959131550393604115e+01
1.399422854460826571e+01
5.321429530363412042e+00
1.020756455603452073e+00
7.549591875752222070e-03
7.459903530950702522e-02
1.429903616769700667e-02
1.264863488757029444e+02
7.161925889097784648e+01
3.889424522325418110e+01
2.000169895357356964e+01
9.138604095986154974e+00
3.192068800551336683e+00
5.554366981006233495e-01
2.122840360933319140e-02
2.426145593171271861e-02
1.384314454171335917e-01
