1.006286723082856014e+02
9.152918800359001352e+02
1.785741163430159759e+03
2.752670881402659688e+03
3.938071737096562629e+03
5.606447381492806926e+03
8.572510199224558164e+03
1.643942754934244658e+04
7.525165053241277928e+04
2.055983111560856196e+04
-5.955830256433052909e+02
3.607571164514214956e+02
1.434711470242743417e+03
2.720895231272389537e+03
4.493768711172641815e+03
7.666266811905811664e+03
1.788287042212261804e+04
-6.492611359024522244e+04
-1.115697983264460345e+04
-7.010835661788969446e+03
-1.613568679232039585e+03
-5.108085230846116929e+02
8.608777798868936770e+02
2.778520740374815887e+03
6.399210452171920224e+03
2.305464855682335110e+04
-2.081074392220334994e+04
-7.073832477293103693e+03
-4.014510851442938929e+03
-2.736028446931295548e+03
-3.232203692266722101e+03
-2.110388585479293397e+03
-4.001407115614982786e+02
3.445997321524676408e+03
-7.578997810184281552e+05
-7.814294585254147023e+03
-4.215117704235472956e+03
-2.759795691547647493e+03
-1.914614036089035153e+03
-1.384657894113696557e+03
-6.323317381945021225e+03
-6.461425630555618227e+03
-9.175736121643838487e+03
-4.265129422177992069e+02
-2.070499160423308695e+03
-1.974332451222976943e+03
-1.646132028804655874e+03
-1.294564051949056193e+03
-9.827112177568869811e+02
-7.379490074319323867e+02
-1.547180462611435905e+04
-2.239939616260118783e+05
6.322978246257882347e+03
1.112499573188025579e+03
-2.316518946114646837e+02
-6.415866288900219843e+02
-7.028447237701966515e+02
-6.255204446241993992e+02
-5.047801471396864486e+02
-3.899720650527020780e+02
2.618812058040061384e+05
1.060523374619939750e+04
3.422444367680050618e+03
1.192253427182846735e+03
2.642464664709403905e+02
-1.309472729930496371e+02
-2.696284109946540184e+02
-2.835893112502053555e+02
-2.445076462169207900e+02
-1.958018643661949909e+02
1.615091739443685583e+04
5.686351331632466099e+03
2.506230687798808049e+03
1.112195031788861115e+03
4.273540027593908235e+02
9.189086589157470542e+01
-5.525717902142363869e+01
-1.016257475976981510e+02
-1.004406314952502868e+02
-9.219754031947408635e+01
8.449099895832090624e+03
3.913698301338311921e+03
1.969360432297953594e+03
9.889910563083855095e+02
4.642729651559782269e+02
1.867410872473900838e+02
5.119502708734087548e+01
7.639724517376779156e-01
-3.240841800834844832e+01
2.641264500236634394e+00
5.566526607707118274e+03
2.907872446235548523e+03
1.580292729452118238e+03
8.552526617026588838e+02
4.460236881558405457e+02
2.186455608660095606e+02
9.967694309114266105e+01
4.293129159722802513e+01
1.802474991039204610e+01
7.558192835358495287e+00
