-2.334278480605061077e+02
-3.832849857781475293e+02
-5.410226563364813046e+02
-7.243321455540396983e+02
-9.513412304372329800e+02
-1.285095488235742323e+03
-1.990255876747188722e+03
-6.441168395771314863e+03
1.425915476726230281e+03
1.641707389528444594e+02
-1.383107977798545960e+02
-3.426344088382099358e+02
-5.670828758296346450e+02
-8.339188019232512943e+02
-1.205818592946613535e+03
-1.904747776880446054e+03
-4.354860456492744561e+03
8.361951416362797318e+03
1.426416078452735064e+03
3.313250987230939018e+02
-1.238970941808317328e+01
-2.813881155504381013e+02
-6.086694258201724779e+02
-1.067808589131603640e+03
-1.954418280289700760e+03
-6.134972039952390332e+03
5.132601494277212623e+03
1.582003227323988767e+03
7.820623652411314879e+02
3.369307913929683309e+02
1.988892030526547785e+02
-1.577645572280999602e+02
-7.071731198146312636e+02
-1.987643714714664839e+03
-5.710632750449874584e+04
2.541011353728814811e+03
1.170128250118874348e+03
6.851279377106287711e+02
4.245895348654569830e+02
2.355875740759466055e+02
6.060120521299421625e+02
1.766358654276872358e+02
-1.419891715550309073e+03
2.875447072770684372e+03
1.204230409348618650e+03
7.647243768634216394e+02
5.191038395035371877e+02
3.551113402914842254e+02
2.388259857466884739e+02
1.445915858040883109e+02
1.726147492745805266e+03
5.226767998930492467e+03
8.562517696498876774e+01
3.974746751295485865e+02
4.031877491979838624e+02
3.412954636942519642e+02
2.654756444250199934e+02
1.948065359043499427e+02
1.356195022434746136e+02
8.309769414497897344e+01
3.682735884045335115e+04
-1.288900453248566919e+03
-2.028000776036764137e+02
7.864465245968854390e+01
1.574969285258767968e+02
1.634570224295092657e+02
1.396864280483729885e+02
1.071829553266944686e+02
7.539573874969734391e+01
4.370072947952120757e+01
-2.863790638878619120e+03
-7.749585787925645946e+02
-2.372031809538172240e+02
-3.826290045033253762e+01
5.023640252350511304e+01
7.412950217324835478e+01
7.092776855814960868e+01
5.664631329167185925e+01
3.904603587555105548e+01
1.880712074347770724e+01
-1.507647705348056206e+03
-5.760378695883887303e+02
-2.319333975060049795e+02
-7.601452094499994416e+01
1.384400879213335767e+00
2.654691933752481603e+01
3.191828094648248282e+01
2.660195286941521786e+01
1.626377356699942922e+01
5.334161549527337343e+00
-1.048867442078412523e+03
-4.614965896412329585e+02
-2.129870093314655719e+02
-9.081376489030873245e+01
-3.251785863214252714e+01
2.589543222554568036e+00
9.621349340356072588e+00
8.310116235774721360e+00
3.732400622362832987e+00
1.127865681078542792e+00
