-1.001879390778725138e+02
-1.011816422384571439e+02
-1.059520414133747011e+02
-1.210451863609679464e+02
-1.425915251947976969e+02
-2.016009098259807786e+02
-5.567079718398208570e+02
1.243000530133761288e+02
1.725362780142686603e+01
2.986513606102781715e+00
-8.752003285007502598e+01
-1.079043000711841245e+02
-1.304028894109925432e+02
-1.575226455714123972e+02
-1.977678126131642955e+02
-2.954737437543751071e+02
-8.981985474972401562e+02
2.706381759386399040e+02
4.357040053413047787e+01
6.678070822239039472e+00
-9.402525655856300091e+01
-1.299470217092463713e+02
-1.726989459440676171e+02
-2.339028100161021939e+02
-3.593017525925316704e+02
-1.041473376387676581e+03
6.434718261048419663e+02
1.698592731642106912e+02
5.618073450047658213e+01
1.134832667505002846e+01
-1.004606805417167124e+02
-1.651390026929951489e+02
-2.655136591859999271e+02
-5.057589301454013366e+02
-6.259598315016198285e+03
4.775772212387745981e+02
1.864693295478442394e+02
9.307790288448774163e+01
4.446909939731165196e+01
1.301428434454344085e+01
-1.065273493965817551e+02
-2.486598094558635808e+02
-8.006983429637718928e+02
1.113651494685631633e+03
3.173607892681087606e+02
1.623975586660462227e+02
9.329298431069391029e+01
5.455007610536083007e+01
2.963589074503762433e+01
1.069716686529843486e+01
-1.214183338168543003e+02
-1.562665442274135557e+03
3.910280691660203161e+02
1.965141290538510646e+02
1.260757682747240978e+02
8.252043891376868601e+01
5.313188743232555566e+01
3.285553368289274800e+01
1.841225945197932035e+01
6.967954881219605490e+00
7.928195403183782446e+02
1.313370530610261540e+02
1.020103069110352436e+02
8.295628536306067247e+01
6.333322548035956601e+01
4.573469852854056938e+01
3.096009750565845664e+01
1.942740520451339492e+01
1.058031588543524570e+01
3.714381531320113172e+00
1.017121725162636880e-01
2.244926028606197477e+01
3.726536447080869152e+01
3.770682663924424816e+01
3.252658083922607091e+01
2.503284735483979517e+01
1.736619130110926434e+01
1.070330443741251436e+01
5.250745767290660559e+00
1.628821166849904412e+00
1.748912551421732076e+01
5.027036917600001820e-01
1.054129706952991619e+01
1.526113175581714110e+01
1.524724130009559886e+01
1.249866539978591717e+01
8.711508460953522714e+00
4.964802706530448972e+00
2.002024681945141271e+00
6.924128554454959117e-01
2.593595782620825929e+01
1.807584162128735850e+00
8.654503189280913222e-01
4.052046514911503472e+00
5.456755693681123454e+00
4.898270561588017102e+00
3.284827956544805083e+00
1.605893173108526417e+00
6.737948903411665746e-01
4.150429454854087652e-01
