-4.283852302349463059e+01
-4.177685742105074951e+01
-4.720386089731726997e+01
-5.699842628665665245e+01
-7.359799392646142735e+01
-1.207541579078691996e+02
-3.199058268268566962e+02
1.843417697451699269e+02
3.677898334369986344e+01
9.398540387812785113e+00
-3.788027694948844015e+01
-4.258887157461637685e+01
-5.100181046922899242e+01
-6.496749053895909753e+01
-9.104931503476933585e+01
-1.722174219691818848e+02
-1.546691240837948726e+03
1.544065195463964244e+02
4.773055574704211779e+01
1.445598135414081753e+01
-3.981603952034823379e+01
-4.815878907807702802e+01
-6.202724696938121696e+01
-8.905190710332928461e+01
-1.656495386548054682e+02
-2.930419152656645110e+03
1.725485288498813361e+02
7.321839321917101984e+01
3.691923898134969306e+01
1.526908624813852988e+01
-4.628627931413040386e+01
-6.164330654815167065e+01
-9.417191926783473832e+01
-2.160031028913415980e+02
5.116769920942815588e+02
1.121988214265754920e+02
5.832708344658624355e+01
3.625547564451700566e+01
2.278539910355752340e+01
1.183257901668774004e+01
-6.240504383397724553e+01
-1.064396401499134726e+02
-4.474386572020263770e+02
1.747883226982393410e+02
7.081458598948289307e+01
4.117965280004999329e+01
2.730467313096529836e+01
1.900884285616714209e+01
1.299254700978835686e+01
7.520919341432614758e+00
-1.231336902414118697e+02
1.793124389576582189e+03
9.415137242897202441e+01
4.445803317642241126e+01
2.887227310940726355e+01
1.956693922609298752e+01
1.387218532011260663e+01
9.964167214770132119e+00
6.931444371076054267e+00
4.116600726591586934e+00
3.595591383314972518e+02
6.642483422181121000e+01
3.248044853017509581e+01
2.114976019691782128e+01
1.406315626538920860e+01
9.777139293281061683e+00
6.922972083509774777e+00
4.886497615796242755e+00
3.301161577742479203e+00
1.915501771959843946e+00
5.372342935869718161e+01
2.688150244822011103e+01
1.555675877951290786e+01
1.085601880185716617e+01
7.077886938700864938e+00
4.697489904311176190e+00
3.123906636100555634e+00
2.049563397536644516e+00
1.288698011197012772e+00
7.521394849115937697e-01
2.194307935965663958e+01
1.320600890893189927e+01
9.487178770414308460e+00
5.731123132959648814e+00
3.435157120826255905e+00
2.015146512802708845e+00
1.150045505242415000e+00
6.500306294037059285e-01
3.950160292028083719e-01
3.010453142927007053e-01
8.998829757342374336e+00
8.734695399341767086e+00
5.219780566208000572e+00
2.928265606837981316e+00
1.520291835976906869e+00
7.160482734029831597e-01
3.148410428225585367e-01
1.628060399571900352e-01
1.456034467852043990e-01
1.954954793198753760e-01
