-3.623003611683304115e+01
-3.164851847220690928e+01
-3.416905400217955702e+01
-3.956002507149209180e+01
-4.918394013525447406e+01
-7.255330369769424692e+01
-4.675038166912206634e+02
5.733976292581846224e+01
1.360315682325916953e+01
3.770907503982972475e+00
-2.750672016960512778e+01
-3.125062986554015509e+01
-3.730729005837167733e+01
-4.643862119526710330e+01
-6.263601588885588711e+01
-1.183315350868589206e+02
-3.527924763208412514e+03
7.475207505934936592e+01
2.145879233766305916e+01
6.166625403507393521e+00
-2.518457370225452863e+01
-3.329633845270137016e+01
-4.466132812627846249e+01
-6.408353235890901090e+01
-1.138590521980468822e+02
-1.080751750529386072e+03
1.215875809658604538e+02
4.601042152416226116e+01
2.043730899689165881e+01
7.425024279893668755e+00
-2.330997687004536090e+01
-3.740578720060400286e+01
-6.275295613093279457e+01
-1.415065383873991607e+02
6.246308644635753353e+02
9.117102365441979828e+01
4.387884868980470543e+01
2.525011750007049116e+01
1.436156228139449098e+01
6.557929819715285547e+00
-2.164497983107207801e+01
-5.029311340009841302e+01
-2.120231824064985062e+02
1.439504766946888310e+02
5.754941302753033483e+01
3.320101292718128860e+01
2.135696902247373430e+01
1.408647864102139557e+01
8.888572803523882015e+00
4.616264987598187375e+00
-2.340762286070852838e+01
2.778701422425099736e+03
4.880336957465611647e+01
2.845577919190900928e+01
2.146131994453946135e+01
1.543676089656538331e+01
1.105805741676787690e+01
7.715999106993979950e+00
5.042696857377214847e+00
2.747855947763551132e+00
2.129895762160653305e+01
1.113597992251959390e+01
1.004215131320954235e+01
1.042858537377579786e+01
8.863175515950478811e+00
7.142629180991989735e+00
5.434801142910160365e+00
3.883181433627994839e+00
2.535525421141635594e+00
1.397482724703010604e+00
7.571270249157653620e-02
8.864163592368647926e-01
1.762403480266887534e+00
3.118271008159719138e+00
3.150664173091848763e+00
2.809071202528498734e+00
2.246309131230270761e+00
1.622731776557302164e+00
1.052228542713768977e+00
6.212950309741017696e-01
9.709919861048224021e-01
1.574674082920174412e-01
2.018903513243784920e-01
4.782403153523063222e-01
6.741021177321897540e-01
7.166514375943553450e-01
6.277912646929836304e-01
4.813836747591466181e-01
3.539081144389505384e-01
2.920343436087532440e-01
2.469699346411750263e+00
3.033668864041934587e-01
9.550056455491487406e-02
5.858942881204896175e-03
1.000214194871034204e-02
4.460879219336714996e-02
7.495536221807604094e-02
1.033340935199097282e-01
1.466228839726753108e-01
2.088818367606039561e-01
