-5.744097524137809074e+01
-5.890089245544521646e+01
-6.282152023485845405e+01
-6.867930930040387238e+01
-7.827061301033317875e+01
-1.105445036143936051e+02
-2.574801833920233776e+02
1.126888087081152463e+02
1.893460943995712853e+01
4.292331938922393064e+00
-6.151729840641668545e+01
-6.854226011889424797e+01
-7.753553553225016515e+01
-9.009686511342594883e+01
-1.113884925516864826e+02
-1.734384433823172174e+02
-6.813093633410502434e+02
1.498671283780446970e+02
3.434918262817610923e+01
8.208080272339698169e+00
-6.952537680842479517e+01
-8.387420895018485112e+01
-1.034611420204085874e+02
-1.361233757926067938e+02
-2.148394322435566437e+02
-9.144091040881755816e+02
2.643287142134667533e+02
8.531607774100058350e+01
3.480688709654835833e+01
1.132076461164408876e+01
-8.118972523923034146e+01
-1.106539490647820827e+02
-1.629956750880325842e+02
-3.149975819263377161e+02
3.649169909677289525e+03
2.150090415776380723e+02
9.228741682691860149e+01
4.898051726753406143e+01
2.616899985764346326e+01
1.117608452076863834e+01
-1.019257401088662220e+02
-1.802258362944725434e+02
-5.391746865724970803e+02
5.194545392938285886e+02
1.599809565800768212e+02
8.331750320964840739e+01
4.943659021896873895e+01
3.036135819269537706e+01
1.804285982986170112e+01
8.860421562371595172e+00
-1.643967086571651066e+02
-1.620168818449648825e+03
2.460004858610585359e+02
1.119970005528306416e+02
6.922979071644012095e+01
4.503145303378320818e+01
2.978016143656326520e+01
1.941644599360510526e+01
1.198553672465003039e+01
6.141980291550564353e+00
1.040125521072185848e+03
1.299680292434254056e+02
7.390568940309827894e+01
5.217966489843670530e+01
3.716964536728227841e+01
2.646647332507284034e+01
1.841624940653584375e+01
1.229913361529457561e+01
7.588984189861283980e+00
3.791577685172158318e+00
5.439395816268779527e+01
4.021634704481130029e+01
3.180008740166261916e+01
2.675491827548102819e+01
2.076382958910954457e+01
1.555494169059962140e+01
1.110236948249819022e+01
7.417491755500265960e+00
4.410592208091312472e+00
2.040250785593628713e+00
1.203476575826185702e+01
1.378607586835915910e+01
1.533099102177306072e+01
1.344303079108511056e+01
1.111377936974085046e+01
8.617603506034390293e+00
6.199641221748741771e+00
4.029474679239460677e+00
2.203218026708529287e+00
9.626956871855336662e-01
1.367913372376595049e+00
5.302893693800224462e+00
6.028023461207618006e+00
5.929314065844125459e+00
5.229759401830997412e+00
4.163896831863310055e+00
2.953373078000016694e+00
1.795129738851103163e+00
9.125749191466583365e-01
4.760598544767982165e-01
