-4.473226942176973608e+01
-3.860735381696927959e+01
-3.483537243787100834e+01
-3.365325140581042263e+01
-5.667073159533911308e+01
1.205561517239061153e+01
4.778741437021031824e-01
2.405994503024492387e-02
2.234064886107685333e-02
2.072745665356781272e-02
-5.188589260531121283e+01
-4.926998233869645816e+01
-4.722302300097935301e+01
-4.636731851399415660e+01
-5.024578910226159678e+01
-2.026345304238627421e+02
1.283892171632705903e+01
6.274504003041078137e-01
1.423495499153886509e-03
1.244959090445569606e-02
-6.608518774611317781e+01
-6.782583099814183925e+01
-7.113067772071666184e+01
-7.941652023135129923e+01
-1.089246243803163594e+02
-1.111551194796872551e+04
3.833573228485897033e+01
5.813449072133246354e+00
4.576889132503093593e-01
6.306611860178083784e-02
-8.821055213825539454e+01
-1.010746351411602006e+02
-1.258615105359155280e+02
-2.054440508760714579e+02
1.671102696566566465e+03
9.217773758520087313e+01
2.952540457399378937e+01
9.520184772536643081e+00
1.916319455519562176e+00
2.744511928420861335e-01
-1.288315370611880439e+02
-1.861586425890342298e+02
-4.462744740789479465e+02
4.174270851198562582e+02
1.035364578576704133e+02
4.400677473590751987e+01
2.044773942969001368e+01
8.821319815378762641e+00
2.820991742201919728e+00
5.852521575115007257e-01
-2.444187953627324816e+02
-1.389323208972881503e+03
2.704466085359114231e+02
9.890234046464246376e+01
5.098874564673197085e+01
2.741986077065819316e+01
1.454352956889692727e+01
7.057685735539413585e+00
2.735214166607885300e+00
7.441507445682988831e-01
1.027931601237547511e+04
2.170115125813982786e+02
9.422779084603584465e+01
5.351294972837193598e+01
3.145017460921277674e+01
1.847348231542130037e+01
1.037669265184721823e+01
5.280138041451627906e+00
2.197457344416296365e+00
6.975793033184173320e-01
1.826829300018678168e+02
8.752748253979399351e+01
5.101844911307750863e+01
3.310672415943216151e+01
2.076057230953642829e+01
1.266307383861916236e+01
7.259148403364805269e+00
3.720767017445351321e+00
1.562516935730213108e+00
5.544444084347444068e-01
7.413021594442442108e+01
4.689346965420622126e+01
3.278724288432379552e+01
2.152637888081700268e+01
1.388371448415381515e+01
8.559314545007387309e+00
4.877978425173538746e+00
2.435788479738353995e+00
1.002515389164009951e+00
4.198291167797691958e-01
3.444184535638013500e+01
2.977993270789584201e+01
2.066826339619365882e+01
1.397333454725366764e+01
9.081050875586651472e+00
5.535484245824937588e+00
3.044962354096817592e+00
1.434105429392202868e+00
6.087353492389024900e-01
3.429868632247755622e-01
