-3.205961442846930964e+01
-2.968070583930853346e+01
-2.950433840643762906e+01
-3.198739495580644387e+01
-5.703053284317159921e+01
2.433229447373894416e+01
2.470705669563247664e+00
1.610368499358548755e-01
8.984951259346623739e-03
3.819851545130649451e-02
-3.145360837314134272e+01
-3.305940177589140916e+01
-3.513279393482847013e+01
-3.842990936936375590e+01
-4.718422989591182670e+01
-2.186881365757086826e+02
2.055428172220174332e+01
2.305904002434580047e+00
1.871336987255605711e-01
5.380449281056516597e-02
-3.483929484020480061e+01
-4.039051764703278735e+01
-4.751524839061148242e+01
-5.952581525133724938e+01
-9.418417486358383428e+01
8.952664347985622726e+02
3.721930564806857689e+01
7.949931296373296874e+00
1.188280131431501241e+00
1.813182403513766694e-01
-3.991967450629805114e+01
-5.295097698749455617e+01
-7.548071406415547813e+01
-1.432518184100780161e+02
6.703174669339299498e+02
6.905538129981347595e+01
2.523073743089205934e+01
9.517140685369311015e+00
2.580384557381324662e+00
4.778151106945451310e-01
-4.865712721484118930e+01
-8.431250940896796919e+01
-2.465172254126559039e+02
2.201562785613902804e+02
6.589091352537158741e+01
3.128196154075370927e+01
1.606539496880445483e+01
7.726413046486866776e+00
2.919186734744708467e+00
7.465601099579693978e-01
-7.438499275633914465e+01
-6.160905699501928439e+02
1.130833149304175720e+02
4.890567465822825000e+01
2.943671359551274946e+01
1.770597196139029705e+01
1.038317119357611240e+01
5.558696450758256802e+00
2.435416631872177273e+00
7.776542948782422249e-01
6.878598215677531016e+02
5.915328980647896628e+01
3.261506473526779359e+01
2.306076277279588993e+01
1.573381228931080678e+01
1.048300812444280439e+01
6.563947238386110605e+00
3.687438441399135680e+00
1.713643296985719822e+00
6.259244623101687388e-01
2.289123720925138628e+01
1.677686973969984052e+01
1.313977491024396649e+01
1.138204154283237735e+01
8.526802861983060922e+00
6.019895292689657396e+00
3.896023102604210919e+00
2.219960636939772858e+00
1.048740330912696361e+00
4.348726825231049031e-01
4.216169795642702667e+00
4.990562957234364383e+00
6.199029011654165977e+00
5.362538322689290204e+00
4.303078215772287329e+00
3.157557205772316689e+00
2.071193538609822138e+00
1.173898040245874741e+00
5.699150012508182872e-01
2.983599524644005019e-01
2.325195616722059433e-01
1.938342031894851658e+00
2.199646966175245577e+00
2.149508334037400381e+00
1.852437484214715324e+00
1.408522305915757666e+00
9.342062291049361145e-01
5.422108955793980556e-01
3.125443336559333152e-01
2.410863379961260544e-01
