-8.047197310267512194e+01
-4.592864852348836990e+01
-4.944813515034383755e+01
-9.190027000636902699e+01
6.184662619456272381e+01
1.741279504158025304e+01
4.754222619106403869e+00
1.362713374305107195e+00
5.000656945803743092e-01
3.159270519998865767e-01
-2.485461128475560955e+01
-2.769585134401707904e+01
-3.273156303391288446e+01
-4.264150836285734414e+01
-8.640724007939631690e+01
7.728250980834084771e+01
1.284264405424257127e+01
2.994726142911738886e+00
7.642691449661912495e-01
3.292218498135234261e-01
-1.978227001190745327e+01
-2.569060091681004465e+01
-3.383641614396500330e+01
-4.890684442395599518e+01
-1.153267181427108738e+02
9.524252222944106450e+01
1.891868762859663633e+01
4.922672562929074402e+00
1.134019072972068498e+00
3.535611028719353177e-01
-1.691104505121131396e+01
-2.607428595204946120e+01
-4.212480517309676031e+01
-9.325990940798634199e+01
2.296121992988429668e+02
3.866759270364879342e+01
1.421457722542666957e+01
4.915872251976129981e+00
1.278009427129817688e+00
3.459988569821124682e-01
-1.432419270469518580e+01
-3.028598164858789588e+01
-9.890701605004581154e+01
1.081966627096409468e+02
3.512467530259571191e+01
1.671294789333583353e+01
8.133091496233316064e+00
3.360915244729431706e+00
9.935053698235981612e-01
2.699682360169013973e-01
-1.239097082661990790e+01
-1.112246771862969439e+02
3.639913286216271615e+01
1.747340390468610494e+01
1.228943957822524169e+01
7.444010610467855393e+00
4.051088484166372794e+00
1.761402511665710824e+00
5.306081110539162538e-01
1.560931800285969839e-01
4.657236189814292970e+01
6.720883155078765547e+00
5.490312486668113223e+00
5.729706764427937138e+00
4.355449794513080342e+00
2.928176434997704636e+00
1.625266292213115360e+00
6.597903014773676134e-01
1.764178393391426236e-01
6.811903128216253989e-02
1.865366750496971204e-01
9.285273879164078481e-02
4.471274501718638938e-01
1.184690906978233427e+00
1.086523984281253741e+00
7.682709527934078464e-01
3.881508805352866243e-01
1.171041324763436586e-01
2.427432497388083005e-02
3.069584345089928709e-02
2.589282895887502267e+00
9.078962344130719897e-01
8.900220406649001284e-03
1.562104502572931979e-02
4.395892189072752448e-02
3.269175481426284113e-02
6.433113726855997118e-03
1.059213650062308654e-04
3.471803191654974636e-04
3.101785326512069771e-02
4.632999151763555368e+00
1.197686582915851616e+00
6.490294707375756644e-01
3.203648291520558300e-01
1.663711782212606294e-01
1.020259877840064416e-01
6.380959374981669263e-02
1.881402182640891721e-02
2.696012303133260915e-03
6.567931374719235271e-02
