-9.233371934641050416e+01
-4.460940733884233822e+01
-4.522449420204763015e+01
-6.781709250191181582e+01
1.400446363798707239e+02
2.217476795612705587e+01
5.680910579929040694e+00
1.586943813376725076e+00
5.558557049230917757e-01
3.302471333952124999e-01
-2.365813297685505390e+01
-2.651564469910959687e+01
-3.116783402443621753e+01
-3.924020098147454405e+01
-6.593675178520466318e+01
1.393668094609228945e+02
1.607107810645478452e+01
3.642120443491358550e+00
9.112533503158588566e-01
3.648154553196593097e-01
-1.766443467236186393e+01
-2.377063076237454808e+01
-3.169082517519879971e+01
-4.493134770485685436e+01
-8.994953865313728159e+01
1.466601230215993610e+02
2.285682238601652472e+01
5.958597159694240197e+00
1.410117450081642687e+00
4.194302996395588012e-01
-1.371866060365698914e+01
-2.266658200108632926e+01
-3.749317439585860257e+01
-7.790458287732298004e+01
4.499348562294849216e+02
4.481448327904161744e+01
1.614275238077127383e+01
5.787862352463941207e+00
1.611345277638586371e+00
4.360334215784359424e-01
-9.681405431850734544e+00
-2.322467285671816484e+01
-7.266634135664357075e+01
1.409789984358355923e+02
3.835395802247685282e+01
1.811314464722843454e+01
8.998138775870151207e+00
3.917778237433977573e+00
1.271954569147093705e+00
3.591035123454999201e-01
-5.250922983964019686e+00
-5.095056055719725663e+01
3.355577068805266094e+01
1.671761162946935642e+01
1.241577409367378593e+01
7.809676701696254497e+00
4.444693592054281162e+00
2.080144537078911782e+00
7.098752352614660088e-01
2.208962965110660981e-01
8.822399996116307985e-01
2.191906533251168909e+00
3.295350859677328881e+00
4.669556433772765303e+00
4.012395418796181445e+00
2.937164460320154546e+00
1.769837672553208341e+00
8.096203550847619335e-01
2.622816934420051926e-01
1.035515621712609358e-01
4.257338501150411680e+00
4.913203968131926169e-01
3.857417354058866130e-03
5.807339605533640148e-01
7.769853286222703215e-01
6.775546680311376191e-01
4.087396969157619520e-01
1.597323940268529086e-01
4.860091433259176863e-02
4.698825761940113310e-02
8.117797363377981412e+00
3.653319352581490431e+00
5.243675020731415337e-01
7.527424615878051950e-02
3.171115939179537917e-04
5.697231447047262573e-03
3.349722859800627686e-03
2.236166212878204474e-04
2.921980154507971758e-03
3.967228018616101443e-02
9.453960838163000702e+00
3.574225286345174446e+00
2.033098208778033822e+00
9.927776862484409826e-01
4.536694659602225621e-01
2.088324970981874640e-01
9.051908956184649691e-02
1.878817581774694725e-02
4.250956753426777743e-03
7.095920494126137235e-02
