-2.847493047152370949e+01
-2.728940662908164683e+01
-2.774473091066345987e+01
-2.915224406767868004e+01
-3.296054980811561563e+01
-7.329136906478348124e+01
5.861188354584397331e+01
8.442134844141856220e+00
2.174933147970818048e+00
7.730887117763174388e-01
-2.733928268395786176e+01
-2.980070067246888854e+01
-3.277765365386438390e+01
-3.678430228858483986e+01
-4.402336383259262220e+01
-8.137549976701512833e+01
2.122595459051901514e+02
1.872045508182474549e+01
4.353891831390820144e+00
1.203406392533777014e+00
-2.905702061377845169e+01
-3.475614729035127937e+01
-4.198494658064380047e+01
-5.334399169524909468e+01
-8.021354707342558754e+01
-3.916788419305680691e+02
7.545034119347816670e+01
2.046547783777160490e+01
6.248329155239317423e+00
1.714827391527920852e+00
-3.173099480740502543e+01
-4.282368536030094219e+01
-6.087998595897146004e+01
-1.061137489984130013e+02
-1.235349893620805688e+03
9.339745740174357991e+01
3.380200757730566608e+01
1.501889600690237359e+01
6.131519493405821031e+00
1.957372399212311542e+00
-3.626179046698698016e+01
-6.091765290010946643e+01
-1.399535823962192467e+02
4.508584004571638957e+02
7.716244209458487546e+01
3.529082440373962015e+01
1.879794995140009561e+01
1.002179932243928739e+01
4.762102638549765565e+00
1.748132926928878783e+00
-4.848526870429164859e+01
-1.783823363605453380e+02
1.499231026583371431e+02
5.197910129235552290e+01
3.036832343103481691e+01
1.841730376435510053e+01
1.117784232525228205e+01
6.416730869895109990e+00
3.226177543240858814e+00
1.270657525871012217e+00
-2.227065055913132028e+02
6.562086459283622730e+01
3.186951871786653712e+01
2.215023216291896446e+01
1.513259974467010949e+01
1.022285359536322602e+01
6.566834153836522248e+00
3.853671011219452325e+00
1.932882065639527358e+00
7.786058822323786988e-01
2.185720920954963731e+01
1.498381484457041957e+01
1.158874885562450174e+01
1.018219685007139930e+01
7.679367312275231505e+00
5.473370941464218653e+00
3.582602010790082225e+00
2.069347529304818689e+00
9.952417877880982422e-01
4.213887965510011435e-01
3.237378849668994363e+00
3.902848834999795624e+00
5.089124845992779811e+00
4.419185023488517494e+00
3.554492169564845039e+00
2.600422338550425483e+00
1.683435008907054886e+00
9.271241112771794191e-01
4.353757257513666823e-01
2.355803997280473128e-01
8.857323971238731386e-02
1.391857386936632635e+00
1.581101812105736970e+00
1.544221411500365404e+00
1.317458448347016864e+00
9.751943477279062522e-01
6.151506790282038617e-01
3.362649995152798832e-01
1.978713718734093074e-01
1.800867551449570336e-01
