-4.511452791976301313e+01
-4.452969523303040233e+01
-4.442249834784961848e+01
-4.467638167500330582e+01
-4.626146557774281121e+01
-6.460805116465924414e+01
-4.048413308666803800e+02
1.992438194981542665e+01
3.418853913778031384e+00
8.642039700459365203e-01
-5.266249516386186968e+01
-5.571560266932926453e+01
-5.899573995101278001e+01
-6.332572396083405408e+01
-7.114253467403885622e+01
-1.016430642582662074e+02
-4.391351087062465695e+02
5.061192851394815762e+01
8.979711767984445814e+00
1.805866252046053999e+00
-6.376306529035873183e+01
-7.237769934921909964e+01
-8.317162705634949305e+01
-1.002627697195630674e+02
-1.393285334841487497e+02
-3.898789635510910330e+02
1.933908990408526165e+02
4.609915142556842227e+01
1.400750931501610097e+01
3.335958201621928687e+00
-7.949871665307331625e+01
-9.987766367777258836e+01
-1.331408942704947833e+02
-2.153744906845575144e+02
-1.261114039696916507e+03
2.085527381577741721e+02
7.140886012851987630e+01
3.211386042455045242e+01
1.397784386560241288e+01
4.515199427728939341e+00
-1.057432698215766465e+02
-1.612469614287365687e+02
-3.346808395842081723e+02
1.379269017579803631e+03
1.810902678201429410e+02
7.945872195502234092e+01
4.182128104852638728e+01
2.275906211101207788e+01
1.161873423294488994e+01
4.612575138617570403e+00
-1.688581680297094465e+02
-5.170456497293847633e+02
4.839606341321839409e+02
1.480554415148834551e+02
7.871599307491560182e+01
4.621939162830786074e+01
2.787804347657637649e+01
1.647842067286212497e+01
9.014174853981380409e+00
3.935155256249416755e+00
-7.603469704111038254e+02
2.881803568565996443e+02
1.190809615158015333e+02
7.169766864707409582e+01
4.605930606108511682e+01
3.011972145929161826e+01
1.936749441165963503e+01
1.190877780654503049e+01
6.669424785874915607e+00
2.965118874952813233e+00
1.759826533812124296e+02
8.889820258648009599e+01
5.779630401497593795e+01
4.170598216474778042e+01
2.934092458736843056e+01
2.027350014803430511e+01
1.347334949030124562e+01
8.402940755608844015e+00
4.653472371284592235e+00
1.989067345091063643e+00
5.418808650278527494e+01
4.131930061529089926e+01
3.381957857141187418e+01
2.563733441446728278e+01
1.900661164156462135e+01
1.355112794309594904e+01
9.128524396852075284e+00
5.636447397790926850e+00
2.956142922346056690e+00
1.180888287662692049e+00
2.009099980052805989e+01
2.295767746667358011e+01
1.939488560222896751e+01
1.563332026356015803e+01
1.200872532881653498e+01
8.694858016751380703e+00
5.807491779207823335e+00
3.408820425806386112e+00
1.611655250988796251e+00
6.583054873123943551e-01
