-4.170645598363252020e+02
-5.763166773944947181e+02
-7.658144604616563811e+02
-1.001427645422622504e+03
-1.317259889570080304e+03
-1.802089575684841066e+03
-2.700459381416987071e+03
-5.385460657642194747e+03
3.914609824797667534e+04
2.774976399082622265e+03
-4.136861179689606161e+02
-6.223628889528953323e+02
-8.865540814803538296e+02
-1.245956591522337703e+03
-1.800155246976277340e+03
-2.879004814310906568e+03
-6.387098994789836979e+03
2.801715818621183280e+04
4.017435814781119007e+03
1.889562619136759849e+03
-3.917128707250101911e+02
-6.711027973288436215e+02
-1.065341124131583683e+03
-1.700946396894696136e+03
-3.039017560167882493e+03
-8.936188992255678386e+03
1.094579369468652658e+04
3.315582434485555950e+03
1.857539256335085156e+03
1.197968546420727989e+03
-3.420690165466435815e+02
-7.369867192658040267e+02
-1.425568854023506901e+03
-3.112341611832563558e+03
-2.016618080579348316e+04
5.578898597978414728e+03
2.497064795655046510e+03
1.567152522403353942e+03
1.093825447457150176e+03
7.931969590147435838e+02
-2.425366132617937183e+02
-8.783243108239859112e+02
-2.884818628947021807e+03
1.898887353252660978e+04
3.042311912448017210e+03
1.761049881847864981e+03
1.232980534802374905e+03
9.206959765572214565e+02
7.047040778433816968e+02
5.417637508439764815e+02
-1.276501730977577509e+01
-1.721788968861741523e+03
3.446147223419736292e+03
1.561641192659646549e+03
1.129237428982690290e+03
8.921700029142226640e+02
7.218072807437071106e+02
5.853689467147114556e+02
4.718085082183762893e+02
3.753881736112437011e+02
1.798829018924834600e+03
3.635727304293580460e+02
5.818167645034437783e+02
5.979182163746759215e+02
5.649357372544718601e+02
5.119501370091557533e+02
4.494587672795736353e+02
3.841291671991469912e+02
3.205374331406894726e+02
2.607023992495237508e+02
-1.325087268269648348e+03
-1.564879333408642879e+02
1.509614798145431109e+02
2.643531212342063554e+02
3.035273377378119903e+02
3.051904970676624771e+02
2.855265727352119143e+02
2.543154184871632992e+02
2.179649929783621474e+02
1.795329260867288781e+02
-7.615086798757259885e+02
-2.347525011876176961e+02
3.222662845592338510e+00
1.070164855304226137e+02
1.608839439978953294e+02
1.813854286055641012e+02
1.808550362204019848e+02
1.674567626071546442e+02
1.466503714365970268e+02
1.203202401223367417e+02
-5.878834451795878522e+02
-2.448952495117539456e+02
-7.610694576107863440e+01
2.523760141292134307e+01
7.769425578902314555e+01
1.039693226768635839e+02
1.120587379795369856e+02
1.079763250326700614e+02
9.538278181498144193e+01
7.376623567432037021e+01
