-2.290213386529536024e+02
-2.649939972732596516e+02
-3.072126718606347140e+02
-3.596713404559616265e+02
-4.313728155253672298e+02
-5.515582079738101129e+02
-7.879068045841113417e+02
-1.724581992395501402e+03
1.844537478633761111e+03
2.754782062304047372e+02
-2.644969307005140422e+02
-3.194024003775125493e+02
-3.873598508590044958e+02
-4.796871659840449524e+02
-6.245863680532486342e+02
-9.207051706718611968e+02
-1.927139505872750988e+03
5.990333034719622447e+03
9.042985086250371296e+02
3.447725617110952498e+02
-3.096246976767058641e+02
-3.962350529373969152e+02
-5.162719370821711209e+02
-7.106393439689703655e+02
-1.127609717192992548e+03
-3.019511047480135403e+03
3.352743428484998731e+03
9.420045776388168406e+02
4.859549142403614042e+02
2.761144116338538765e+02
-3.728409081405642382e+02
-5.237221542863356945e+02
-7.848016888801248570e+02
-1.431398018943010129e+03
-8.053739496389113810e+03
2.008770459243803316e+03
8.171848641304283092e+02
4.718470266095970942e+02
3.044658993990891531e+02
2.007987115454631635e+02
-4.800065790588923278e+02
-8.124349618780396440e+02
-1.867717023723127795e+03
9.939828107992287187e+03
1.340770372220022409e+03
6.819951710307288977e+02
4.293329188136830226e+02
2.926661111930865786e+02
2.062922290509098104e+02
1.451715931157919499e+02
-7.404720130662224165e+02
-2.445206895575959152e+03
2.802728033523932027e+03
9.355961799912180368e+02
5.531341632193446003e+02
3.755554877195075392e+02
2.691450264698340220e+02
1.971370307936951178e+02
1.452029267938169710e+02
1.053387396247609331e+02
-2.907523218939531489e+03
1.472356410495216778e+03
6.591850642292434941e+02
4.332459025990872874e+02
3.147958037969987117e+02
2.373889024601925541e+02
1.809465927405437355e+02
1.377375880607255283e+02
1.038959125025144345e+02
7.619893056966851930e+01
8.296934882280513648e+02
4.453590159790296639e+02
3.193887134871728790e+02
2.500432242762567796e+02
1.990243496087263679e+02
1.586793455684774017e+02
1.253718308631028577e+02
9.763628992154151831e+01
7.449892692137638051e+01
5.415769069000529612e+01
2.554752496258129213e+02
2.126585845692216310e+02
1.835255110743833882e+02
1.559032679936290435e+02
1.311621107030011046e+02
1.084319473483450338e+02
8.771417386466313815e+01
6.920369040116169401e+01
5.268029507775255382e+01
3.646983128207814673e+01
1.029317380421286288e+02
1.156069294823931841e+02
1.096629852021390690e+02
9.957619970847891011e+01
8.738701767845880397e+01
7.422955385010833140e+01
6.096228241536642400e+01
4.808407100188677674e+01
3.523648017151751333e+01
2.093380357022743965e+01
