-1.610716024360810366e+02
-1.870985624841532342e+02
-2.148786980939648856e+02
-2.464191555940652449e+02
-2.868559760485484844e+02
-3.493648838209666678e+02
-4.976743460644131005e+02
-1.306089033622933584e+03
4.751954859463386924e+02
7.251964488855553270e+01
-1.857902549158255852e+02
-2.311614822087523748e+02
-2.828288208968583604e+02
-3.478772821338582730e+02
-4.441948244086077580e+02
-6.361813236725186016e+02
-1.270185070224599713e+03
3.900607101416244404e+03
5.136426010613660083e+02
1.571022010853419602e+02
-2.109116608491946181e+02
-2.861396783736529983e+02
-3.830941449972974624e+02
-5.298734320911668192e+02
-8.269180008141424878e+02
-2.063405775100204664e+03
2.757305261115849589e+03
6.890657880796196650e+02
3.331137864992194864e+02
1.691433197794546288e+02
-2.376445570685603741e+02
-3.671039390744620619e+02
-5.762838513920256673e+02
-1.057679483300464426e+03
-4.927285537840728466e+03
1.687685159130796137e+03
6.480678379611131277e+02
3.614901579748899394e+02
2.246711529660672113e+02
1.394532203517562721e+02
-2.729063917661738969e+02
-5.340162878174784282e+02
-1.292251801333800131e+03
1.186735613172331250e+04
1.116420251213244683e+03
5.583026041356586120e+02
3.465094068235210329e+02
2.317248036384704051e+02
1.592526265604434172e+02
1.076978833174258341e+02
-3.474741453455565647e+02
-1.374792663128720733e+03
2.223442448070196406e+03
7.365737177322781690e+02
4.467456861539358215e+02
3.070126532137213076e+02
2.200448450556129956e+02
1.596990425821404642e+02
1.156847649798745579e+02
8.154040252339697759e+01
-8.858403841072318983e+02
8.753198636653448830e+02
4.495639894326918693e+02
3.243340958323057635e+02
2.486519440415410429e+02
1.929854675502838859e+02
1.488443884410982605e+02
1.132994105373655032e+02
8.471664598374253785e+01
6.078817374646585137e+01
1.847267628160713002e+02
2.063366236970837804e+02
1.955932139994982890e+02
1.771525738693414951e+02
1.528078212644182088e+02
1.275272004825937415e+02
1.031961006791014626e+02
8.113837622767835001e+01
6.184454512743327115e+01
4.411039132925640160e+01
1.092058174876770238e+01
7.030285792293746283e+01
9.863068482092432987e+01
1.031558259155244173e+02
9.717604681480632678e+01
8.575478368123307860e+01
7.201543079494169319e+01
5.794952322400366285e+01
4.433660255963230412e+01
2.991303660984933899e+01
6.338351015932071952e+00
2.252515416837161766e+01
4.896622271726393905e+01
6.052615652573705773e+01
6.208905255976095106e+01
5.763468083014060284e+01
4.987249282369968739e+01
4.047454020099620209e+01
2.974390704112410688e+01
1.683964014010788190e+01
