-3.881167588000011648e+01
-4.766514851750945780e+01
-5.977977547933776492e+01
-7.569715382699794759e+01
-9.803847519772401142e+01
-1.347563035922520100e+02
-2.432345323774385406e+02
-7.628925248418991941e+03
1.165930507028327412e+02
2.500367371756503587e+01
-3.569547637392516037e+01
-4.903052158374833169e+01
-6.617751672051115008e+01
-8.962537936256661908e+01
-1.258552816853546972e+02
-2.039181839185178546e+02
-4.681564510444065945e+02
9.035451517020513847e+02
1.551880390803305829e+02
4.533823924338874178e+01
-3.310813603318131726e+01
-5.119679311899047036e+01
-7.657433374607221310e+01
-1.167103823881690658e+02
-1.981187700972038499e+02
-5.279405404425399411e+02
9.155280521824904554e+02
2.252386926234686086e+02
1.093082498765470376e+02
5.005226508217457848e+01
-2.944226877790408636e+01
-5.426085262252553321e+01
-9.725039536340045743e+01
-1.960772770840053738e+02
-8.677589079806408563e+02
4.466108079309456116e+02
1.769339635124819381e+02
1.049480089287528415e+02
6.791616980475231458e+01
4.011960211353256511e+01
-2.435935744479207088e+01
-6.144301995758567614e+01
-1.736896456226614589e+02
5.497811736418193505e+03
2.263689844814933565e+02
1.213387659131005876e+02
8.144711033166608161e+01
5.855514793283904851e+01
4.237928594888560951e+01
2.802248253512261300e+01
-1.794691362315555594e+01
-1.041601987496039641e+02
2.852125300644067352e+02
1.042740697731740056e+02
7.364929909286728105e+01
5.636733740275013105e+01
4.426937197139844216e+01
3.467886824558888037e+01
2.645401340508657384e+01
1.820414594577259138e+01
-1.199547874431684846e+01
4.292688748952016908e+01
3.460924130466281667e+01
3.485750032880914517e+01
3.239715315593775102e+01
2.895924494800986437e+01
2.487627354585228545e+01
2.053152590817206402e+01
1.605150525301166198e+01
1.092955426868667601e+01
1.518823841932288587e+00
1.747037579136471619e+00
6.848131212852562655e+00
1.206690161431456154e+01
1.416834673084480123e+01
1.446245799683265609e+01
1.342897528836732057e+01
1.154259927815043163e+01
9.033907893371825537e+00
5.737302880174853570e+00
9.544012378655386541e+00
1.081239657518787922e+00
5.883530433684501793e-01
2.880597991763739429e+00
5.030580174270205873e+00
6.224442182000667678e+00
6.389177319801881971e+00
5.704958249233146539e+00
4.300420983571985545e+00
2.399861564546191151e+00
1.474766411380188735e+01
3.975918364540194982e+00
5.832334193216742735e-01
6.097841619299715354e-02
8.837699230118218896e-01
1.798004897025711646e+00
2.249550829126449436e+00
2.110173214620358451e+00
1.491309634692628228e+00
8.244789543822608202e-01
