9.843701201148694763e-03
1.497155124997060459e-02
3.418638152016059695e-02
1.072678287887489507e-01
5.499998853114336853e-03
2.844606379406974979e-03
3.193224551532629612e-03
4.502926668603097343e-03
5.992928819571675947e-03
7.089222904355549706e-03
1.154476988513698094e-02
3.990956842009027450e-02
-3.447608004164465917e-02
-2.178906992310867402e-02
-2.556859133456454414e-04
-5.932987363523405631e-04
6.734130130400850826e-05
1.445334848771912721e-03
3.747863869092548077e-03
5.891042359300464361e-03
1.127009864313187511e-02
1.726257524928629383e-01
-1.791338079582011425e-02
-1.542937837393684904e-02
-2.538023604592120220e-03
-4.952753094686298575e-03
-1.202040345955102466e-02
5.666520249636289915e-04
1.044014901573056238e-03
4.030633051303160984e-03
7.001391846089423388e-03
2.240128434844011751e-02
-2.840382861135392484e-02
-2.022456618110656315e-02
-6.719128236730086481e-03
-1.176330389997273101e-02
-1.889486582043160487e-02
1.624616777903279963e-01
1.552264340526170986e-04
1.998598840883768733e-03
3.957558592731534770e-03
7.861738493721353790e-03
1.660485531548628879e-01
-3.918883961221064638e-02
-1.401437562268897583e-02
-2.073233124341622088e-02
-2.700806839963668105e-02
-4.246520188378975769e-02
5.674519914007993687e-03
6.017313994474655448e-04
3.184386710504631245e-03
5.877327069308635119e-03
3.466538172935792333e-02
-8.809416951306722754e-02
-2.259357605753750317e-02
-2.804445886255656564e-02
-3.170374305611025484e-02
-3.794400514989033218e-02
2.081177267230416988e-02
1.206300395715205281e-04
3.919364430012855019e-03
7.144932413800804925e-03
3.547267296360667732e-02
-1.541587596173585317e-01
-2.684341173907787981e-02
-3.052429378552681469e-02
-3.245454095524077931e-02
-3.769478174299243506e-02
1.910467213791412766e-02
1.395161420230904017e-04
5.646968869007981499e-03
9.816617098020577470e-03
3.741145404789009143e-02
-6.487770263671928384e-02
-2.805733249321469558e-02
-3.009630527270411304e-02
-3.189467820773711493e-02
-5.007440542577577813e-02
3.978777965499326504e-03
7.138981048101345579e-04
7.201608995288565074e-03
1.073544426262295834e-02
2.526935099920896502e-02
1.723049497333094780e-03
-3.435425557232926197e-01
-4.581675453890485944e-02
-7.111396783681742106e-02
1.103339063805340928e-02
1.029212297373220461e-07
2.251728180494173143e-03
7.896774707809009822e-03
9.817735732651761485e-03
1.540124442258394150e-02
7.986650864916222930e-04
8.287447060741191948e-05
1.155349096113921468e-03
5.864447791075959142e-04
7.851327221275544125e-05
1.748854065933815472e-03
4.352017844883305370e-03
