-1.241361366069076695e+02
-1.383032777716753969e+02
-2.141512424441505686e+02
7.015842737407315326e+02
5.389599989367975752e+01
1.098592415306368153e+01
1.303124368392616805e+00
9.024401229914623679e-01
4.490953377298564142e+00
1.497718278958428684e+00
-1.432284782203124962e+02
-1.590561213697012306e+02
-1.941657802627152307e+02
-3.415236741249455577e+02
5.132238775744602890e+02
7.311725515252298635e+01
1.814176784329522718e+01
1.180932909451493096e-01
-1.336779446745051914e+01
1.145138110750948712e+01
-1.849795306352532691e+02
-2.076025637748097949e+02
-2.453894672074100072e+02
-3.378500919261413173e+02
-8.445912813039462890e+02
8.683990049924067307e+02
-4.713626895499382954e+02
-4.817638257034517757e+00
-7.507735786322670135e-01
-6.093776731832694971e+00
-2.521525262234235072e+02
-3.000789415143190126e+02
-3.831761521453756245e+02
-5.959447698392848451e+02
-2.155978481204383570e+03
1.863707011377901836e+03
-3.036520495470695096e+02
-1.520561136734170482e+01
-1.317149766161296309e-01
-1.350779447598139393e+00
-3.709822880974872419e+02
-5.089168164116523485e+02
-8.876615410253014034e+02
-1.502553565742763931e+04
7.707669526252726655e+02
3.637799497955490438e+02
5.056393028020336260e+02
-4.956938144694528603e+01
-2.586295959887983997e+00
-9.195492111054909268e-02
-6.405167305702447038e+02
-1.400727394951169572e+03
3.429039596271243227e+03
6.281796802592360791e+02
3.002195749938304061e+02
1.787154003072765249e+02
1.329588108196576002e+02
5.942874495684347949e+02
-1.177818844474271742e+01
-3.372216087765575465e-01
-1.972908414514521837e+03
2.124850609952705327e+03
5.977547951381450275e+02
3.075565392263639524e+02
1.826694756735822125e+02
1.157389064595436849e+02
7.806347325924703284e+01
6.401840892905896396e+01
-2.365534054289175856e+02
-4.310861476733768072e+00
1.872903752124050698e+03
6.022353049568761207e+02
3.233437017509741622e+02
1.997740723271378158e+02
1.284535931871749597e+02
8.373512611856503440e+01
5.488471872474660529e+01
3.689489764664623550e+01
2.724236519686650126e+01
9.652144921274139477e+00
6.090354128837255985e+02
3.393695624915572466e+02
2.168170405829445428e+02
1.435930158759538244e+02
9.600961125419755149e+01
6.352635042016249400e+01
4.109342448480949628e+01
2.559353281801389102e+01
1.380866811244391279e+01
3.303105499421703950e+00
3.395354035744030625e+02
2.282589799618978077e+02
1.558908603553757644e+02
1.075790782427425825e+02
7.350017742634668139e+01
4.892706586729087093e+01
3.116861451326549570e+01
1.813060597644057381e+01
7.818838713911867799e+00
1.642374390085316493e+00
