-1.048688665582892412e+02
-1.359684997090052150e+02
-1.898724564396690369e+02
-2.724808156974236795e+02
-4.078474723583485115e+02
-6.530972501803842079e+02
-1.383940227946719460e+03
2.868523278671950720e+03
2.608007505138127158e+02
4.711330412786362842e+01
-9.404884167731844968e+01
-1.356846839964152309e+02
-1.940895868439279468e+02
-2.833518815954548131e+02
-4.359082733747766270e+02
-7.600459887800582237e+02
-1.754770194454594275e+03
5.712321862975659315e+03
5.786932174701041731e+02
1.149958005280633415e+02
-9.316498082626958421e+01
-1.436408815999054411e+02
-2.182206508122102662e+02
-3.439802828263889296e+02
-6.133009862679105026e+02
-1.670681469904441428e+03
3.987700837491515358e+03
9.457090787727424868e+02
4.456152614039444302e+02
1.610587313448248779e+02
-9.399384752390524511e+01
-1.619049684548855907e+02
-2.801852135509674895e+02
-5.532828724487187628e+02
-2.175328514307199384e+03
1.527125379783383323e+03
6.020145385783206393e+02
3.745440121173214720e+02
2.509538768070384833e+02
1.374967907114300942e+02
-9.764352527693945660e+01
-2.066179231785606021e+02
-5.113211593456260289e+02
-1.109782226223582620e+04
7.510414548055654222e+02
3.870917411436809061e+02
2.624699014871713416e+02
1.945724441404924221e+02
1.456174174141228548e+02
9.469380953887296926e+01
-1.109411055691142991e+02
-4.078669172951674113e+02
1.534045371291918855e+03
3.884889819676778870e+02
2.465203840214653610e+02
1.821931732180412382e+02
1.422148086885144380e+02
1.129518406669791375e+02
8.824872285401860950e+01
6.071608538722819759e+01
-1.995720463698353910e+02
4.309629822517132993e+02
1.936294185151817260e+02
1.469757282290588591e+02
1.204717323180534549e+02
1.005750173483161660e+02
8.370804228444389139e+01
6.872645751037758544e+01
5.440457005576336513e+01
3.712163081107289742e+01
8.964277330045459280e+01
7.360553390827831777e+01
7.212230956524491887e+01
7.073764084442041167e+01
6.558198034354187200e+01
5.865783432240408501e+01
5.070588714443704959e+01
4.228220694946099201e+01
3.309856294104868368e+01
2.094124983265937345e+01
7.612812222681020202e+00
2.059059027260306607e+01
3.109927249295776974e+01
3.561658105378854344e+01
3.639490771047008622e+01
3.439415425043897301e+01
3.055075659311691894e+01
2.548191196618747512e+01
1.892521441623480882e+01
1.002814909850639147e+01
4.607133449568789549e-03
5.124453304984406543e+00
1.200711807814253795e+01
1.705956024475393207e+01
1.946651757422245765e+01
1.947903766950275894e+01
1.762667590481013846e+01
1.421404606580351171e+01
9.094253866535408903e+00
3.716016424598850065e+00
