-2.718692451264231202e+00
-3.804521556525594406e+01
-1.665397592710081369e+02
-4.204739576898097653e+02
-7.712490477881874540e+02
-1.148268701097304984e+03
-1.887532799477757180e+03
8.739135314262253814e+03
4.139033686000798298e+02
7.874910306747489130e+01
-5.690074538599008136e+00
-3.923404262360624895e+00
-6.108961441567033290e+01
-2.102575225093946756e+02
-4.678878098102605918e+02
-8.851590397793789862e+02
-1.634275968024242047e+03
-1.177449996200187525e+04
9.093838670964131552e+02
1.743284498853740274e+02
-3.543554051415846828e+01
-4.538803242232694046e+00
-1.416949822614592058e+01
-1.235771996187410338e+02
-4.093341656381954294e+02
-1.262981935316929594e+03
-1.610139043521705607e+05
1.575694783087091309e+03
6.167759559567126644e+02
2.163873329267042607e+02
-1.111798493296955854e+02
-5.887333856348450212e+01
-2.553630686418931539e+00
-5.903005463073920822e+01
-6.716842802329871347e+02
1.634668595957438129e+03
6.656440736067135049e+02
4.468401670826663690e+02
3.041778321645020355e+02
1.668899052575310122e+02
-2.906499007471181812e+02
-2.829221225375715107e+02
-1.598618702383624850e+02
-4.512451819106622769e-02
1.562465476573113392e+02
2.008696010259799039e+02
2.052101726409072171e+02
1.876250235310457981e+02
1.551872803911520862e+02
1.046925376502446028e+02
-7.799432104428341290e+02
-1.510884784109986640e+03
2.531742882130812632e+03
9.888093729352202388e+01
2.512100771570151547e+00
4.297959602435532389e+01
7.442925890355880369e+01
8.540521172451332177e+01
8.030663573644534381e+01
5.965330456316866758e+01
-3.359181467981203696e+03
6.915552090693079663e+03
1.144650312080796539e+03
2.366635491437005498e+02
1.819900666269699485e+01
3.141156358912777335e+00
2.254281701214439693e+01
3.639518472835190011e+01
3.932539773111153636e+01
3.042093651321752290e+01
4.787386186420429112e+03
2.775696858136450373e+03
1.626482282440594190e+03
5.545401800492585380e+02
9.850196385337504523e+01
5.082328682662971886e+00
2.604921243580634371e+00
1.184014895741470319e+01
1.622412880115910028e+01
1.263267926116318307e+01
1.880875035694804637e+03
2.490981047717893944e+03
3.386194264368703443e+03
1.921889086777632201e+03
3.311884746449210866e+02
4.135055515001373294e+01
1.446505531299716818e+00
1.472732047949480538e+00
4.392860991785092040e+00
3.703498856150381879e+00
1.071880209306044208e+03
1.878356687715181351e+03
7.738267457228485910e+03
-1.169794671998031663e+04
1.115549893538648121e+03
1.078436496362789114e+02
1.146105480824903999e+01
1.885523004331489116e-01
4.982406621377321598e-01
8.130904572433431676e-01
