-3.121639783911246191e+00
-3.025605340299133417e+00
3.889856905552501742e-01
-2.794818190426438420e+00
-2.190028507461531770e+00
-2.172959200802342838e+00
-2.470308119103991285e+00
-7.199387295637951212e+00
7.507020348068861315e-01
6.599702540719033783e-02
-2.271107420533483801e+00
-1.633498770402621370e+00
-2.249804381051445992e-02
-3.061663897644126830e+00
-2.462995462027627980e+00
-2.217300292647569560e+00
-2.080435512876992910e+00
-2.087900208895505205e+00
-2.937352634772453008e+00
1.216602558122338973e+00
-1.919331494754570322e+00
-9.997936491091692357e-01
-5.216451211912208619e-01
-4.752480320153749105e+00
-3.217668305763266456e+00
-2.613828887070041240e+00
-2.277205898398553252e+00
-2.080638797698266096e+00
-2.041884962880499366e+00
-3.104607472791740985e+00
-1.435767657974536649e+00
-3.040147441094650516e-01
-3.744855137459541350e+00
-6.792359817020185098e+00
-4.170342681129953100e+00
-3.126526027508003569e+00
-2.565781030014446351e+00
-2.230956386079129050e+00
-2.043343995959863602e+00
-2.102517870908017894e+00
-7.647739522717483807e-01
-3.309245038696112529e-02
-8.616302409560258724e+00
-8.692057060882728337e+00
-5.278190950374747281e+00
-3.744787064652488340e+00
-2.915413830093249281e+00
-2.426825348270977845e+00
-2.138323324857605900e+00
-2.028229174127880174e+00
-1.154698415273992113e-01
-1.424115178260379588e+00
-1.202525356144827207e+01
-1.037101225520263803e+01
-6.536513149118210464e+00
-4.479770509506233900e+00
-3.329117901508724220e+00
-2.656560067496414046e+00
-2.262276742717530542e+00
-2.068147861745277982e+00
-1.921163969909267244e-01
-4.884300691567831976e+00
-1.394850867500907476e+01
-1.199116938468502092e+01
-7.930290385090296823e+00
-5.335926814983971589e+00
-3.809044921866053812e+00
-2.917591884997853047e+00
-2.403647392780642988e+00
-2.145336387436068470e+00
-1.818190079161204897e+00
-8.590660379884001330e+00
-1.508629280546238682e+01
-1.347765640570913526e+01
-9.410171028382073644e+00
-6.299992694980749874e+00
-4.349738621762241131e+00
-3.205772789500537012e+00
-2.559962647597025409e+00
-2.258924132657605277e+00
-4.631624928897405624e+00
-1.142510863047468384e+01
-1.597527386952438810e+01
-1.477989234147216102e+01
-1.089459157217696017e+01
-7.339269332669426937e+00
-4.938962819744223687e+00
-3.518186696099447008e+00
-2.742645499879110549e+00
-2.489143294768850101e+00
-7.894606263458368467e+00
-1.349414776864386312e+01
-1.673751033587231518e+01
-1.589978605360711938e+01
-1.232272948677038826e+01
-8.429741347901622106e+00
-5.581779111566573803e+00
-3.886164609171356865e+00
-3.057103681784330451e+00
-3.643474468664214427e+00
