-4.654914563559089657e+01
-6.283725794572531953e+01
-8.583444232910727578e+01
-1.146415346169120539e+02
-1.627651128402360712e+02
-2.629032037438364569e+02
-5.838815435095497151e+02
2.092862892291126627e+03
2.500967092535230734e+02
4.910989970246171055e+01
-6.575185831053065044e+01
-9.695982100599664477e+01
-1.327724923511017892e+02
-1.828018439833821560e+02
-2.688626288846365355e+02
-4.660303498693367033e+02
-1.550332867776579633e+03
1.250254307806415682e+03
3.914426073945626854e+02
1.296211616485239517e+02
-9.952805538740264524e+01
-1.511073907342636460e+02
-2.213357724712741401e+02
-3.262955979099041315e+02
-5.350805172183801233e+02
-1.306013028616193651e+03
3.155736758467017808e+03
7.173475899837551424e+02
3.812830706641099709e+02
1.871323998336577574e+02
-1.576174254890617874e+02
-2.591408469167003545e+02
-4.339745866492294795e+02
-7.929503242204838216e+02
-2.375236400001938819e+03
2.584087064611295318e+03
8.182453946045241082e+02
4.729886837456672311e+02
3.152235911210438530e+02
1.887079140055982123e+02
-3.060578970643748562e+02
-5.566064867219402004e+02
-1.461392949080809103e+03
9.997427404174768526e+03
1.325122091346290972e+03
7.072469665040649716e+02
4.647792866426888736e+02
3.320463041237292146e+02
2.429169476663833223e+02
1.563658120464017998e+02
-1.246114461365166562e+03
-2.819744772009772532e+03
2.349941051325338321e+03
9.183766502728922205e+02
5.855751266536859703e+02
4.213115713001327549e+02
3.151872924405249705e+02
2.394940948014304922e+02
1.792375224598697798e+02
1.134829310494934305e+02
1.661136878993057962e+03
3.250883384162894799e+03
1.035531025135846903e+03
5.913419515935644313e+02
4.121246455638957968e+02
3.056685155817315831e+02
2.312243110472605281e+02
1.750541333243259317e+02
1.271653229357557535e+02
7.134948268708835428e+01
-2.574040842840463483e+03
-3.087533184485987931e+03
1.455886426734418592e+03
5.758623000381187467e+02
3.564240334154372931e+02
2.473560223488608472e+02
1.781757671497830700e+02
1.279967575463505511e+02
8.362042740893366499e+01
3.443137113863834742e+01
-1.673582049407427519e+02
-3.218677996613757273e+02
-1.155375719334004316e+03
1.042547016529199936e+03
3.751883694069615558e+02
2.173674599282373663e+02
1.394089071240506428e+02
8.722410142499651897e+01
4.241654729027195003e+01
9.652418984479437469e+00
-9.250038740398210280e+01
-1.169870618964183535e+02
-2.643801155363655653e+02
-1.670989966321155407e+03
4.488379730203898816e+02
1.779057401807725682e+02
8.917646099269391868e+01
3.900286625592693213e+01
1.039499105394115475e+01
1.059422359038459494e+00
