8.651657789038122104e+00
9.708813489678240316e+00
6.331693909874271498e+00
5.953760492895639800e+00
4.913591413003029373e+00
2.691384666095558931e+00
3.426333146746706859e+00
1.344891106948180592e+00
6.167602468717438002e-01
3.942771744002102619e-01
1.593844161423135120e+01
1.296221180829578756e+01
1.211026293585917202e+01
1.063603791926095532e+01
8.811730844321031597e+00
1.035785844297372726e+01
3.825356394713659736e+00
9.625802376268675076e-01
3.997766459432109953e-01
3.039236298286427940e-01
2.248223186169670385e+01
2.401038668814699406e+01
2.302033218421172478e+01
2.037332871390697875e+01
1.688165378669795302e+01
1.618841749934471608e+01
2.983446241260644616e+00
2.387998924581605231e-01
8.685846218052002687e-02
1.508709627798246189e-01
3.835261590081820771e+01
4.590074862595233895e+01
5.194992064641856189e+01
5.713708242297930440e+01
8.263657237875416683e+01
7.928986496242279713e+01
2.094451505208525965e+00
4.296955393609301274e-03
1.087763860174678979e-02
3.335411548718968805e-02
6.662464505885161259e+01
1.002618765025145535e+02
2.046963990067425527e+02
-4.498447313493088018e+02
-6.571215919105999603e+01
-2.214445043055713569e+01
2.558646685323771042e+00
2.168646071266016606e-01
1.705939744499427313e-01
9.553357760750592789e-05
1.287323422816421612e+02
3.569494271943821673e+02
-3.022851717992172098e+02
-7.383424706987473485e+01
-3.004028929476749354e+01
-1.042408304263538810e+01
-3.710666591479971288e+01
5.283061602712335603e-01
3.247523914759783414e-01
5.426866079822179056e-03
3.566118864893812201e+02
-6.104217268312353326e+02
-1.274077114520529932e+02
-5.532621569335277911e+01
-2.240407511849268474e+01
-7.125322130706251755e+00
-2.970115144760453685e+00
7.131740675061242207e-01
3.137287161097560562e-01
2.578831100296765429e-03
-4.179810265269372394e+03
-2.466283374753444662e+02
-1.027563624243333464e+02
-5.158517950313036948e+01
-2.068789984937141213e+01
-6.370574343221863778e+00
2.965067462648784610e-02
5.473555975125887763e-01
1.526166125044291222e-01
3.543888243381367389e-03
8.828673686057876466e+02
-3.936774466101576309e+02
-1.964991858743329942e+02
-9.903349428229154228e+01
-6.877550030356813693e+01
2.864719981194616683e+00
1.082768176861321485e-01
2.009217570790380603e-01
1.522274803114572264e-02
4.478564045945274824e-02
3.289943312320284008e+01
6.204252676766541441e+01
4.310685843556783681e+01
1.658466891562862244e+01
2.992580587276169268e+00
9.550824656164123849e-02
2.675044407181207187e-02
8.612969567736460108e-03
2.167536438214169928e-02
1.258983923062140797e-01
