-7.512518512672481302e+04
-9.835948480052902596e+04
-1.142180612061145657e+05
-1.065858010291161481e+05
-3.680892182258394314e+04
3.553273039508822840e+05
-1.873323195087075699e+06
-8.289541776836919598e+05
-7.517258931779115228e+05
-8.139821103342795977e+05
-8.928742499911070627e+04
-1.178589338040529838e+05
-1.326609312863746309e+05
-1.074277480433893943e+05
4.981124179119485234e+03
3.853497527441738639e+05
3.793584162020919845e+06
-2.705738067327528726e+06
-1.771264771814156091e+06
-1.741136406055886066e+06
-1.121584385172664770e+05
-1.561055998113401001e+05
-1.808341968408183602e+05
-1.390195619168159028e+05
3.828474275699915597e+04
5.439249962374359602e+05
2.662349955256971065e+06
-1.661278183331149258e+07
-4.899090102188495919e+06
-4.573830929283019155e+06
-1.472927548042360286e+05
-2.285505386485770287e+05
-2.924330287376627675e+05
-2.275341790188470040e+05
1.197495973047404404e+05
1.054045427507838234e+06
4.105869833732055034e+06
3.838128172364775091e+07
-2.613360536459486559e+07
-3.439578087697307765e+07
-2.067458342575868883e+05
-4.105267319891886436e+05
-7.517828282108060084e+05
-8.140612523643586319e+05
1.124307355440562358e+06
7.459779848263422959e+06
2.884979344219216332e+07
9.388754643596912920e+07
4.252422559624478221e+07
1.627071107881276496e+07
-3.527082029833613196e+05
-3.270440762703733053e+06
8.788651622349895770e+05
2.262187533464666049e+05
-5.053427873769265716e+05
-2.024634967955468921e+06
-5.530141810540767387e+06
-1.817102677354611829e+07
4.598302199679981172e+07
1.165794394487440586e+07
5.422773048749630339e+06
3.199351035264804959e+05
1.701884689388927654e+05
-2.677055923605898897e+03
-3.492191981601962470e+05
-1.072935059850760270e+06
-2.605045180966838263e+06
-6.545637166015173309e+06
-3.751596185847527534e+07
1.686790570601033792e+07
2.655553253129797304e+04
4.964898111863245140e+04
1.734885721757806459e+04
-8.853297519593608740e+04
-3.274615066297455924e+05
-8.051697333473832114e+05
-1.717685355525773019e+06
-3.563071216220011003e+06
-8.567325164329551160e+06
-8.263191570610845089e+07
-1.317434587129041029e+05
-6.319277056923478085e+04
-6.889830972871281847e+04
-1.454229068618172896e+05
-3.260143396639713901e+05
-6.685489899329829495e+05
-1.259803600453150226e+06
-2.250000439157759305e+06
-4.000749270821289625e+06
-7.811353689366984181e+06
-2.341092920697272057e+05
-1.433469919367063558e+05
-1.320244580334222992e+05
-1.864494384540063620e+05
-3.232279391426268849e+05
-5.713067830258081667e+05
-9.630023128082897747e+05
-1.530392149063334102e+06
-2.317711159473333042e+06
-3.445435758643582463e+06
