1.501737871135053501e+04
1.612738826283220806e+04
9.251247242732066297e+03
-1.816752461193446652e+04
-1.133584692251051165e+05
-9.420442796505446313e+05
7.677722334649082040e+05
5.387775012918681605e+05
6.240261746978629380e+05
9.473033273593381746e+05
2.188150227876234203e+04
2.703937357503556268e+04
2.516466812738275257e+04
6.578081789645756544e+03
-5.045018150456006697e+04
-2.385136030350141227e+05
-2.277152655324534979e+06
1.356893147449483164e+06
1.133924525078415638e+06
1.778254734602949815e+06
3.166701047146237033e+04
4.345823617324773659e+04
4.887510737891100143e+04
3.541389774862967170e+04
-1.542314506745988001e+04
-1.539723888629440044e+05
-7.101638545624373946e+05
1.663256410998219065e+07
2.601292298965537921e+06
5.113828559258528985e+06
4.787542386544005421e+04
7.459157289846643107e+04
1.000274814816998405e+05
9.914303766682016430e+04
4.394406787790919043e+04
-1.320532980123165471e+05
-7.100439507393531967e+05
-6.752731838146792725e+06
1.175832477812763676e+07
-8.792422854614246637e+06
8.108942709849239327e+04
1.629302587173331412e+05
3.437082189179335255e+05
7.281696221505454741e+05
4.433020457111188211e+06
-2.038072263570513460e+05
8.685841619527833536e+06
4.089287508058127481e+06
3.005790833581798896e+07
-2.882603382639398798e+06
1.877224107310446561e+05
2.942726249673068058e+06
-4.038138440465215826e+05
-2.251629458895247080e+05
-1.286476059757040057e+05
-1.497504610953190877e+03
2.262975718384620559e+05
6.540074799078912474e+05
2.510785534182250500e+06
-2.748227853524323087e+06
-2.451075603413787670e+06
-2.257575972148199216e+05
-1.447392960364743485e+05
-1.097753678636690602e+05
-7.449144441463830299e+04
-1.997804764528841770e+04
7.203576262172801944e+04
2.390757327403203235e+05
6.624541103686519200e+05
6.795939693890523165e+06
-2.000208769148658903e+05
-1.186401461566124199e+05
-9.241449437209972530e+04
-7.450000824744865531e+04
-5.295346405691027758e+04
-2.017012338198080761e+04
3.125697383790798267e+04
1.132181833116837661e+05
2.595717328383304703e+05
5.914516178185658064e+05
-1.177076537543352752e+05
-8.450462781741782965e+04
-6.888477303540702269e+04
-5.591646486317319795e+04
-3.985048286803447991e+04
-1.687825880596275965e+04
1.596580162651492174e+04
6.151986449844039453e+04
1.236472402881547023e+05
1.954472156364130497e+05
-9.187054206418295507e+04
-6.763484590980330540e+04
-5.481909736855923984e+04
-4.374518724085260328e+04
-3.066955055739447926e+04
-1.346732856357705168e+04
8.842196543979625858e+03
3.576791845661951083e+04
6.389305393536580959e+04
7.524967564993532142e+04
