-9.901674210490840551e+02
-6.151714061858853029e+02
7.423085766071208127e+02
4.348926271547260512e+03
1.477887814773678110e+04
7.410217264092055848e+04
-1.051285741789664462e+05
-5.057819448402410490e+04
-4.249598569051028608e+04
-4.364931020836730022e+04
-1.539046348659004707e+03
-1.412559980695852346e+03
-3.881209029807305910e+02
2.635173002650351918e+03
1.053610238163189388e+04
3.793182016340090195e+04
-1.828239092511615250e+06
-7.744896118219403434e+04
-5.421748625458021706e+04
-5.020427821253017464e+04
-2.312335150378792150e+03
-2.563888331549822396e+03
-1.883178632162028407e+03
9.743790711871598660e+02
8.751798030566433226e+03
3.267044333274221208e+04
3.150727374941803282e+05
-1.119981593988589157e+05
-6.876086542072956217e+04
-6.057199835385507322e+04
-3.564949795780567456e+03
-4.599788636630702968e+03
-4.734932079262907791e+03
-1.901826346477659399e+03
8.505377368140952967e+03
4.609396639775156655e+04
5.181712360652102530e+07
-1.167802475886356988e+05
-8.107905297995467845e+04
-7.452650086559838383e+04
-6.012340406221189369e+03
-9.698840487319543172e+03
-1.513026121091304594e+04
-2.007158339994667767e+04
4.487817581802156928e+04
-7.803533621499183937e+04
-7.392772132167874952e+04
-7.520578842620275100e+04
-7.916263991939122207e+04
-8.920366179927600024e+04
-1.302356006164652717e+04
-5.140770895379281137e+04
4.277922684023494367e+04
1.347892306600118354e+04
2.406820790313944599e+03
-8.636880234819449470e+03
-2.202817683265840969e+04
-3.813448331319504359e+04
-5.831360717505320645e+04
-9.154773230512170994e+04
-1.857474563037830812e+05
2.211258261586111257e+04
1.143549228482950093e+04
7.022151964714645146e+03
3.110170608231406277e+03
-1.818826798023329047e+03
-8.715910006710693779e+03
-1.865799638396201408e+04
-3.427104289598405740e+04
-6.990423841299886408e+04
1.940721175600744027e+04
1.032298475335419789e+04
7.256733537866526603e+03
5.194612638523753049e+03
3.041852930288820971e+03
2.601365133914734997e+02
-3.641667048758285091e+03
-9.290276408508474560e+03
-1.850005800487502347e+04
-4.478732677123095345e+04
1.034118676697658884e+04
7.179929998773624902e+03
5.550432682873210979e+03
4.237546583708140133e+03
2.815622566615501455e+03
1.020033192763995771e+03
-1.409011615706082239e+03
-4.793085622699173655e+03
-1.058262729239875262e+04
-4.883551347523243021e+04
7.420012530043399238e+03
5.687335519820165246e+03
4.555527379141863094e+03
3.580789306280664732e+03
2.529801941752680250e+03
1.256078712954384628e+03
3.391442545652855074e+02
-3.046644843339851832e+03
-1.131477202588988439e+04
6.484005434140995021e+03
