-5.124751152586257376e+03
-3.965405733298106043e+03
7.269372710443867618e+02
1.362514732959548201e+04
5.122399085854322766e+04
2.645205482895015157e+05
-3.911437960763790179e+05
-1.889663663170336804e+05
-1.585353424549731135e+05
-1.566401614590495010e+05
-7.787857780467560588e+03
-7.626352759858259560e+03
-4.134809314335462659e+03
6.620469158945914387e+03
3.499113724281988834e+04
1.328220744831640041e+05
-1.678871338613054156e+07
-2.937427142975289025e+05
-2.054322026511668810e+05
-1.874269264423349232e+05
-1.169362193130265950e+04
-1.313654958952114248e+04
-1.112289005166371680e+04
-1.119193561108605763e+03
2.667583191655948758e+04
1.117266070685583254e+05
1.019150074549475568e+06
-4.287707697543620015e+05
-2.618635864002488961e+05
-2.287320330499703414e+05
-1.820574763006195280e+04
-2.326163539134913299e+04
-2.516467713723034103e+04
-1.624319711471545997e+04
1.998304367522181565e+04
1.513068799120500917e+05
1.235734123139332235e+07
-4.408272276690813596e+05
-3.074604924894082942e+05
-2.808934257607295294e+05
-3.123536895346445090e+04
-4.920599291708096280e+04
-7.781889550913307176e+04
-1.179589685573983879e+05
-7.447336103468311194e+04
-2.284997995484710555e+05
-2.548919949798922753e+05
-2.731174643930653110e+05
-2.943600851024797885e+05
-3.294989265795456595e+05
-6.899644463789228757e+04
-2.619366809704315383e+05
2.190460200120403024e+05
7.315661762090116099e+04
2.420000068899797407e+04
-2.004902160228121647e+04
-7.174182024667866062e+04
-1.334115632111039595e+05
-2.095701620538254501e+05
-3.196616459894419531e+05
-9.170471805116223404e+05
1.166407933928944694e+05
5.878309128408203833e+04
3.683236246886425215e+04
1.971723189145018478e+04
8.225756035325360926e+01
-2.611972973922787423e+04
-6.292428601107067516e+04
-1.184499269353573618e+05
-2.208503969474480546e+05
1.110454357077486493e+05
5.553324273710405396e+04
3.774074257736134314e+04
2.697367289875367351e+04
1.719864281633296559e+04
5.794894179173271368e+03
-9.142447984472571989e+03
-2.983065060817032281e+04
-6.083663063352461904e+04
-1.191782187589944515e+05
6.096460809949770919e+04
3.959405474493590737e+04
2.929696085611204398e+04
2.202435556085586722e+04
1.522106720284783660e+04
7.575600939788532742e+03
-1.854751982131435398e+03
-1.403955241911329358e+04
-3.115176902818674716e+04
-6.426215697297928273e+04
4.610522095407689631e+04
3.232107539626348807e+04
2.455659030912398157e+04
1.878874816809388722e+04
1.347828798440554419e+04
7.834789665397556746e+03
1.383343360503497934e+03
-6.567693863041818986e+03
-1.774137927822139682e+04
-5.933642982332729298e+04
