-1.624029704918859238e+02
-1.231943573853583729e+02
-1.926073936616431013e+02
-4.615548648762019752e+02
-1.452839431052033888e+03
2.695065792924971538e+04
2.130143898708686265e+03
1.124477783067755581e+03
5.934162838538275082e+02
2.186273585463565325e+02
-1.039870056779195835e+02
-1.048207340308377269e+02
-1.763099873727560123e+02
-3.878184459780571842e+02
-9.677360281774971327e+02
-3.383181990549594957e+03
1.013672662030134597e+04
2.600819257547886536e+03
1.365925821207072659e+03
6.208078600479641409e+02
-1.393009231996141182e+02
-1.484511370300029398e+02
-2.208610593836560270e+02
-4.489848184271331206e+02
-1.051426372453150861e+03
-2.975591958026084285e+03
-5.705559895445098664e+04
5.249259019522067319e+03
2.549389632294100920e+03
1.279104520019736128e+03
-2.406931520184083411e+02
-2.619852905579317621e+02
-3.657199319412948171e+02
-7.137773548883334342e+02
-1.716368198886206301e+03
-5.095751172799096821e+03
2.881150473014674499e+05
7.619139649929126790e+03
3.999389349725259308e+03
2.139780268109500867e+03
-4.812334467899643755e+02
-6.162238118448537989e+02
-1.052065083834314464e+03
-3.198395636156826185e+03
-9.255748641052556923e+04
1.162344161780364448e+04
7.927010064219485685e+03
6.280462856178678521e+03
4.776357770499795151e+03
2.875730472428570465e+03
-1.325832324012382060e+03
-5.669374634108854480e+03
2.118874173132235683e+03
1.200451009190121567e+03
1.376162939536444810e+03
1.981414581623974300e+03
2.863951299063694023e+03
3.714732335236105428e+03
3.951326091530233498e+03
2.776876414398749148e+03
1.657646323919992938e+04
1.393670950720968676e+03
6.807652271741459344e+02
5.387604421399822741e+02
6.296761483196279414e+02
9.285757745306661946e+02
1.431029933892294366e+03
2.055518939446848435e+03
2.445925399475958329e+03
1.812909075451849958e+03
1.798552131710270942e+03
7.936947024174668286e+02
4.682515238691851778e+02
3.663254482145405291e+02
3.922470139884723039e+02
5.406689995905659316e+02
8.053707302905417009e+02
1.128538721665519233e+03
1.275074249914397797e+03
8.545148268393724038e+02
1.120279785315376785e+03
6.143366941064509774e+02
3.889874295610929948e+02
2.853056900826323954e+02
2.735606154995483621e+02
3.389061757003025264e+02
4.635616037870822765e+02
5.862008228488331270e+02
5.563478542531578341e+02
3.012071210235364447e+02
7.606084646125099198e+02
5.027669015914415240e+02
3.204865329425945220e+02
2.236610163572476893e+02
1.900932007161128752e+02
2.032653376291576990e+02
2.383393709122131554e+02
2.456658465095516135e+02
1.768192496553807587e+02
7.677156410969121225e+01
