-1.283103103253094730e+02
-3.537467400316365342e+02
-9.763612158228319231e+02
-2.488500245205820647e+03
-6.568649583322230683e+03
-2.801761983984877224e+04
3.887899726532009663e+04
1.613413289942844858e+04
1.124666316536381419e+04
7.810077482974666054e+03
-9.404783028976262926e+01
-2.957304920074825532e+02
-9.177307549133657858e+02
-2.369709500632839536e+03
-5.793965963722092056e+03
-1.661285646906579495e+04
-5.508380613951607374e+05
3.105607582469597401e+04
1.826730820306325404e+04
1.301310170395064779e+04
-3.296489556523155215e+02
-2.869182602567925073e+02
-9.776957883831742038e+02
-2.662807143763786371e+03
-6.537569429956796739e+03
-1.725234311991606228e+04
-1.015076653387275728e+05
5.593660667943411681e+04
2.805549624555025002e+04
1.976302991359267253e+04
1.402190517644271495e+02
-3.350156779773687958e+02
-1.245723853260670239e+03
-3.804724933746702391e+03
-1.028006880173816717e+04
-3.001652569199966456e+04
-3.935974881097800680e+05
6.746434930121910293e+04
3.884933904187012376e+04
2.874653412350684812e+04
2.852969921388398689e+03
-5.657790661063680773e+02
-2.495351805431687808e+03
-1.293552461497721197e+04
-1.932309107399391942e+05
7.731005388272833079e+04
5.267161794965499575e+04
4.565340795403941593e+04
4.223811092163736612e+04
3.797428934460303572e+04
-2.127426152365049347e+03
-3.952301469270001235e+03
5.296091588740344378e+03
5.209302874497845551e+03
7.749382836988139388e+03
1.196591662690831618e+04
1.773005651552361087e+04
2.476409376618227543e+04
3.270077627675089752e+04
3.806859948685477866e+04
3.836880570328487465e+03
1.070310626656846352e+03
1.096546051584653242e+03
1.800641899927641589e+03
3.159479686490686163e+03
5.377396110650217452e+03
8.700163782054691183e+03
1.342370118358970285e+04
1.979479094495739992e+04
2.513934620438473576e+04
1.313135741582187165e+03
6.162936026647801100e+02
6.029859614256588429e+02
9.748605360638554203e+02
1.734773744025867927e+03
2.991235136722759307e+03
4.872837732246141968e+03
7.504684981368697663e+03
1.076008663635797529e+04
1.222033083156269640e+04
9.538052225038428560e+02
5.004238586135552396e+02
4.343319042807908090e+02
6.168058805822048498e+02
1.059369522038604828e+03
1.799480834684623005e+03
2.869804284749671297e+03
4.229035559883747737e+03
5.453740005010458844e+03
4.827817294529979335e+03
7.201552335394617330e+02
4.342334199407509345e+02
3.306854490076015054e+02
4.088479239922795045e+02
6.608701000779761898e+02
1.087771063996133989e+03
1.659452200069534683e+03
2.226786679387378172e+03
2.317640708810781234e+03
1.406231447442125500e+03
