5.528844428688117659e+03
7.677581321250041583e+03
6.560534472270595143e+04
-3.265744365643808123e+03
-3.689949775326805366e+02
4.985577088012452123e+02
9.103516134710474716e+02
1.148120923557699598e+03
1.276939499344276783e+03
1.213846795640356731e+03
4.899543179809299545e+03
6.457097843442777048e+03
7.734710598036878509e+05
-1.145540929947207132e+03
5.346044377360225326e+02
1.036940953875264768e+03
1.268011318365242005e+03
1.401219082759282628e+03
1.485618577692374856e+03
1.520242560304581957e+03
4.502779289347110534e+03
5.771089245872623906e+03
-8.909978240122254647e+03
6.036414135588740919e+02
1.294242994600589782e+03
1.484940495059001023e+03
1.558022534968425816e+03
1.595573876323092463e+03
1.620490881882917392e+03
1.635277560824410330e+03
4.248825166491967138e+03
5.494032017166270634e+03
5.992556638613256155e+02
1.800924092481495791e+03
1.886350653685146199e+03
1.846773184925330042e+03
1.793062985787901880e+03
1.750693973436721762e+03
1.723461152091489339e+03
1.707259533837001527e+03
4.055259702054795980e+03
1.273483496964170627e+04
2.764578837188827492e+03
2.565181725265511886e+03
2.335674611821096278e+03
2.139073543833496842e+03
1.986833657299368951e+03
1.878370396504372820e+03
1.806764795184067225e+03
1.762055889753931979e+03
3.581970184655192497e+03
4.339518869710672334e+03
3.543396976106927013e+03
3.060494839365371718e+03
2.681806079191918343e+03
2.381102088974791059e+03
2.151886286874381312e+03
1.987630334838524277e+03
1.877369479681637131e+03
1.807243708711523823e+03
4.939497642502687995e+03
4.487151532223219874e+03
3.916715597316928779e+03
3.403795799763045125e+03
2.959069337671583526e+03
2.588485323647987116e+03
2.297430796918302804e+03
2.084589527573303712e+03
1.939571382226461310e+03
1.846291527994204671e+03
4.583182791206483671e+03
4.559155343120502039e+03
4.147266874474345059e+03
3.662616595002210033e+03
3.190773030605775602e+03
2.771340836544680769e+03
2.428892255167171243e+03
2.172618996657319258e+03
1.995637057645978757e+03
1.880798559323253130e+03
4.602672284333522839e+03
4.639616468851218087e+03
4.321095824151597299e+03
3.872279760365443963e+03
3.390337091650520961e+03
2.934865782408472569e+03
2.548543072040237348e+03
2.252942034381048870e+03
2.046322579311590516e+03
1.910984640033801270e+03
4.690469652107346519e+03
4.732837840955411593e+03
4.468397332297749017e+03
4.049724279617904358e+03
3.564359867825069614e+03
3.080863901518530838e+03
2.656559684850790745e+03
2.325350071611599560e+03
2.091162840007456907e+03
1.934743640438180364e+03
