-3.879478406684151537e+02
-5.817749860489391267e+02
-9.125673848797072196e+02
-1.479668581090932321e+03
-2.651020998909310947e+03
-6.799896468769276908e+03
2.024142380686336037e+04
4.055537690269199629e+03
1.881222272147191461e+03
7.938499988407453429e+02
-4.286367189652501111e+02
-6.759640577000134272e+02
-1.061072076604031281e+03
-1.672707404997733647e+03
-2.756280689783251546e+03
-5.372941069056205379e+03
-2.421716138817095998e+04
1.053117143329604551e+04
3.873041753414717732e+03
1.707974481937377732e+03
-5.216550482158509112e+02
-8.509860674043158042e+02
-1.371200303716125063e+03
-2.185516317836352300e+03
-3.547522343016631112e+03
-6.435642296793762398e+03
-1.865301930974829884e+04
2.475651116287233890e+04
6.830354367566723340e+03
2.988619949136234482e+03
-6.778784603241531386e+02
-1.178446735792116669e+03
-2.040044327382847086e+03
-3.493944702411604339e+03
-6.081677846886605948e+03
-1.189441198181079380e+04
-4.686694198075886379e+04
2.719831999195773824e+04
9.616994625769164486e+03
4.389203625628655573e+03
-9.749770626741994874e+02
-1.951548733102698861e+03
-4.216146113110403348e+03
-1.038817381370409021e+04
-4.044696986249043402e+04
6.866693318081334291e+04
2.384344227625147687e+04
1.462677741332988444e+04
9.488770554616630761e+03
5.105702529845359095e+03
-1.763310189402349579e+03
-6.030730565311657301e+03
3.424445232634364947e+04
9.050206916278675635e+03
7.384857109305829908e+03
7.283279900804450335e+03
7.515840476323818621e+03
7.562977924022411571e+03
6.800312628807194415e+03
4.341789803490720260e+03
-1.201048337389732478e+04
4.923374013323460531e+03
3.144773226530751799e+03
2.943055646011630415e+03
3.110662995165684151e+03
3.457542331781586199e+03
3.882830645252932300e+03
4.241998565834733199e+03
4.132176807969517540e+03
2.724009527144246476e+03
2.108773921137340949e+03
1.602449876545274719e+03
1.535765689760439045e+03
1.639575985168645730e+03
1.822444487165867940e+03
2.060322073992670084e+03
2.313153916326773469e+03
2.486615420926297702e+03
2.297244906245010498e+03
1.332976295874397692e+03
7.655317524224747103e+02
8.478196228818122790e+02
9.374456800962675516e+02
1.044597764250407181e+03
1.176548335215072939e+03
1.316864485900679711e+03
1.431293467513578889e+03
1.432286437040545252e+03
1.125607334129015499e+03
5.000516248366895979e+02
2.468464267522844580e+02
4.681803103465445588e+02
5.798059279727148123e+02
6.748912039864121652e+02
7.623823981520015423e+02
8.295039742419854747e+02
8.397263270741993892e+02
7.178032932524897660e+02
4.161010106345989925e+02
1.318639340945085507e+02
