-2.793411099160322919e+03
-3.613771171713267904e+03
-4.804721667214125773e+03
-6.696395412770680196e+03
-1.034384099664632231e+04
-2.108498615903314203e+04
-1.039278064265793003e+07
2.059431294852736028e+04
9.130159638525210539e+03
4.184457490379300907e+03
-3.840846884168271572e+03
-4.993029510911797843e+03
-6.555976441405221522e+03
-8.819168429398732769e+03
-1.262016743482926722e+04
-2.116890706324757048e+04
-6.287042995859152870e+04
6.251378270847345266e+04
1.943228912717834828e+04
9.430255590563610895e+03
-5.524108115311507390e+03
-7.327448308589967382e+03
-9.757308065188975888e+03
-1.313174023938526625e+04
-1.839478932428867483e+04
-2.902741791243357147e+04
-6.756168152700086648e+04
1.850533636210341938e+05
3.690266652315336978e+04
1.794733035058048699e+04
-8.426625917053792364e+03
-1.177665439679000883e+04
-1.665125131903645888e+04
-2.380752501347550424e+04
-3.532208541574918490e+04
-5.978026851660855027e+04
-1.778928314786774572e+05
1.732946818477791385e+05
5.601337965969974175e+04
3.027808660960324778e+04
-1.419637220000248817e+04
-2.262019658602767595e+04
-3.942495937276418408e+04
-7.983439572642654821e+04
-2.541530443511335179e+05
4.537306819418260129e+05
1.367497207122266409e+05
8.219745626145767164e+04
5.838430669525182748e+04
4.210267638834056561e+04
-2.962268774277874763e+04
-7.872572006817309011e+04
4.335833580572115607e+05
8.275746709149667004e+04
5.627496556227913970e+04
4.839367764577411435e+04
4.568315970068066963e+04
4.506945870425437897e+04
4.535008565043955605e+04
4.331560848425425502e+04
-1.565652016682171088e+05
8.878733894669888832e+04
4.158997225802759931e+04
3.093476300188490131e+04
2.719959708832561228e+04
2.620957430909880350e+04
2.681838197229337675e+04
2.871591704253231364e+04
3.178134486825905333e+04
3.390060731511067570e+04
7.356253207441461564e+04
3.420212227194484149e+04
2.436043209517334253e+04
2.038005017329153634e+04
1.867135223784328264e+04
1.822317690956675506e+04
1.869763357714140147e+04
2.002222019706875290e+04
2.206550262987410315e+04
2.295571269718948679e+04
3.590349154924241157e+04
2.345385503749324562e+04
1.835269094824456624e+04
1.579903101262880227e+04
1.450474853037941648e+04
1.399576728863167591e+04
1.408509908309400089e+04
1.467301128099169546e+04
1.541857709181621976e+04
1.437280131423510829e+04
2.635292556223650899e+04
1.896151532062603292e+04
1.524645549362292149e+04
1.314272083512671088e+04
1.191543572722113640e+04
1.125200241388178438e+04
1.098897445083367711e+04
1.094165529230098582e+04
1.051849164926133199e+04
7.946554444028391117e+03
