-4.497553551001397523e+02
-6.034596060804854005e+02
-8.467913158721227092e+02
-1.238033054184184039e+03
-2.032307612984000798e+03
-5.225828650893136000e+03
7.027538741014248444e+03
1.631267421329829858e+03
6.158875745632483358e+02
1.942095663368241958e+02
-5.434302842538685354e+02
-7.518199637713704533e+02
-1.042567576889932070e+03
-1.462245831528338385e+03
-2.159931771621441840e+03
-3.853716268640633643e+03
-2.099469380249374444e+04
4.472294575862364582e+03
1.417757429819150047e+03
4.686621811308002066e+02
-7.225514969229139979e+02
-1.021297251737228862e+03
-1.438090320325998846e+03
-2.018530531255970800e+03
-2.902724837856655995e+03
-4.705297512872222796e+03
-1.278778241459264791e+04
1.130085060708652236e+04
2.759148222948205785e+03
9.110955490110011397e+02
-1.030858626041810339e+03
-1.534151784499089217e+03
-2.294300948277543739e+03
-3.421884032130535161e+03
-5.212178279479376215e+03
-8.908490063601473594e+03
-3.002194788850109762e+04
1.536445840461147418e+04
4.351959503060505995e+03
1.469904051562528366e+03
-1.632856950056572259e+03
-2.760227661395483665e+03
-5.058519906032321160e+03
-1.051018745018402115e+04
-3.158153218639798433e+04
8.315220676171049126e+04
1.927752007986892568e+04
9.642557310400103233e+03
4.903975889864849705e+03
1.890946470275794127e+03
-3.211724211172729156e+03
-8.876053053762667332e+03
6.823548849513186724e+04
1.126798254860716588e+04
7.836762840455196056e+03
6.765468932195631169e+03
6.162408323657857181e+03
5.403776020390920166e+03
3.964974096464161448e+03
1.817925529846649624e+03
-1.612553439164664087e+04
9.965336158310796236e+03
4.926154823434208083e+03
3.860130978250178941e+03
3.512693831444781608e+03
3.417580832165106131e+03
3.394248808432846999e+03
3.268085512455813387e+03
2.670617050089182158e+03
1.310818115614684984e+03
6.965670147352122513e+03
3.530979447010470722e+03
2.680919794048456879e+03
2.372144051227460750e+03
2.251614180814441625e+03
2.216556989404139586e+03
2.197040134253310043e+03
2.088871380259401576e+03
1.644304300022052303e+03
7.462368628150321683e+02
3.136306003420365869e+03
2.239975243646717900e+03
1.883044157223073171e+03
1.708458927648960980e+03
1.622568671547073336e+03
1.571043752770860237e+03
1.505322678063852209e+03
1.337070223407673438e+03
9.092184591919084369e+02
3.367663406842584664e+02
1.999515501296824823e+03
1.649810548154924845e+03
1.428376164737294857e+03
1.298533335486159785e+03
1.211666753952470117e+03
1.131025343167720848e+03
1.010640129435743347e+03
7.749983158910818020e+02
4.010634566651745558e+02
1.147247931061048689e+02
