-1.392106790631065223e+03
-2.082106282980207197e+03
-3.111367180824526258e+03
-4.696762977464866708e+03
-7.565168973949956126e+03
-1.553413972916067542e+04
9.042610093984496780e+05
1.329463522368937265e+04
5.342677825921909061e+03
2.073038768862093548e+03
-1.713247478255320630e+03
-2.613918137866101006e+03
-3.909509231615002136e+03
-5.785590141608574413e+03
-8.775569502608697803e+03
-1.506308872442969005e+04
-4.481417135191263515e+04
4.015962922965689359e+04
1.163121432825397460e+04
4.852061739884778035e+03
-2.227530765521851208e+03
-3.499166555914895980e+03
-5.366706518226787921e+03
-8.049354725647424857e+03
-1.211610162269216380e+04
-1.979020940155416974e+04
-4.592890601123273518e+04
1.208917867489460332e+05
2.226283919366619375e+04
9.341471250249544028e+03
-3.076344594569110996e+03
-5.126501026320748679e+03
-8.417198363932411667e+03
-1.353161507381650154e+04
-2.174854860278111300e+04
-3.814855813217967807e+04
-1.085853184619110398e+05
1.208888669934710924e+05
3.410715865044898965e+04
1.560570677953856102e+04
-4.687894247338919740e+03
-8.934384158937702523e+03
-1.808025353956125036e+04
-4.055987320799977897e+04
-1.258789395274647541e+05
4.559412723334498005e+05
9.941663401566883840e+04
5.547174368011554179e+04
3.563685830140973121e+04
2.122335068589573348e+04
-8.811228512669169504e+03
-2.748555179415383100e+04
2.630140894173349952e+05
4.393728301066029235e+04
3.281379250829121884e+04
3.024221593704368934e+04
2.946738675493180199e+04
2.870985622072619663e+04
2.689158697892835335e+04
2.106068684497899449e+04
-4.035156800275184651e+04
3.092323250086963890e+04
1.689775910074709827e+04
1.454205487208508384e+04
1.438046178705502643e+04
1.504624024986420045e+04
1.605490789647222664e+04
1.712773377374686606e+04
1.776992153977964335e+04
1.544031765453128173e+04
1.848141429789875838e+04
1.046393653077486852e+04
8.914573836521620251e+03
8.715362547727407218e+03
9.047091212469538732e+03
9.647576912816399272e+03
1.036865431331723084e+04
1.107484166909312989e+04
1.136614067137097481e+04
9.370106864371227857e+03
7.964727267769038008e+03
6.435057546547481252e+03
6.075934210115716269e+03
6.142475141435460500e+03
6.422052303113185189e+03
6.797714122032602063e+03
7.176910898995763091e+03
7.423332852692734377e+03
7.101154732950678408e+03
4.918395112286671974e+03
5.091428915869704724e+03
4.647881104079777288e+03
4.538947188180075500e+03
4.618719985212440406e+03
4.786016077076499641e+03
4.965219629925373738e+03
5.069318107878901174e+03
4.924204457868298960e+03
4.063672285153520534e+03
2.056345975090153388e+03
