-1.905570723105108755e+02
-2.709889217293422234e+02
-4.470205535348431454e+02
-8.558509056058101123e+02
-2.078385414287346975e+03
1.184918901727585617e+05
2.343432411472083004e+03
1.027137062853272255e+03
4.338369085371183473e+02
1.237861831951529581e+02
-1.833999208750932155e+02
-2.870716986171063922e+02
-4.959222325922398795e+02
-8.752107149431567450e+02
-1.654796792726810281e+03
-4.292366380890734035e+03
1.723529323446096896e+04
2.813189756327389659e+03
1.167319992641580711e+03
3.834695227639080031e+02
-2.259766533256768639e+02
-3.806669159838792211e+02
-6.641199540715479088e+02
-1.152473245685454685e+03
-2.034481442203239340e+03
-4.188669210868699338e+03
-2.307975171028435216e+04
7.014664752764137120e+03
2.491543257117833491e+03
8.718132200978787978e+02
-3.270719094726571825e+02
-5.767124058616584534e+02
-1.069306546865978589e+03
-1.948955065528570458e+03
-3.503157581120181931e+03
-6.941309156429533687e+03
-2.974901304052988053e+04
1.371365309631513810e+04
4.564405813235740425e+03
1.582490488713909599e+03
-5.435787107336908548e+02
-1.102101317749775490e+03
-2.655530323321888318e+03
-7.218190177396987565e+03
-2.300892894113073271e+04
1.224612358167913510e+06
2.826945944404164766e+04
1.300620341511047991e+04
6.500295903772327620e+03
2.271221588513480128e+03
-1.215026244986695701e+03
-5.705480163793382417e+03
6.686981244762522692e+03
4.197893304198620172e+03
4.534700409801851492e+03
5.564813709952976751e+03
6.776825386359842923e+03
7.384922844124777839e+03
5.883732405643904713e+03
2.250493195887610909e+03
-1.465240180165987404e+05
2.155949751977723281e+03
1.544463923966472294e+03
1.616181269569970027e+03
1.957015461017992038e+03
2.518235643829916626e+03
3.245100106688158121e+03
3.903577082932280973e+03
3.518519824358589176e+03
1.409801227643615903e+03
1.514015457347992424e+03
9.631030392849462487e+02
8.751329363880729488e+02
9.707252349161458369e+02
1.174833222142863178e+03
1.476929297056092764e+03
1.834679120751334949e+03
2.078826866933055953e+03
1.677912320955335645e+03
6.068912754270077130e+02
7.119646349876926479e+02
6.048018697722154684e+02
5.980362516877366943e+02
6.547175231411166578e+02
7.711559221893683116e+02
9.252750640130221882e+02
1.064431285780777671e+03
1.041099829790573494e+03
6.475637888653535583e+02
1.905860524168571999e+02
2.857291681588466190e+02
3.748198681731866486e+02
3.946558180014534400e+02
4.330216519519573239e+02
4.910225852073130000e+02
5.457863274376497884e+02
5.423326398841187483e+02
4.024256995227310085e+02
1.751488970647855012e+02
4.339226116426898017e+01
