-1.884308758790182594e+02
-3.114117924333855854e+02
-6.363223076753052965e+02
-1.471660436503638493e+03
-3.964632338789087498e+03
-2.256592753626888953e+04
1.703911549077625386e+04
8.860827587941697857e+03
6.464791674119624986e+03
4.076650471501571701e+03
-1.681903267010223715e+02
-3.215894168106583493e+02
-6.997536618782436335e+02
-1.547460832349347584e+03
-3.590439085785527368e+03
-1.032126269209803104e+04
-2.428437803173542779e+05
2.234047380404510113e+04
1.363442001188874019e+04
9.504471292658407037e+03
-1.917400202498300246e+02
-4.025225225891581431e+02
-8.981271556727124334e+02
-1.981851204920563077e+03
-4.379326270793072581e+03
-1.075441930948041227e+04
-4.453884884538362530e+04
6.429778201370610623e+04
2.720909481340116326e+04
1.856158330534654669e+04
-2.597157054841026707e+02
-5.702622237878470060e+02
-1.367126392500455495e+03
-3.188670162462038661e+03
-7.152633406169113186e+03
-1.683383291333627858e+04
-5.739153185367571859e+04
1.795191776531161449e+05
5.463257036575175152e+04
3.583162685911251174e+04
-4.093833550142344961e+02
-1.010582259709901336e+03
-3.154906186675360914e+03
-1.058747401460057154e+04
-3.495822938466937921e+04
-1.420299254054884368e+05
3.710622595226328704e+05
1.258848203118508973e+05
9.349883345588186057e+04
7.160984925985801965e+04
-9.165229795103991819e+02
-4.747501741655308251e+03
7.990883435886735242e+03
6.665674612297190833e+03
9.676486436482507997e+03
1.614588948027933293e+04
2.767606401536345948e+04
4.716918620765642845e+04
8.020875784938696597e+04
1.040184808861945494e+05
7.112542335701489719e+03
1.681947908971993911e+03
1.637816573608724639e+03
2.330935588528017888e+03
3.801747320958466844e+03
6.567250059133640207e+03
1.158467152161247213e+04
2.079606627711741748e+04
3.816545610265195864e+04
5.466496960169664089e+04
7.480626714452640726e+02
6.685524150599731001e+02
8.436605010899512536e+02
1.296104655568587532e+03
2.133393703274286054e+03
3.612263053992307960e+03
6.133536586698311112e+03
1.031688906844270241e+04
1.646889227524038870e+04
1.826062049492059305e+04
2.158054851982330149e+02
3.483099197158385323e+02
5.154743750261731066e+02
8.058279708002083908e+02
1.315547280947464742e+03
2.157333694401460889e+03
3.465137675597911311e+03
5.284675854002424785e+03
6.904101985196968599e+03
5.447280027448779038e+03
1.884447806113667312e+01
1.451992246677537537e+02
2.864100335064301248e+02
4.859539146544973391e+02
7.966111405665047869e+02
1.259930242498103098e+03
1.871491188883321456e+03
2.441258532899866168e+03
2.338210710080660647e+03
1.227866898306765506e+03
