-2.410618167959390235e+02
-1.783211815261293225e+02
-2.988854336350710810e+02
-7.420443089729917574e+02
-2.263618898143794922e+03
-2.179298621398297473e+04
7.482292262640301487e+03
4.398045470049634787e+03
3.189532517132120574e+03
1.877063466618880057e+03
-1.252685097881497285e+02
-1.483022608300495904e+02
-2.817786990057337562e+02
-6.587593677010194142e+02
-1.681866422841242183e+03
-5.367485692264483987e+03
7.778211492202295922e+05
1.056047353597566143e+04
6.580657875821123525e+03
4.309073523703437786e+03
-1.647068655278310700e+02
-2.072705180641304992e+02
-3.599729966154966405e+02
-7.890564121752495339e+02
-1.877071926324486412e+03
-4.989571229473903259e+03
-2.269882981645037580e+04
2.876933208503026617e+04
1.266184714453424203e+04
8.154553440004420736e+03
-2.799397457051603055e+02
-3.560750384881343393e+02
-5.920298102072586062e+02
-1.257828426787353010e+03
-2.934830262858367405e+03
-7.308908148176606119e+03
-2.610805041822885323e+04
7.987954581482104550e+04
2.433124723338112381e+04
1.467928659760229311e+04
-5.450767883740421667e+02
-7.924042929651735676e+02
-1.560346513116851838e+03
-4.321844959750316775e+03
-1.380258153422777286e+04
-5.211948473663225013e+04
2.425229793570575712e+05
5.927890021395056101e+04
3.951258291901454504e+04
2.510720943668274776e+04
-1.395910036320752397e+03
-4.720853363122336305e+03
4.814093131401024948e+03
2.987791764380641780e+03
4.070760435974010306e+03
7.013658766691673918e+03
1.257878097315389641e+04
2.163660255451557168e+04
3.288428840005131497e+04
2.905056083861259322e+04
-4.349030577684164746e+04
2.176767184399719554e+03
1.198514099032609465e+03
1.176515564247915563e+03
1.667948058139592376e+03
2.854439942352839353e+03
5.167528365494997161e+03
9.339998930885894879e+03
1.562759338708092582e+04
1.557467010824398130e+04
2.492587870532910983e+03
1.134599520608941020e+03
7.766961740127031817e+02
7.592968397798045999e+02
1.007084609690836146e+03
1.613809346168698085e+03
2.745496318692181831e+03
4.579940882394570508e+03
6.651202375505372402e+03
5.610431412772566546e+03
1.440686037270465022e+03
8.477284508484087837e+02
6.162977965910075682e+02
5.640966932705896397e+02
6.845028885945325783e+02
1.006111650780541254e+03
1.565800274784099884e+03
2.296529535263316120e+03
2.644868681210113664e+03
1.672531831865122740e+03
9.056938997439280001e+02
6.649006905025891001e+02
4.853914238139308281e+02
4.204762061566216289e+02
4.626691626463225475e+02
6.095781581640177365e+02
8.302079147699533905e+02
9.845114183896242821e+02
8.084426315092073310e+02
3.730092078568351326e+02
