-2.899464181141914878e+02
-3.637590671025722031e+02
-4.951971162055621107e+02
-8.005674240450008483e+02
-1.643187004481472286e+03
-7.578245735417883225e+03
4.815302810870888607e+03
2.048650542466958086e+03
1.154728571284006421e+03
5.335368950806364410e+02
-3.723745042502166598e+02
-4.730212811207844652e+02
-6.328868699581172450e+02
-9.206171316017149593e+02
-1.530977084196394799e+03
-3.336148189899794488e+03
-2.845031137913185376e+04
5.853690593066543443e+03
2.663270443693404104e+03
1.312039368432726405e+03
-5.484105739559269068e+02
-7.065568179094192374e+02
-9.362416680647395424e+02
-1.302343311257779987e+03
-1.977590795349723066e+03
-3.565761636308872767e+03
-1.007959623537104744e+04
2.159244796710310402e+04
5.580509063152399904e+03
2.618506534662004924e+03
-8.687148274686146578e+02
-1.175597054028226012e+03
-1.624365544575509603e+03
-2.294807191701368993e+03
-3.410229342494925731e+03
-5.676876489184131970e+03
-1.311594049105478734e+04
1.077216196480966901e+05
1.105321946128139280e+04
4.669570206684382356e+03
-1.534259301182327363e+03
-2.379477749811727790e+03
-4.000487697532367747e+03
-7.205221016812436574e+03
-1.361312810683492899e+04
-2.916986926026621222e+04
-2.402003121573838871e+05
3.978942881056410260e+04
1.626289573798372840e+04
7.121141664411455167e+03
-3.429549651125789751e+03
-9.664856700281621670e+03
3.131374591318844250e+04
9.160666097053615886e+03
7.531674419575820139e+03
8.209742878473143719e+03
1.011932123546725597e+04
1.244865313525867896e+04
1.264620234495009390e+04
7.430113319834946196e+03
-2.579951878447197305e+04
8.081714432148600281e+03
4.100739318582519445e+03
3.230341860589875068e+03
3.134757201405755495e+03
3.533054002027503429e+03
4.426345893723071640e+03
5.802450181857495409e+03
6.856540418643124212e+03
4.775157464461462041e+03
7.456095270334802080e+03
3.519984735581187579e+03
2.482061763443096879e+03
2.110805011068128351e+03
2.044810884352571748e+03
2.220515014094245089e+03
2.634376620221717985e+03
3.231720974503855359e+03
3.518030097145560376e+03
2.290478636918234770e+03
3.960211775293783376e+03
2.504228180404667455e+03
1.906735929832286956e+03
1.623535917695711987e+03
1.528445207212449532e+03
1.575953829814683331e+03
1.736534842580520944e+03
1.906576117466773439e+03
1.725206114916733213e+03
9.052122438466294625e+02
2.841334503862287420e+03
2.032026456913424681e+03
1.570174446531594867e+03
1.315792132628467698e+03
1.188971124593716240e+03
1.147131388891852794e+03
1.137769531177154022e+03
1.040351562822942014e+03
6.986702077350136051e+02
2.772178096175105679e+02
