-1.009248064880704078e+03
-2.473396116943298239e+03
-4.690241975371481203e+03
-8.004926000567023948e+03
-1.360259298703623062e+04
-2.911781000400969060e+04
1.248678417326101044e+05
1.185921816929511624e+04
1.958931576203388204e+03
8.460456297613518473e+01
-7.679989436883715825e+02
-2.590150523657438953e+03
-5.403488083020483828e+03
-9.393808200293711707e+03
-1.517600617191148376e+04
-2.582221235280383553e+04
-7.068874541395594133e+04
5.482985887643301248e+04
1.027844428235639498e+04
7.600113117754040104e+02
-2.896866614188481890e+02
-2.692257455326551280e+03
-6.642237495431454590e+03
-1.232516382874893498e+04
-2.007640741266004261e+04
-3.208031307874324193e+04
-6.164875055866160983e+04
2.258119683625774924e+06
3.425360003330766631e+04
6.075407093795666697e+03
7.373471985758427536e+02
-2.601889363525070621e+03
-8.956156986448790121e+03
-1.903881260973255121e+04
-3.302337641981898196e+04
-5.303960790603979694e+04
-9.378581705427829002e+04
-4.067633772030364489e+05
1.055537366997171775e+05
2.074659150240488816e+04
3.156276600356078688e+03
-1.733511356201791614e+03
-1.561376426355948388e+04
-4.931998699583837879e+04
-1.177586204421503062e+05
-2.489558815104821988e+05
-7.286908522481146501e+05
8.655053727609331254e+05
2.084602684048158699e+05
5.462712032091630681e+04
1.064948315970235126e+04
6.036552151753087855e+03
8.096460971060831798e+04
5.074389981045765307e+04
5.954625201687460503e+04
7.408863991074777732e+04
9.101932329538009071e+04
1.086550033155906422e+05
1.241893414812622505e+05
7.741500195574238023e+04
9.414787906096846564e+04
-1.539233800223022445e+04
3.783472812261631134e+03
1.260750580701156650e+04
2.023811882167764270e+04
2.801544071643173083e+04
3.611162495659984415e+04
4.459893554657467030e+04
5.289772148003601615e+04
4.029075838173207012e+04
-3.897422084931308927e+04
-1.067328708054083836e+04
-1.174256485270018629e+03
4.980262907678179545e+03
1.014377028976026668e+04
1.487558300677358784e+04
1.915082909592701981e+04
2.263820756233033535e+04
2.390185865221511631e+04
1.474210387397445265e+04
-2.405128815737745754e+04
-1.027708705428333269e+04
-3.359844719794133653e+03
1.419463516071503136e+03
5.253233382743005677e+03
8.422503348196329171e+03
1.082633776811133794e+04
1.205425016532157133e+04
1.080313789588624604e+04
4.440919262652773796e+03
-2.112754977071458779e+04
-1.059228179936755259e+04
-4.771578883049539400e+03
-7.611331654326120315e+02
2.280654604862995257e+03
4.534388409113844318e+03
5.909957720359590894e+03
6.022404784663038299e+03
4.015441201541208102e+03
8.130668659906285711e+02
