-4.553911137211194728e+04
-3.535257899951959644e+03
1.562874721383956421e+04
-5.686740342905384023e+04
-3.996482192914229818e+05
-1.860443599187332904e+06
8.395617664967583120e+07
4.688184310432638042e+06
3.384886833858304191e+06
3.040716618460016791e+06
-1.161380553343870124e+05
-6.418130809092932031e+04
-2.774385057442634206e+04
-8.025032128061825642e+04
-3.757244932577109430e+05
-1.373344440514916787e+06
-6.456218597683844157e+06
1.540744268432970345e+07
6.201762834741871804e+06
4.869033588745739311e+06
-2.417022030442652758e+05
-1.836873386689035688e+05
-1.273382640319672792e+05
-1.629126685753861093e+05
-4.699811131110776914e+05
-1.462889113088213373e+06
-4.955646280301744118e+06
-9.576566178369468451e+07
1.328460364602832124e+07
8.697083870115397498e+06
-4.819851411291792756e+05
-4.455664350125070778e+05
-3.857816126773242140e+05
-4.235736310684976052e+05
-8.450452485723625869e+05
-2.242547334796076175e+06
-6.661167141626631841e+06
-3.743240072925134003e+07
3.522908155316416919e+07
1.923893425032819435e+07
-1.005875442878787173e+06
-1.166601662630621344e+06
-1.367131735565715469e+06
-1.855474826009220676e+06
-3.702950061489658896e+06
-1.047043561368812993e+07
-4.448083672679519653e+07
1.517871145948166847e+08
6.165538300553280115e+07
6.678169598836106062e+07
-2.541056586878932081e+06
-5.635499263353507034e+06
1.526751900689377077e+07
3.324649611138420645e+06
2.656741146290979814e+06
3.683434636665056460e+06
6.431831496936697513e+06
1.206753175470513292e+07
2.608758115618852526e+07
1.591557541243229806e+08
-1.914574678728047758e+07
5.779654331384064630e+06
2.303055752222695854e+06
1.456569717757347273e+06
1.309632993080527289e+06
1.697220053019407205e+06
2.781278554566872306e+06
5.057642107946571894e+06
1.027898925689486787e+07
3.202030114825813845e+07
7.122169774147363380e+06
2.812315641015447676e+06
1.640995011699076509e+06
1.155868630629434483e+06
1.018108936368336668e+06
1.189683208653161069e+06
1.743311017511239508e+06
2.866036342856077477e+06
5.059640421560876071e+06
1.028391241177747771e+07
4.081038142049623653e+06
2.227990909104225691e+06
1.442053020643503405e+06
1.050391477867704351e+06
8.986033910710426280e+05
9.606414173511987319e+05
1.261580303495183820e+06
1.863580461839362979e+06
2.897624150496904273e+06
4.694860307873670943e+06
3.363265564925606363e+06
2.020667314206323354e+06
1.357845431811747607e+06
9.964321324135457398e+05
8.277323668734771200e+05
8.223540141716824146e+05
9.796824663596295286e+05
1.309819350837271661e+06
1.830712062386963284e+06
2.573519935729198623e+06
