-8.685134387551832333e+03
-6.467700259726382501e+04
-1.230621384388642036e+05
-1.509996128725435992e+05
-6.964840399487131799e+04
4.675946400702665560e+05
-5.649157413245867938e+07
-2.366782476982805412e+06
-1.863659642087444197e+06
-1.776121631284796866e+06
2.865905457748254048e+04
-4.156096588899247581e+04
-1.223178319660256529e+05
-1.747550898281294503e+05
-1.222895140632263065e+05
2.395508221411786799e+05
2.332795610262035858e+06
-7.620079310320239514e+06
-3.319146845135866664e+06
-2.779406242741627619e+06
9.721882751407282194e+04
8.764103632205067697e+03
-1.087690972114002216e+05
-2.053846351405818132e+05
-1.831686996924821869e+05
1.538597181142751651e+05
1.592126034218521556e+06
3.187418705857666954e+07
-6.996105896095996723e+06
-4.886696562328866683e+06
2.319149227151717059e+05
1.280204770833332295e+05
-4.972348867863843770e+04
-2.396197550012834254e+05
-2.746956770251738490e+05
1.431258625955618045e+05
1.891166055363369407e+06
1.379054519819895737e+07
-1.916403476344763860e+07
-1.084540203995174728e+07
5.312892551858639345e+05
4.731108847632739926e+05
2.285211328490893648e+05
-2.650103173239972675e+05
-6.270741232843076577e+05
6.469754577406772878e+05
9.934015921079741791e+06
-1.371812335617897213e+08
-3.570019066772080213e+07
-4.196767120391006023e+07
1.418702841205517761e+06
2.649570008056973573e+06
-5.304740520481789485e+06
-3.686059911906243069e+05
1.876444114719687377e+03
-4.079742220068560564e+05
-1.793302468250429491e+06
-4.932196819749990478e+06
-1.324657389808928035e+07
-1.360787694984006882e+08
1.089352979475893266e+07
-3.055888884650356136e+06
-9.695061401844589273e+05
-3.903891561785550439e+05
-1.971435735953041294e+05
-3.015683607001327910e+05
-8.096381575593621237e+05
-2.018676086328546284e+06
-4.951484827872971073e+06
-1.813484623379073292e+07
-4.293235448688151315e+06
-1.564346832259396557e+06
-7.884233847339479253e+05
-4.284333921031713835e+05
-2.732085302138443221e+05
-3.010705330961528234e+05
-5.602073245380904991e+05
-1.166593057876528939e+06
-2.420506397890697699e+06
-5.526849483417233452e+06
-2.500682029587471392e+06
-1.287805355314098764e+06
-7.525129767090426758e+05
-4.629459708657823503e+05
-3.208943156015191926e+05
-3.117276849255110137e+05
-4.544203637673065532e+05
-7.910804728813911788e+05
-1.406046448177574202e+06
-2.522681476444360800e+06
-2.090968860563361086e+06
-1.201478585194149753e+06
-7.492433506912734592e+05
-4.887686962006069953e+05
-3.506717816580915824e+05
-3.180379161647670553e+05
-3.934032710863660323e+05
-5.865043983700512908e+05
-9.133011434439559234e+05
-1.414630676481138915e+06
