1.184560539626223908e+05
-1.441149420847306028e+05
-4.590231783632087172e+05
-7.162797901709839934e+05
-6.782670164368355181e+05
4.771196593256383203e+05
2.006417521538109332e+07
-1.005419801614836417e+07
-7.476674706948534586e+06
-7.098439189880277030e+06
3.492080281700572814e+05
2.428270581691610641e+04
-4.026014323196210316e+05
-7.986198736502627144e+05
-9.204738195214534644e+05
-2.649944160456239479e+05
3.438053730362193193e+06
-2.420649958148842752e+08
-1.474489119746479206e+07
-1.145312920718870312e+07
7.586740283532190369e+05
3.621439284479456255e+05
-2.390808135882309289e+05
-8.764259904059505789e+05
-1.226831339809313649e+06
-8.030557768789344700e+05
1.652254155482675182e+06
1.486565654301088490e+07
-5.723488865771510452e+07
-2.316884168255157024e+07
1.533631990890574409e+06
1.099828765757115558e+06
2.339131467351356987e+05
-8.754599590620456729e+05
-1.677938394675614778e+06
-1.455331544974716613e+06
9.200566609356021509e+05
9.410866873233119026e+06
5.914827314141710848e+07
-1.248077254903303832e+08
3.181620801237984560e+06
3.038022762836489826e+06
1.929240459819981363e+06
-4.128256429589797044e+05
-2.788010752930362709e+06
-2.985343051637506112e+06
7.577875934701140504e+05
1.106678715728113987e+07
3.288078099288833886e+07
6.409981203827098012e+07
7.710842564591730945e+06
1.227045488244125620e+07
4.013070408057284355e+07
-8.140620307649281807e+06
2.782438158835072070e+06
5.296872849586919881e+06
-3.911196811752027832e+06
-1.094498630782029867e+09
6.531520152245254070e+07
4.462498607005818933e+07
3.915860655544302613e+07
-2.671407748818928003e+07
-7.651923850539894775e+06
-2.990879821239251643e+06
-7.977744471406202065e+05
-2.987061460375820752e+04
-1.237933722166481428e+06
-6.734926803775698878e+06
-2.981053636440143362e+07
1.605154927991182804e+08
-3.007856826800649241e+07
-1.030319208347210847e+07
-5.244708198582878336e+06
-2.778535585931680165e+06
-1.374767433856550371e+06
-7.910700105794430710e+05
-1.234354511967101833e+06
-3.320953634268884081e+06
-8.807310543692676350e+06
-2.690574612799812481e+07
-1.528319049823728390e+07
-7.873694025265272707e+06
-4.643440862964714877e+06
-2.788313652313729748e+06
-1.664112800024040742e+06
-1.141073866935954429e+06
-1.294057337906664237e+06
-2.325107193509294186e+06
-4.628921628520478494e+06
-9.231260192957963794e+06
-1.221483552189263329e+07
-7.049699673663505353e+06
-4.415556834687760100e+06
-2.815601074479006231e+06
-1.822533599994030548e+06
-1.321630692593915621e+06
-1.317151357741685584e+06
-1.856295380008504726e+06
-3.004454846381610725e+06
-4.883987744143471122e+06
