3.167650680671541977e+03
3.765800482488524267e+03
4.103563503484116154e+03
3.830216296424126085e+03
2.166131152203774036e+03
-8.163064714557426669e+03
2.582907709164441621e+04
1.330044747294815716e+04
1.044630582898207103e+04
7.982124927084180854e+03
4.351860766505276843e+03
5.209391324392029674e+03
5.609624343153229347e+03
5.043543341922530999e+03
2.699758306123510920e+03
-4.530474561406205794e+03
-7.086653003957678447e+04
3.893146805800031143e+04
2.272703150494236615e+04
1.702023170320734789e+04
6.308097646099256053e+03
7.776055735564821589e+03
8.561839550160973886e+03
7.749539074816020729e+03
4.328657317472179784e+03
-4.183680645914449087e+03
-3.414367861051779619e+04
2.202189331114330853e+05
5.201277029716093966e+04
3.438324232574846246e+04
9.771539974980642000e+03
1.283282637143285137e+04
1.504037684820620962e+04
1.425342573244156847e+04
8.632919363865863488e+03
-4.007233989116693920e+03
-3.504057841119419027e+04
-2.629204262917750166e+05
1.560973262089298805e+05
7.784243373017106205e+04
1.681730784496304477e+04
2.539689319059955233e+04
3.545954185731105099e+04
3.907411716973033617e+04
2.647427348463034650e+04
-2.850715408828316413e+03
-5.431447899237453385e+04
-1.981639505223983142e+05
3.722841671089685522e+06
2.721091231574994745e+05
3.611103119132709980e+04
9.125038306874826958e+04
8.772724271959660575e+06
-1.526664425428327813e+05
-8.238074026890205278e+04
-4.755190514135506419e+03
9.095327729953399394e+05
-9.794439047345174477e+05
-8.494433754934855970e+05
-1.457643166908928193e+06
2.080729137306586781e+05
-1.045908252737826842e+05
-4.935298124120599095e+04
-3.367208482644163450e+04
-2.229088919493962385e+04
-5.889611879226620658e+03
2.758315250052541160e+04
1.138785084787141386e+05
5.378615992656466551e+05
-1.525243676919521997e+06
-8.960693723913712893e+04
-4.128802661329413968e+04
-2.834513327620041673e+04
-2.121904284023186483e+04
-1.461470205029821955e+04
-5.564914476223897509e+03
9.413658894275649800e+03
3.679358792497315153e+04
9.331482244815128797e+04
1.995345841307094088e+05
-4.576898016771365656e+04
-2.878202089825369330e+04
-2.128865788920889099e+04
-1.623904503389238380e+04
-1.133142823144205431e+04
-5.150904601844172248e+03
3.623641103359029330e+03
1.643950427841643977e+04
3.414337372508458066e+04
4.683363209746100620e+04
-3.507617352301187202e+04
-2.349328292476727802e+04
-1.755123259236928425e+04
-1.328680557953513926e+04
-9.260753011505050381e+03
-4.671947060647679791e+03
1.050208331787577890e+03
7.783067477680632692e+03
1.407332758165014639e+04
1.379300744491485420e+04
