-6.938617949212926760e+03
-5.699664125664950006e+03
-1.746849966357329777e+03
7.175888995017594425e+03
2.792889054814796691e+04
1.083826613025103725e+05
-3.189937965250695124e+05
-9.427562310126237571e+04
-6.342206005824913882e+04
-5.254902370373821032e+04
-9.730117706561019077e+03
-8.081154644257494510e+03
-2.496572638262832697e+03
9.558388562073656431e+03
3.351219305819946749e+04
9.259225924657811993e+04
5.346538448168464238e+05
-2.750310878997080144e+05
-1.317413984447978146e+05
-9.415453675016359193e+04
-1.459907694623925090e+04
-1.280986165896530656e+04
-4.883411189411202940e+03
1.274296765961453093e+04
4.516482801343012397e+04
1.099375062295431853e+05
3.216764319550393848e+05
-1.686187709550879663e+06
-3.051717263730291161e+05
-1.854347675669006712e+05
-2.353988951935182922e+04
-2.267928574469099840e+04
-1.122228723256502053e+04
1.810877890233809012e+04
7.070657767129101558e+04
1.612789218902828288e+05
3.702207636444184463e+05
1.876503465395212406e+06
-9.504795013031641720e+05
-4.341103538248870173e+05
-4.217339593686891021e+04
-4.817367282377213996e+04
-3.336610319881961186e+04
3.389434397765173344e+04
1.651433948499760882e+05
3.515289911920835730e+05
6.629012925206765067e+05
1.566751113866834668e+06
-3.540307196899252385e+07
-1.811067128117358312e+06
-9.419497004225000273e+04
-1.858133701972434646e+05
-5.841790035837280005e+07
-7.287760075120006513e+04
-3.983050058913698304e+05
-1.206258725503382739e+06
-5.667686374232102185e+06
1.176009370624819584e+07
5.136368085605596192e+06
3.629282904859166127e+06
-5.716062387233423069e+05
2.221643533204603882e+05
6.458266535385446332e+04
-4.300131958757810025e+03
-8.026813598493773316e+04
-2.000792912435637845e+05
-4.238595915013388149e+05
-9.508793520803980064e+05
-3.848724773192637600e+06
2.967541831644750666e+06
2.467136721627581283e+05
9.299385697039432125e+04
4.201543385203167418e+04
3.899602036332454190e+03
-3.933194087583332293e+04
-9.918303856408374850e+04
-1.907174053832885402e+05
-3.467997392844253918e+05
-6.893774552176858997e+05
-2.621297475655865390e+06
1.299816549956909585e+05
6.799387265936538461e+04
3.493559569968812866e+04
7.401261536561792127e+03
-2.250795395560850011e+04
-5.965505261389668885e+04
-1.086131301565246395e+05
-1.762024130004666804e+05
-2.797331378560056328e+05
-5.046836080529408646e+05
1.011705810597099917e+05
5.771475124209605565e+04
3.123051853383431808e+04
9.140947458720047507e+03
-1.328346172221124652e+04
-3.841297927552927285e+04
-6.756575738976946741e+04
-1.018958888091855042e+05
-1.455255383514994464e+05
-2.341013255805874360e+05
