-2.131432373584375000e+03
-1.169503360725217135e+03
1.633174970870051311e+03
8.066938270937753259e+03
2.363991867766126234e+04
8.571938497240057040e+04
-2.534920314339740726e+05
-7.439152953311720921e+04
-5.055280981434793648e+04
-4.293132698506828456e+04
-2.750946038940064227e+03
-1.475731478705583413e+03
2.219527876849649601e+03
1.020818320606479574e+04
2.663565845259144407e+04
6.852345339261429035e+04
3.850886937390701496e+05
-2.011027788662342646e+05
-9.668571667161889491e+04
-7.003059413172493805e+04
-3.817410844116314365e+03
-2.147330203387010897e+03
3.085774275208401377e+03
1.427233709747321336e+04
3.525501060049352964e+04
7.856406440789566841e+04
2.232085588409111660e+05
-1.187455164070457453e+06
-2.120914823322510056e+05
-1.297595637456254044e+05
-5.733832160416817715e+03
-3.558880930830385296e+03
4.679135170642389312e+03
2.317995216837468979e+04
5.592506025564643642e+04
1.137802794717986835e+05
2.508874259584278334e+05
1.242610627799639711e+06
-6.389022197681680555e+05
-2.922914606995316572e+05
-9.631576462051210910e+03
-7.184280179330831743e+03
9.159029517590826799e+03
5.539005643209673144e+04
1.358117902526857506e+05
2.489683414984753181e+05
4.446887766071906663e+05
1.024840152897743275e+06
-2.906507801162556186e+07
-1.214607937371116132e+06
-2.030391928369310335e+04
-2.667509588636435001e+04
2.328797135316415690e+06
-1.854583102655991097e+05
-3.479031041571500245e+05
-8.657320409195227548e+05
-3.762743774679252878e+06
7.673159818741928786e+06
3.224724820706247352e+06
2.156406405711331870e+06
-1.177812883220429649e+05
3.048271229821704401e+04
-7.915718288145434599e+03
-3.574572994464459771e+04
-7.659938730771023256e+04
-1.480329061807227845e+05
-2.861015223748509889e+05
-6.156131443108585663e+05
-2.473046459015252069e+06
1.737561967478904640e+06
4.761453672130332416e+04
1.237926187113908236e+04
-3.406286156617124561e+03
-1.967291182890382697e+04
-4.214036386087269784e+04
-7.628654856433517125e+04
-1.307662016654720355e+05
-2.256977665607513336e+05
-4.387302626607724233e+05
-1.860476240757540800e+06
2.389392213637011082e+04
8.735842453799330542e+03
-1.847684699503729462e+03
-1.327117496847475377e+04
-2.801508084643280017e+04
-4.816096394930299721e+04
-7.610188456469320226e+04
-1.158898817181936174e+05
-1.790998858278943808e+05
-3.386856908137546270e+05
1.749503100231864300e+04
7.081819030116261274e+03
-1.122334313462220962e+03
-9.718796724415313292e+03
-2.003751724200742683e+04
-3.285085103815385082e+04
-4.866476242996585643e+04
-6.818262778878610698e+04
-9.514550624090566998e+04
-1.724679480756694975e+05
