-1.340475052880453006e+02
2.130524261607997119e+02
1.191777563665390183e+01
1.433379979938497399e+02
5.234839472481062330e+02
1.695876897961981285e+03
8.262057021895725484e+03
-1.014556131344675669e+05
4.737934564892470917e+03
6.206172142643681582e+02
-6.176636508190829034e+01
-9.030091105721103872e+01
3.419290789670563413e+01
2.282809994830449227e+02
7.050875452781489230e+02
1.909356602582332698e+03
6.740407829410277373e+03
-5.779549663863349269e+04
-2.490174429163629611e+04
4.179290620650975143e+03
-3.873321722770847941e+01
-4.874867244826389623e+01
8.207300381117087795e+01
3.694577756973273495e+02
1.008294265237146988e+03
2.410685823516574146e+03
6.487749853083378184e+03
4.409946916945555131e+04
-3.247747036947824017e+04
2.935982032732908192e+04
-1.668522113968070997e+01
1.565114253513501730e+01
1.931957389114579939e+02
6.823398348081504992e+02
1.687946967988466440e+03
3.669725549972149565e+03
8.263892761203231203e+03
2.571170290993542585e+04
-9.737531332179617137e+06
4.494887969825961045e+04
1.047823699554330688e+03
1.261611740970278390e+02
5.566031226787915784e+02
1.859026586254253061e+03
4.392688112068318333e+03
8.484911808046617807e+03
1.587997775469589396e+04
3.236300520090320060e+04
5.669165672529479343e+04
2.394473065308291916e+04
2.318917173926550106e+02
6.886269374308587885e+02
3.970639915303741145e+04
-6.850458637138312042e+03
-1.108915249868837418e+04
-2.600138791397116438e+04
-8.809960427151151816e+04
3.585782120021067676e+05
5.669831208829036041e+04
1.679514925074555504e+04
1.093508273075710349e+03
-1.661515548788681372e+03
-1.069997918932887160e+03
-1.535308242948158977e+03
-2.718533857393293601e+03
-5.108837843141365738e+03
-9.971041104743650067e+03
-2.253749535247824315e+04
-2.231769255274614785e+06
1.375685869583383646e+04
-3.737827400725157531e+03
-7.375135179063817077e+02
-6.909127308644590357e+02
-9.763531916849361778e+02
-1.618950384441478036e+03
-2.785407062101094198e+03
-4.843374300005343684e+03
-8.984241234664757940e+03
-3.042466647914281202e+04
9.516408754608557501e+03
-2.162542869896037246e+03
-6.598776140994064008e+02
-5.827597781175188629e+02
-7.699609556366701781e+02
-1.178023150662975240e+03
-1.878068985209255061e+03
-3.025744782692284844e+03
-5.222824446098143198e+03
-1.994667391565020807e+04
3.456021314255580819e+03
2.794814659339283935e+03
-8.563077066004209428e+02
-6.019084142939308322e+02
-6.938164762438062780e+02
-9.665964717444148846e+02
-1.445980067360829253e+03
-2.282677560901753168e+03
-4.678122279841863929e+03
6.600893049144961878e+03
6.929754799006008170e+02
