2.240002311389752663e+02
4.701138634904353921e+02
9.739742950065965488e+02
1.972723993439887181e+03
4.307252242277338155e+03
1.384476324980676873e+04
-3.460538075504981680e+04
-1.092210458311233197e+04
-1.006201557768882958e+04
8.152060004259988091e+03
3.423665865383752589e+02
6.717174790215123039e+02
1.302573954847454161e+03
2.478690560773344714e+03
4.797583760643453388e+03
1.083769857922180927e+04
6.943203965649301244e+04
-2.430209754023674759e+04
-1.308476071250907626e+04
-1.841092058014453869e+04
5.310688669400630033e+02
1.006001051659370319e+03
1.925968852200351648e+03
3.551589809420992424e+03
6.404705835492046390e+03
1.235758321057756621e+04
3.453859492338853306e+04
-9.758392416062856501e+04
-2.529733266198328056e+04
-2.094955883607564465e+04
8.604746134877092345e+02
1.672956207672961455e+03
3.298858436702662402e+03
6.102686819962012123e+03
1.051477741580622023e+04
1.829261900254103602e+04
3.848619590129054268e+04
3.060105440939815599e+05
-6.862208659252697544e+04
-4.571821443688094587e+04
1.549450313133811733e+03
3.382618226335988311e+03
7.834758049192091676e+03
1.641789197235832398e+04
2.814112350851731753e+04
4.341477883111479605e+04
7.327855780303565552e+04
1.899279708795147017e+05
-7.483761496970951557e+05
-8.957981851298201364e+05
3.511917031653665163e+03
1.367617687325891711e+04
-1.014718923000709183e+05
-3.907508910571991146e+04
-5.250787590647047909e+04
-9.864260221941165219e+04
-2.370478320814601029e+05
-1.141892218793436652e+06
4.488179795690704486e+05
8.875614390622577048e+04
2.457373274059690812e+04
-1.152113642587000322e+04
-8.589549722870699043e+03
-1.014716879805013014e+04
-1.440495363881793492e+04
-2.243351991126617577e+04
-3.728308031645873416e+04
-7.051463865406120021e+04
-3.374313449238649919e+05
6.248157637296549365e+04
-8.581031299821128414e+03
-5.014576499095212057e+03
-4.996378329658837174e+03
-6.152143302891039639e+03
-8.438655526306290994e+03
-1.217456633350480661e+04
-1.805941198756106314e+04
-2.826502788536868684e+04
-5.980775157492193830e+04
5.484184245246958744e+04
-4.865973070888387156e+03
-3.620689181240719336e+03
-3.713646187005645970e+03
-4.487818832096246297e+03
-5.874756011797901010e+03
-7.944492185701687958e+03
-1.085129309466144150e+04
-1.526580859299089570e+04
-2.811250482636266679e+04
2.101804489844095588e+04
-4.590762776021419086e+03
-3.114878988069935986e+03
-3.070188382454548901e+03
-3.537167884790711014e+03
-4.394747910907000914e+03
-5.622899202711953876e+03
-7.294197433825589542e+03
-1.022119941147363716e+04
-4.090598839136813331e+04
3.271715072685827181e+03
