5.693967744700173528e-02
1.924953842176175911e+01
1.097199462973181312e+02
3.214322906203951220e+02
8.530975436655536441e+02
2.601630057358121576e+03
2.289820671346423478e+04
-2.348274009437644781e+04
3.988399958543584489e+03
4.688906262431429468e+02
4.299742896933524960e+00
5.648183189108403468e+01
1.877451604907601848e+02
4.843108181693064580e+02
1.141344182502796230e+03
2.855237730592977186e+03
1.233983330323453265e+04
-1.927377055344180553e+04
-1.578519854913372001e+04
3.883381922607385150e+03
2.918139456996225434e+01
1.085262609976860944e+02
3.129543115769416204e+02
7.531466782386947898e+02
1.638008432613610012e+03
3.596188335027309677e+03
1.030455240880349083e+04
-1.639885760378532868e+05
-1.953244023852486498e+04
6.609783029799489304e+04
7.285956232011211853e+01
2.097194681759521870e+02
5.748532980711221398e+02
1.353129419457568474e+03
2.782159034273293400e+03
5.568244638174520333e+03
1.282308935418075089e+04
6.351492031024285097e+04
-6.046107515483280440e+04
2.587657113346580300e+05
1.674940476937373433e+02
4.688220941536170585e+02
1.429011452522493983e+03
3.752600443257370443e+03
7.659665005556497817e+03
1.368358659536541381e+04
2.597936500617888305e+04
6.583132046201787307e+04
2.205260573606888647e+05
3.994058111357190501e+04
4.322998992102455986e+02
1.948544779427259982e+03
-2.099094324006582610e+04
-8.933446031156296158e+03
-1.395173529524743390e+04
-2.927157359116532461e+04
-7.379078897923298064e+04
-3.811450233752150089e+05
1.110776987721460901e+05
2.281938936658331659e+04
2.051633149276879067e+03
-2.109939699447617841e+03
-1.713947916931147120e+03
-2.374505698196838239e+03
-3.930985990016140022e+03
-6.979723357023760400e+03
-1.297571823595696696e+04
-2.765069736335891503e+04
-4.208187625560444430e+05
1.727177727628783396e+04
-3.045503158747064845e+03
-9.653047771775063666e+02
-1.037789901403496287e+03
-1.469125173293333319e+03
-2.333900103088346896e+03
-3.844858922529498614e+03
-6.447822498491279475e+03
-1.159652430461109543e+04
-3.826376357446239126e+04
1.122999723219367297e+04
-2.728292256826288394e+03
-7.985346439933737201e+02
-8.093403766831188477e+02
-1.104405065194003100e+03
-1.657648012794958277e+03
-2.560525365639510710e+03
-4.001707613319072152e+03
-6.736850620904119751e+03
-2.692878151623333542e+04
3.850056271784461387e+03
1.023485887160589641e+03
-1.028064741473326876e+03
-7.726507770133665645e+02
-9.393403646733648884e+02
-1.311291582544887660e+03
-1.924759202661858353e+03
-2.973743504017595114e+03
-6.119042943612912495e+03
6.684625496611789458e+03
7.304730435547442084e+02
