2.100147510314793067e+02
4.027405084937288962e+02
6.385591235735537339e+02
8.634153722621126690e+02
1.032327634552707423e+03
7.935349221238840300e+02
2.474224231754326375e+00
2.760446632263538049e+02
3.428628338927001664e+02
2.177870010089700088e+02
2.695312273616515881e+02
5.524000501710013395e+02
8.976696337284529363e+02
1.258588469435655270e+03
1.593977774971714325e+03
1.821342175204729074e+03
7.569049781456931214e+02
1.372048938218119360e+02
4.423926096325192248e+02
3.853172655675538181e+02
3.265814675231023330e+02
7.408173368435045631e+02
1.299737671754068515e+03
1.902438767445617941e+03
2.454987878407609969e+03
2.956453927544949238e+03
3.080101096798067374e+03
8.160002269043151557e+01
3.620658560176696596e+02
4.921973430520163788e+02
3.763979491391330043e+02
1.049069123623506357e+03
2.084663473917064039e+03
3.279451911058012683e+03
4.313474626840936253e+03
5.191576857149133502e+03
6.079942998623113454e+03
2.634337362580492481e+03
8.209470540591800614e+01
4.671822430904589964e+02
4.187807625637265687e+02
1.722549812316273801e+03
4.495671563717403842e+03
8.629964981437207825e+03
1.202690537347056670e+04
1.379967362121031329e+04
1.521978616044055889e+04
1.084782775817173206e+04
1.851550636199179962e+02
2.620369861226425314e+02
4.075476874172280759e+02
5.370933634870670176e+03
-4.411787424182103132e+04
-1.803534469326102408e+04
-2.038458405300938466e+04
-2.844437196437617240e+04
-4.363924426525754097e+04
1.115247753818847472e+06
1.789937156381353134e+03
3.392313932964710688e+01
-9.415422755280821002e+04
-3.131428924394213482e+03
-3.559120108844088008e+03
-4.446774968062424705e+03
-5.640157974461567392e+03
-7.060134599978035112e+03
-8.634723170756722538e+03
-1.203956440161996579e+04
4.067391084970530301e+03
1.144941529950113335e+01
1.003766390183133581e+03
-8.440320019744053752e+02
-1.690313586021053879e+03
-2.431782031741772698e+03
-3.163585829360286880e+03
-3.852070234374892607e+03
-4.461541825937947578e+03
-5.591563249300817006e+03
4.047092947702777565e+03
4.518930349532600133e+01
9.807965718066043337e+02
1.759785121764024609e+02
-9.678771157388296160e+02
-1.562566244774425286e+03
-2.073954337233231399e+03
-2.489876558066242069e+03
-2.833420818102105386e+03
-3.923872979227338419e+03
1.294718259576657829e+03
2.979422496515905294e+01
9.010466510345337383e+02
1.225696069151700272e+02
-6.444705364333534590e+02
-1.088022414978505367e+03
-1.474586702107696283e+03
-1.794994092147571791e+03
-2.249165701364565848e+03
-1.895242176523351809e+05
2.298897116308604893e+02
8.054288783094532889e+00
