1.144118921445356278e+02
2.310954506197306273e+02
4.277726751168569876e+02
8.127368502509475547e+02
1.697622393833366004e+03
4.856377914160371802e+03
-5.734878341541912232e+04
-9.056522861982821269e+03
4.435071399400203518e+04
9.225178514249214459e+02
1.937716224353092400e+02
3.453634765243970151e+02
6.184229804619872084e+02
1.112669181869455997e+03
2.093612124454386048e+03
4.636490353404263260e+03
2.337025397109299593e+04
-1.536093920079931559e+04
-1.017545754821459741e+04
1.096981520424053815e+04
2.925030827365945356e+02
5.253509664969442383e+02
9.440998615795119804e+02
1.660566537522087856e+03
2.927793279029312998e+03
5.633597133267017853e+03
1.567253511152581996e+04
-6.385323425328871235e+04
-1.635682645985213094e+04
-3.685490029029684229e+04
4.619623029357724704e+02
8.697991154362149473e+02
1.637478983045937639e+03
2.921203120674518686e+03
4.949350734630030274e+03
8.675986354771810511e+03
1.879127584981384280e+04
1.471385470047670533e+05
-4.325510423730021284e+04
-6.884203305140609154e+04
8.072800279109908388e+02
1.738171081411925115e+03
3.919307403386219903e+03
8.079996969615800481e+03
1.386892496783893330e+04
2.193278506815334913e+04
3.927433595116760262e+04
1.163905268166766036e+05
-6.824911311966448557e+05
8.146229715401005524e+04
1.775750123047715988e+03
7.014757849516514398e+03
-4.184969140399363823e+04
-1.740884230375765037e+04
-2.261801680236938410e+04
-3.973988758688524831e+04
-8.114682512621111528e+04
-2.143010731029926101e+05
2.500314935693437583e+05
3.101198555020397180e+04
1.177775683232153824e+04
-5.589270711832406960e+03
-4.106409366589637102e+03
-4.748790609079367641e+03
-6.644589465736358761e+03
-1.027191851964846683e+04
-1.700470747170339746e+04
-3.211256798345161587e+04
-1.870196303020005580e+05
2.217927580992085859e+04
-4.308623749588494320e+03
-2.422406893049849259e+03
-2.383866391399203621e+03
-2.892710588265490969e+03
-3.943644652080216019e+03
-5.711442704623470490e+03
-8.603763402721191596e+03
-1.399311811763228070e+04
-3.712873121773548337e+04
1.455415723969330611e+04
-2.530084826715293730e+03
-1.750179598945334874e+03
-1.761974802189425873e+03
-2.114901489161720747e+03
-2.769732097236182653e+03
-3.791393415429578454e+03
-5.334331441096280287e+03
-8.073948535059256756e+03
-2.308592884175276413e+04
4.970123729426039972e+03
-3.472777605125719674e+03
-1.578100257139891482e+03
-1.483871982387509433e+03
-1.692419427092799879e+03
-2.114532163256518743e+03
-2.772057698581835211e+03
-3.818654325851769499e+03
-6.525237160791079077e+03
1.322772711561777578e+04
9.279479783826895982e+02
