7.049285872557017001e+02
1.402446261420081555e+03
2.651684807593765072e+03
4.987222923940361397e+03
1.024233475874636497e+04
3.353732677136265556e+04
-4.925563879791517684e+04
-1.677409301846110975e+04
-1.200486580471843445e+04
-3.604376555441023811e+04
9.829460394345231862e+02
1.906823255015860468e+03
3.541923765280152566e+03
6.334896987410120346e+03
1.152583218486511578e+04
2.504649084927176227e+04
2.305845519605354639e+05
-3.917561328797339229e+04
-1.963811583796277409e+04
-1.663713276418845635e+04
1.392715990433314118e+03
2.756738217605201044e+03
5.182737489124739113e+03
9.123684373494954343e+03
1.560313399140148795e+04
2.887569106176218338e+04
8.352727896013690042e+04
-1.311530830423924781e+05
-3.928336382006921485e+04
-2.594963453489183667e+04
2.099836081962985190e+03
4.392091855265482081e+03
8.714071924564006622e+03
1.567048136700764917e+04
2.596765350101365038e+04
4.368191815943364782e+04
9.314555049015751865e+04
-6.084860382874422707e+06
-9.639660622638859786e+04
-5.417867754736179631e+04
3.524928408906960613e+03
8.494506335347585264e+03
2.035680451524737146e+04
4.271205269704631064e+04
7.246563926238595741e+04
1.110176276757998567e+05
1.962662599673562218e+05
9.043370613970629638e+05
-3.571411408911383478e+05
-1.926411269979945500e+05
7.504425327899926742e+03
3.373406351887725032e+04
-1.944950443868436560e+05
-8.682179672053712420e+04
-1.102536728635451291e+05
-1.811568264808424283e+05
-3.259182682210834464e+05
-5.801755398163045757e+05
-1.391924431208578870e+06
5.407175900688196998e+05
5.434606405620993610e+04
-2.480546421302786621e+04
-1.987927293226767870e+04
-2.365173886134471468e+04
-3.259557769652338175e+04
-4.819568990325700724e+04
-7.443557024962920696e+04
-1.240660418858023477e+05
-2.990667441182605107e+05
2.817839166542235762e+05
-1.507173142248356635e+04
-1.043692234183905202e+04
-1.123523520517885663e+04
-1.412495584323224466e+04
-1.907322381078276521e+04
-2.655082582216873561e+04
-3.748837655558337428e+04
-5.457601199063198874e+04
-9.300145807674195385e+04
8.313979727705138503e+05
-8.035310397555139389e+03
-7.141980837109493223e+03
-8.053265179767319751e+03
-1.006065666805069122e+04
-1.311269375910132294e+04
-1.727528929804979634e+04
-2.265536454648584549e+04
-2.984209223051106164e+04
-4.383521179736311024e+04
6.070393917032623431e+05
-6.649153605738994884e+03
-5.729720830938481413e+03
-6.340165477505148374e+03
-7.669556888929818342e+03
-9.586043415777156042e+03
-1.201041911034123223e+04
-1.489502922179978123e+04
-1.873722765625736429e+04
-3.086298164557253040e+04
1.848850743373277874e+04
