-3.859485424988134810e+02
1.655584616975871199e+02
1.114202438751614864e+03
2.787705419983466527e+03
6.144819930996020958e+03
1.661356525659334875e+04
-2.087582956245236855e+05
-2.024554144684194762e+04
-1.336614214251933299e+04
-2.005007705983347114e+04
-6.005110282856563799e+02
1.720363368604490688e+02
1.610569588981067454e+03
4.089305485405809577e+03
8.560780354868955328e+03
1.895180557479604249e+04
7.881754824765415106e+04
-6.457532785131906712e+04
-2.792014126133598620e+04
-2.155865637441821309e+04
-1.083869487230744880e+03
4.800718493744461135e+00
2.203919265244556300e+03
6.060070754379871687e+03
1.262333884689756269e+04
2.566283885930781253e+04
6.870694994973039138e+04
-3.936321108890401083e+05
-6.566499941249897529e+04
-4.177468885960421176e+04
-2.050348398730478493e+03
-5.413922455567336556e+02
3.082201547398087769e+03
9.932668980876396745e+03
2.136976165817439687e+04
4.187126271339706000e+04
9.475578130876868090e+04
8.106909456740983296e+05
-1.736661620228664251e+05
-9.308327896984912513e+04
-4.155118929073552863e+03
-2.196716585163491345e+03
5.056439043793060591e+03
2.316188426011999763e+04
5.641308319762544124e+04
1.114128088087256765e+05
2.375706949037524173e+05
1.376278217552983202e+06
-4.977754353252304718e+05
-2.574140816803093476e+05
-1.008337277197377807e+04
-1.113131656446730995e+04
7.880414625725874794e+04
-7.194449684776554932e+04
-1.024620539880701253e+05
-1.723406151893268107e+05
-2.921175538528575562e+05
-4.481653990087123821e+05
-6.140840206243640278e+05
-9.998389827608712949e+05
-5.714723398075156729e+04
2.122724298317463763e+04
-1.375794726413506169e+03
-1.277684745944691531e+04
-2.642424976392562530e+04
-4.707309252179141185e+04
-8.075698342167955707e+04
-1.395933813288207457e+05
-2.659904917153993156e+05
-1.024947500780030736e+06
3.396155317937662039e+04
9.495562306136051120e+03
8.556778067512989310e+02
-6.154351690096845232e+03
-1.442256205274931744e+04
-2.586524088352312538e+04
-4.287579757197750587e+04
-6.990308568150112114e+04
-1.203225320241796726e+05
-2.988857251839915407e+05
1.785598902771757275e+04
7.619582366565862685e+03
1.763766119414795412e+03
-3.415513774274694697e+03
-9.250427137032593237e+03
-1.669763447497523885e+04
-2.677646385547439786e+04
-4.112658639548439533e+04
-6.451635959845299658e+04
-1.356688703838164802e+05
1.399774506363128421e+04
6.959087786133610280e+03
2.270258689049836448e+03
-1.878943828835326485e+03
-6.280043649413055391e+03
-1.147825539321755605e+04
-1.795078258412557989e+04
-2.651398524895218361e+04
-4.074252575863864331e+04
-1.274596320470704522e+05
