7.583496004769879164e+02
1.107944159113294745e+03
1.655662761408791084e+03
2.636431912990734418e+03
4.747616879400396101e+03
1.165492180861001361e+04
-2.986459568839913700e+05
-1.614162001338407208e+04
-1.156088777201178527e+04
-2.630288260346410971e+04
1.123441532098070184e+03
1.616816180240725998e+03
2.376690766620037266e+03
3.615264587459629183e+03
5.918996660927758967e+03
1.153850066345623418e+04
4.324278631136041076e+04
-4.145092971016379306e+04
-1.809295848939443385e+04
-1.631225492216806742e+04
1.670842489102404215e+03
2.452110521823818544e+03
3.630878936252463518e+03
5.425099979825289665e+03
8.407587768348863392e+03
1.454470305487432415e+04
3.530381962528101576e+04
-2.559956554237905948e+05
-3.588258074207475147e+04
-2.484722952133813669e+04
2.614268971735761625e+03
4.028185929903339002e+03
6.229284457003067473e+03
9.473971798686856346e+03
1.433392822287909621e+04
2.308173621396816452e+04
4.643772878450538701e+04
3.210990742951756110e+05
-8.700798954126441095e+04
-4.966846016962841531e+04
4.494162423084684633e+03
7.803462892325104804e+03
1.404200347184992279e+04
2.450819433660120922e+04
3.938193903263071115e+04
6.168705446753354045e+04
1.143449793768902309e+05
5.576483172850033734e+05
-2.456611962890013529e+05
-1.452529577165071387e+05
9.488812133013696439e+03
2.577843100871505158e+04
3.806818474391646450e+05
-8.688815575707888638e+04
-7.554502684063576453e+04
-9.677219712905657070e+04
-1.392756723766274226e+05
-1.965165458118256938e+05
-2.836671264794503222e+05
-2.363005998937101103e+06
4.692038592274680559e+04
-3.722024646537016815e+04
-2.005563780798957669e+04
-1.852069499876262125e+04
-2.123811957465371233e+04
-2.767604850434485343e+04
-3.935994878958305344e+04
-6.087505183867860615e+04
-1.141150492847605929e+05
8.050269366247192025e+06
-2.679925301816736101e+04
-1.340911741668099421e+04
-1.105818760576575005e+04
-1.117622873817862819e+04
-1.282996218936856712e+04
-1.609058860279039436e+04
-2.158906874922833958e+04
-3.104209145551214169e+04
-5.163003605090102064e+04
-2.737150105374992127e+05
-1.312598664333645684e+04
-9.182778574765216035e+03
-8.137644369767104763e+03
-8.280467243126491667e+03
-9.266499973921287165e+03
-1.112331677223451152e+04
-1.410033790801828400e+04
-1.892954179081332040e+04
-2.913857985694118543e+04
-1.873361252163055469e+05
-1.020062587332590738e+04
-7.506818983048990049e+03
-6.684250862820849761e+03
-6.661722007021453464e+03
-7.203891189081479752e+03
-8.288081702959412723e+03
-1.004254860887366340e+04
-1.306294177737264545e+04
-2.210392970436958785e+04
3.183237999740762461e+04
