7.322476889128793118e+02
1.328544617739765044e+03
2.527057177357064575e+03
5.048145859520242993e+03
1.103298123086898522e+04
3.262277152884061798e+04
-2.334331706600056204e+05
-3.938421641662195179e+04
-2.649467228816850547e+04
-2.471516078777696748e+04
1.048548993901248195e+03
1.829638746496662634e+03
3.379468759993073036e+03
6.435182994700860036e+03
1.281958020993561695e+04
2.954665486869445158e+04
1.403562011087122955e+05
-1.012203850163831521e+05
-4.749752141469388152e+04
-3.612218021171419241e+04
1.529016286528310275e+03
2.671243510764638359e+03
4.915087205274341613e+03
9.176231500867865179e+03
1.738846509849994982e+04
3.570223324118665914e+04
1.023932457529886160e+05
-4.459130666611421038e+05
-9.535505558591210865e+04
-6.229844113660118455e+04
2.363826676919660713e+03
4.268828887786182349e+03
8.120132717961507296e+03
1.539975506796660738e+04
2.864326998570666910e+04
5.517174472696942394e+04
1.311310792156077805e+05
2.117064300540076103e+06
-2.168528702725220937e+05
-1.224863380661586125e+05
4.032086129905216694e+03
8.096922043239582308e+03
1.777545338762547908e+04
3.874476623952047521e+04
7.744320485463495424e+04
1.482213395640588715e+05
3.388217875438368064e+05
6.330294179027322680e+06
-5.072985608866513357e+05
-2.903338427240135497e+05
8.469242047761787035e+03
2.639220518613568856e+04
5.608812236552122049e+05
-1.241841364756775292e+05
-1.315710949895413069e+05
-1.955592320156442001e+05
-3.086913604649534100e+05
-4.478030591941133025e+05
-5.806687704056174261e+05
-7.957019421343290014e+05
4.189220963753069373e+04
-3.678282000920009159e+04
-2.363873859263174018e+04
-2.668530423320808768e+04
-3.724996720721455495e+04
-5.754791798407974420e+04
-9.328629221543905442e+04
-1.561304588109976030e+05
-2.824319815018601948e+05
-7.872754049228619551e+05
-2.361246689058633638e+04
-1.314466215173413184e+04
-1.275774823168899093e+04
-1.567213074754505396e+04
-2.190606070816222200e+04
-3.273992414800672486e+04
-5.054054795076942537e+04
-7.986131340281778830e+04
-1.335951388145208184e+05
-2.968601698161543463e+05
-1.155827838221937418e+04
-8.887178503135302890e+03
-9.174673056017580166e+03
-1.127401655462075178e+04
-1.533619543414169857e+04
-2.197665335824952490e+04
-3.215121132289585512e+04
-4.748085254268394783e+04
-7.250240169119439088e+04
-1.403689322771692241e+05
-9.004331747538833952e+03
-7.175163558361536161e+03
-7.360323247749905931e+03
-8.792302839413740003e+03
-1.151636252598940700e+04
-1.579327072173607303e+04
-2.199768778490115074e+04
-3.084349895596242641e+04
-4.555047793002977414e+04
-1.152740836772722105e+05
