5.443863367413592336e+00
3.336048435052102832e+02
9.609950257651780703e+02
2.153177017180355506e+03
4.748940092594799353e+03
1.336510412061610259e+04
-1.828819216986101237e+05
-1.856251532003556713e+04
-1.307326206520192682e+04
-1.878553092310806460e+04
-6.468832813529573400e+01
3.841967970639228156e+02
1.244829432356444840e+03
2.820662774279574933e+03
5.880504421823371558e+03
1.346721030332574628e+04
5.973683010190915229e+04
-4.978012800224540842e+04
-2.311554296022748167e+04
-1.928153610878988184e+04
-2.047935913871211255e+02
4.075054063242777147e+02
1.663280449195049869e+03
3.966338164150547527e+03
8.153430688461135105e+03
1.704668958475014733e+04
4.835932388655858813e+04
-2.404831064493874728e+05
-4.804140697215844557e+04
-3.288372201377344754e+04
-4.985942438834074437e+02
3.729227206264216647e+02
2.413887657538656640e+03
6.379595336729406881e+03
1.338500003447392010e+04
2.687229197398656106e+04
6.446522349205640057e+04
9.051007660346722696e+05
-1.130023606314325152e+05
-6.660198119838586717e+04
-1.155429473204718988e+03
1.581814414897413030e+02
4.422876808830786103e+03
1.502469839178404436e+04
3.544834840654631989e+04
7.248249049785931129e+04
1.702622367432492028e+05
3.041113622046761680e+06
-2.706840742843742482e+05
-1.668289260112277698e+05
-3.048194505377377027e+03
-1.388976892901439669e+03
1.072996676782952418e+05
-4.397822056823370804e+04
-5.785035663563996786e+04
-9.389119415752211353e+04
-1.535654469771572331e+05
-2.276301499771120434e+05
-3.092908884322540835e+05
-5.346769507837533019e+05
-1.879060717141373243e+04
4.269089713489666792e+03
-3.321098644673948456e+03
-8.452983774280295620e+03
-1.560222744358904856e+04
-2.711665106388820277e+04
-4.634284888071864407e+04
-7.983195994962535042e+04
-1.500814555366390268e+05
-5.803862421190825989e+05
1.086716308694098007e+04
2.409861928801627073e+03
-1.069588015385336803e+03
-4.325241082021178045e+03
-8.621256763159723050e+03
-1.497216145283150217e+04
-2.479440256178215714e+04
-4.076759825130268291e+04
-7.135013447733398061e+04
-2.023305223774036567e+05
5.883394648564537420e+03
2.164613891452815096e+03
-3.172098344242138523e+02
-2.630256779522904708e+03
-5.605731103507354419e+03
-9.683304766564651800e+03
-1.549361939850810086e+04
-2.413939784786516611e+04
-3.933632033466829307e+04
-1.075191772672198276e+05
4.574271785976600768e+03
2.099412407271915527e+03
2.242202513403511261e+02
-1.689829844846507740e+03
-3.884539568749005866e+03
-6.693063287847801803e+03
-1.043846735843714123e+04
-1.581796057647158887e+04
-2.668494858695765652e+04
1.385680323562693782e+06
