-8.606438528421116416e+02
-5.483832897407252176e+02
7.485789724808217471e+00
8.813300948623571003e+02
2.508717101215084767e+03
6.675786469034192123e+03
4.659144044336263323e+04
-1.839779887893355044e+04
-1.052389533172140000e+04
-9.984690191393978239e+03
-1.334261693156883894e+03
-9.276538904231688321e+02
-1.558888540950047457e+02
1.163738675767062659e+03
3.489985102877231839e+03
8.593185836608929094e+03
3.121008092052718348e+04
-5.448355917822741321e+04
-2.019781589960300334e+04
-1.527818919186559287e+04
-2.151387898923781449e+03
-1.667056173571745603e+03
-5.825981631594128203e+02
1.402717638301996885e+03
4.890383148423371495e+03
1.191451741958260936e+04
3.485324626516054559e+04
-2.652032306113475352e+05
-4.059703283462070249e+04
-2.678219658650404745e+04
-3.615284869500400873e+03
-3.158808368704407258e+03
-1.658631363939947732e+03
1.561058504606740598e+03
7.528402886055621821e+03
1.929849650421482511e+04
5.356161626946979231e+04
-4.803185389987245202e+06
-7.970171622603158175e+04
-4.867767644315223151e+04
-6.522101538056853315e+03
-6.681938844216111647e+03
-4.924213836527114836e+03
1.421747409376179121e+03
1.679367957303786898e+04
5.284573922539960040e+04
1.994028884544533212e+05
-3.764149101306170924e+05
-1.268195658203360799e+05
-8.759684770453898818e+04
-1.375391869908892659e+04
-1.989551524855247771e+04
-3.398378693082266545e+04
8.766666364469377731e+04
-3.260213646818805864e+04
-5.850553797061260411e+04
-8.594836070206784643e+04
-1.095105242978890310e+05
-1.236764539948113816e+05
-1.333739610823937692e+05
-4.975331302438551938e+04
1.045510984119500208e+05
1.852423143201998391e+04
4.096082946372597689e+03
-5.691124900454722592e+03
-1.655411171290938000e+04
-3.117614496907571811e+04
-5.197022490347764688e+04
-8.211941489230208390e+04
-1.321929296640990942e+05
7.130474806930015620e+04
2.181419580508795116e+04
1.036607507470872770e+04
3.858936199410489735e+03
-1.872563434495568117e+03
-8.433041705168727276e+03
-1.714679499207184199e+04
-2.975965478996394449e+04
-4.972934924047155801e+04
-9.036792603316012537e+04
2.781078690915275729e+04
1.470188305127683634e+04
8.402746318777535635e+03
3.922703462988175488e+03
-2.552676366611110268e+02
-4.845077855683370217e+03
-1.066636496425188307e+04
-1.867883637476985314e+04
-3.105487277428948801e+04
-5.835093938130654715e+04
1.995866058566497304e+04
1.221457032027374771e+04
7.559550634449651625e+03
3.997213607673731076e+03
7.093761990321368103e+02
-2.822647501942550662e+03
-7.003983019796781264e+03
-1.248979187151907536e+04
-2.114076758380737374e+04
-4.918584979007996299e+04
