-4.946258092138658640e+02
-4.132121498158226132e+02
-2.304617744496509602e+02
1.693772482402550281e+02
1.062347910386182775e+03
3.783648364948006929e+03
3.308053655246079143e+04
-1.452609541085869569e+04
-9.264257247972764162e+03
-9.090237685614676593e+03
-6.557118038287443369e+02
-5.268989400565238839e+02
-2.290323840634674468e+02
3.767255533281966109e+02
1.643795293578386918e+03
4.853228463978215586e+03
2.075986532477886067e+04
-3.798504890877546859e+04
-1.598450415326387338e+04
-1.303780213170473507e+04
-9.532299754044773863e+02
-7.806815173550445479e+02
-3.342409373197417040e+02
5.964820910241787715e+02
2.463795743712894819e+03
6.721272253359323258e+03
2.202606973593198927e+04
-1.665585872401213564e+05
-2.999670873310617026e+04
-2.134872946383036106e+04
-1.498194565807650861e+03
-1.311931577945371373e+03
-6.523198552342590801e+02
8.914620557480083107e+02
4.040837751683353417e+03
1.094355443483324416e+04
3.261119870667319628e+04
-9.381759441085122526e+06
-5.769380250846700073e+04
-3.751439204229535244e+04
-2.589828343319691612e+03
-2.580656684964831129e+03
-1.666931327037660594e+03
1.532053586414399888e+03
9.623404631324947331e+03
2.972230860841587128e+04
1.099972221346829319e+05
-3.060804471700662980e+05
-9.488210024748562137e+04
-6.846851911157011637e+04
-5.311571952768562369e+03
-7.329338815387211071e+03
-1.082163602582861859e+04
-7.672484456854175369e+04
-2.499895680617865946e+04
-3.870293393398296030e+04
-5.773078982492824434e+04
-7.814197080787482264e+04
-9.517126584704930428e+04
-1.118572818959143042e+05
-1.871465576999142286e+04
3.971533084151175717e+04
5.792708153700719777e+03
9.139465454012742074e-02
-4.969686603853372617e+03
-1.112638927765321205e+04
-2.060108100011008719e+04
-3.598598013764451753e+04
-6.206731094851726084e+04
-1.167979712600091443e+05
2.765042107483473956e+04
7.881413189878926460e+03
3.216376540779352126e+03
3.776506426328304542e+02
-2.479811676781024744e+03
-6.150935133227252663e+03
-1.165527524456206993e+04
-2.063697838606314690e+04
-3.695181113983959949e+04
-7.881404779571673134e+04
1.057037392730697502e+04
5.250371540622795692e+03
2.608520924408633164e+03
6.032589431689868888e+02
-1.464335730328606132e+03
-4.016619321525635314e+03
-7.636235215174507175e+03
-1.325388388671526809e+04
-2.323051276164257433e+04
-5.175575717467145296e+04
7.485773235428830958e+03
4.305440603764285697e+03
2.334922422356293282e+03
7.262702140910104163e+02
-9.274656809773144914e+02
-2.843352494149607537e+03
-5.423934218420665275e+03
-9.296075678124681872e+03
-1.659945215535649913e+04
-5.638885456938466814e+04
