2.324144985775442933e+02
3.025280154176066389e+02
3.717214359633890695e+02
4.476581371487757224e+02
5.337108259866613480e+02
6.605298082727888414e+02
1.123991877921306013e+03
-2.554233283854934200e+02
-8.317580883142888126e+01
1.203019523339852697e+02
3.368327081660212343e+02
4.181704156673517332e+02
5.087983677394570350e+02
6.036210163783839562e+02
7.035249567127798400e+02
8.319237544032171172e+02
1.778072375623852167e+03
-1.286841132827871093e+02
-4.081374540359596637e+01
-1.524023949075857672e+03
4.836535431952228805e+02
6.072864777649754160e+02
7.457137713951823343e+02
8.854005346050274738e+02
1.017701902701922222e+03
1.162888784614642418e+03
2.011265521617276590e+03
-1.710560874909743063e+02
-7.842372684484170975e+01
-9.010855889780818870e+02
7.337700752523904839e+02
9.558149545031752723e+02
1.220109152876860662e+03
1.495672108315232663e+03
1.732500610013388041e+03
1.957109184722986129e+03
2.633618268075062588e+03
-4.755378931913392648e+02
-2.124273262605438504e+02
-3.101138448035573674e+03
1.212706260535678439e+03
1.725675680592680692e+03
2.473899446208522022e+03
3.466761553569361240e+03
4.569151921752233648e+03
5.579328777298529531e+03
5.835734671228424304e+03
1.848900369945992225e+03
7.396103388884442893e+02
1.742568061492287825e+03
2.350299589968776218e+03
4.370324898844984091e+03
1.168917185138620516e+04
-8.143250094518708647e+04
-1.300906974472121146e+04
-8.549228417581412941e+03
-1.071478980011449130e+04
7.041147965476823174e+02
1.310054603528990356e+02
6.761618687484274233e+02
7.220065642962393213e+03
-3.722174576518408867e+04
-6.564064043565530483e+03
-4.072163340091246937e+03
-3.166250173779500074e+03
-2.678364368101138098e+03
-2.668573481573067966e+03
8.081037797373547846e+02
5.811777009488205437e+01
3.908260008532523671e+02
-1.662785972185419450e+04
-4.812330820247002521e+03
-3.062397001016891409e+03
-2.355139086771295297e+03
-1.963551472708054234e+03
-1.682640656822579331e+03
-1.552280647460370346e+03
1.294321327449588580e+03
2.558758448878050018e+01
2.312572838451264658e+02
-5.305507728795168077e+03
-3.027652393489567658e+03
-2.199965903303183495e+03
-1.777669306324911986e+03
-1.497556782337176628e+03
-1.276739492111691106e+03
-1.153566470473162099e+03
1.506761578699257370e+03
8.348190847465449593e+00
1.165467736715039280e+02
-3.968434033128164174e+03
-2.491539573265354193e+03
-1.853953441317153192e+03
-1.505443490834094746e+03
-1.265599933485862266e+03
-1.088688073075034481e+03
-1.090932803895829238e+03
4.550869316280820840e+02
1.556359725411104789e+00
4.322223848841076688e+01
