5.370605158226371714e+02
6.801408606036005722e+02
8.267849125919665312e+02
9.649807915838487133e+02
1.090198235633921286e+03
1.231192101022907082e+03
1.628070053309600780e+03
-5.021447132155959707e+02
3.641639361884528512e+02
1.784671611737924195e+02
7.653648853485981363e+02
9.795172878459876529e+02
1.204816127563275586e+03
1.420606066684104917e+03
1.623370970810673725e+03
1.864323455843598822e+03
3.007021699565498693e+03
-6.988180427009908726e+02
-2.129783322667387324e+01
4.544754237922847096e+03
1.112784943706652712e+03
1.459639644133473439e+03
1.838677414533242427e+03
2.208116618182138609e+03
2.549318283765557226e+03
2.935193674213945087e+03
4.260847535486173001e+03
-2.535083727588054444e+03
-4.948125658470242882e+00
-8.467986334434870059e+02
1.694982660327719486e+03
2.328433234193425051e+03
3.082064182638017428e+03
3.870911793318298351e+03
4.610894040325501919e+03
5.442841049967439176e+03
7.554971811071872253e+03
-1.369162737053620003e+04
-1.957863991481142705e+02
-1.159282728721015928e+03
2.798242563819728275e+03
4.232609261546764174e+03
6.347689328874549574e+03
9.205996636507199582e+03
1.274831761376068062e+04
1.781832864784886624e+04
3.371421011146718956e+04
-3.770379038573971047e+04
-4.515435704454704137e+03
3.983179171364024000e+02
5.424229606228675038e+03
1.086410085131236701e+04
3.133648276089142382e+04
-1.765079324769823579e+05
-3.394250154539511277e+04
-2.116730244931790730e+04
-1.538229858424332269e+04
-1.339005019418949632e+04
3.926541375992383109e+03
2.494235080600047638e+01
1.725222066762416944e+04
-7.087431753306191240e+04
-1.616160348404360775e+04
-1.075487877534368999e+04
-8.757751183656167996e+03
-7.580911540592765959e+03
-6.669065958219652202e+03
-6.565871131968896407e+03
5.445228329679702256e+03
3.718573533484085480e+00
-3.107329280504205235e+04
-1.097402675737017671e+04
-7.592101328708847177e+03
-6.237083734944613752e+03
-5.485171849315272993e+03
-4.915191286443066929e+03
-4.406617690742607010e+03
-4.250556476178890989e+03
1.552436748019025072e+04
4.175861468412066557e+01
-1.063815442438489663e+04
-6.848838882979805021e+03
-5.422275353905676639e+03
-4.680971843987682405e+03
-4.178926070723797238e+03
-3.752156291545224576e+03
-3.360345596247123467e+03
-3.243233146041525288e+03
1.942953089272219950e+04
6.923610041736395715e+01
-7.582024320841697772e+03
-5.456398929716879138e+03
-4.469478535984458176e+03
-3.892874672162050956e+03
-3.466793434432810955e+03
-3.100501660604571043e+03
-2.806117191824107067e+03
-3.017386360580374912e+03
2.334740901366408252e+03
5.007487807874996832e+01
