6.738624701421958889e+02
8.339748100188804756e+02
1.010656525320059131e+03
1.198484767648426214e+03
1.398489382366081600e+03
1.642693780927329726e+03
2.180249281717979557e+03
-1.469805556179148027e+02
1.041053348869158071e+03
7.169215952979624262e+02
9.275544921141597570e+02
1.145714441833261617e+03
1.378651255436634528e+03
1.606776715082685541e+03
1.817360160594252193e+03
2.016364552211191949e+03
2.809111298352774156e+03
-2.589673066167047111e+01
-3.255314648339193809e+03
3.447477167522208219e+03
1.327728154735544877e+03
1.666852706899860323e+03
2.029480031910010894e+03
2.369453826588281117e+03
2.646281803671186481e+03
2.848012411365331445e+03
3.471039688766475138e+03
-5.291227748908007555e+01
-3.202781376705889215e+03
1.104693089338348000e+04
2.011905587166622581e+03
2.630756733056242865e+03
3.339411703013131955e+03
4.035376378426040446e+03
4.589906247819440978e+03
4.988917254863265953e+03
5.700550434855227650e+03
-3.253857461255252588e+02
-9.983671843045787682e+03
1.116264841437611904e+04
3.324407508543827134e+03
4.769599594949193488e+03
6.825543709316984859e+03
9.469797494212460151e+03
1.246732591595437407e+04
1.609500116883840019e+04
2.514232861147076983e+04
1.841069046755956369e+05
5.176847081711172905e+03
6.736777275735025796e+03
6.474467400669481322e+03
1.227640568037818048e+04
3.380038175620781840e+04
-1.688099109476806480e+05
-3.168816860052421907e+04
-1.782358674999816139e+04
-1.068682805486739562e+04
8.297458764862481985e+03
1.640672118234415620e+03
4.084014154201454403e+03
2.077814812820603038e+04
-7.941365294124743377e+04
-1.729823997017142028e+04
-1.089343785756044781e+04
-8.289520329020408099e+03
-6.467515030935219329e+03
-4.683235132097377573e+03
-6.715596842248756730e+03
7.527628581270130326e+02
2.507878995666415904e+03
-3.717193409983011952e+04
-1.248276739946963789e+04
-8.171149772400368420e+03
-6.336902494225120790e+03
-5.201008924813646445e+03
-4.208566200564001520e+03
-3.135013086299638417e+03
-2.663708081981579198e+03
3.343023022646902405e+02
1.449136823298169702e+03
-1.286644757822852807e+04
-7.841510519944878070e+03
-5.866585808497630751e+03
-4.771956416993877610e+03
-3.971726463006280028e+03
-3.227425785674381586e+03
-2.435158931602668417e+03
-2.069228763156568675e+03
1.099846460503983110e+02
7.052655726176598137e+02
-9.185796648208945044e+03
-6.276503436288297962e+03
-4.857784833000020626e+03
-3.981789504281132395e+03
-3.304157021684410211e+03
-2.684148256533141648e+03
-2.097780920816860089e+03
-3.075335208846570822e+03
1.772381531953390166e+01
2.511974278360123094e+02
