3.097575926040852664e+03
4.304581262641631838e+03
6.002867991194862043e+03
8.528416982726712376e+03
1.284308457727075074e+04
2.314507962123618927e+04
1.109878142645868793e+05
-3.439379509126799530e+04
-1.365121949949091686e+04
-1.314701345403952837e+04
4.088801987212605127e+03
5.617273302919178604e+03
7.686520595032008714e+03
1.051916984152024816e+04
1.478064026861725870e+04
2.295283380962251249e+04
5.256802625641894701e+04
-1.007447919179438322e+05
-2.021807069320957089e+04
-9.859825463615694389e+03
5.683435101755577307e+03
7.893286476851195403e+03
1.083756731119097276e+04
1.466353428476169211e+04
1.992741302256933341e+04
2.886192158892133739e+04
5.391517262143515836e+04
-7.865148765836235834e+05
-3.304472739841600560e+04
-1.267963362375630641e+04
8.433971165547933197e+03
1.216563162945632030e+04
1.733073675716608705e+04
2.404617523495989735e+04
3.285850216526495933e+04
4.703002385402540676e+04
8.563349072654072370e+04
-1.445510159858926665e+06
-5.080080940868288599e+04
-1.866624598978444192e+04
1.376073374343387150e+04
2.186139761095039648e+04
3.533088410235077754e+04
5.652073917089595489e+04
8.931794299746943580e+04
1.560242455750570807e+05
7.156307513867865782e+05
-1.796907532937299693e+05
-5.949367629081623454e+04
-2.795004305625422421e+04
2.689549463922718496e+04
5.891090164623669261e+04
2.303113056493966142e+05
-3.679921569751049392e+05
-1.578872010075138242e+05
-1.184020983388890600e+05
-9.398647448797883408e+04
-7.040683254947196110e+04
-4.915703361501959444e+04
-3.646687641732053453e+04
9.501963784722547280e+04
-1.946157333216875850e+05
-6.774555256021114474e+04
-5.041642133057615865e+04
-4.542754389302121126e+04
-4.367735263240677887e+04
-4.195840968493778928e+04
-3.862899204782245215e+04
-3.384385886613833281e+04
-3.600421076422875922e+04
-1.118818542747737811e+05
-4.578846439247167291e+04
-3.341642151616720366e+04
-2.915028430645054323e+04
-2.757009661685708124e+04
-2.688796777160306374e+04
-2.610211632509258197e+04
-2.459737795327862477e+04
-2.264428679581161123e+04
-3.051631212827929266e+04
-4.404514061757601303e+04
-2.911278134341750047e+04
-2.370791381768345309e+04
-2.128980383113999778e+04
-2.007005896978673991e+04
-1.924251773905104710e+04
-1.829684536715734066e+04
-1.696661343594181380e+04
-1.580981991835124609e+04
-4.164156789704812400e+04
-3.126877866317662483e+04
-2.287010401479254870e+04
-1.906901508965107132e+04
-1.703686524374195506e+04
-1.575125436345771959e+04
-1.470754074757943636e+04
-1.360992861106677628e+04
-1.244319239170664150e+04
-1.268708777325130359e+04
1.030679501756981881e+04
