1.543124192115840287e+02
2.490348817117564124e+02
3.590366414574196483e+02
4.986040913065446603e+02
6.932613072308930668e+02
1.071166597273569323e+03
3.155722025125335222e+03
-1.284137296719114602e+03
-5.402540433811908542e+02
5.876082878680589872e+00
2.371174552876743746e+02
3.621957652546230406e+02
5.263206219679034348e+02
7.346952224143784633e+02
1.017412666886254897e+03
1.516677461156020854e+03
4.214821312224327812e+03
-1.766854553823910464e+03
-3.605764466612766341e+02
-1.259351152239372595e+02
3.391339096705555676e+02
5.299753457474695324e+02
7.884880973654960599e+02
1.117917365951377860e+03
1.548338348696963521e+03
2.250262471536028443e+03
4.949326192787952095e+03
-4.285409407107317747e+03
-7.103518149830339325e+02
-1.638222841500065954e+02
5.028492628539169687e+02
8.246259187895257128e+02
1.292526279874900865e+03
1.917086949225921899e+03
2.720991912388024957e+03
4.013133143558741722e+03
8.211677856884807625e+03
-1.171776632974365384e+04
-1.732699623440319783e+03
-4.834480294436746135e+02
8.079577160634064512e+02
1.471908552332665749e+03
2.651376190576320823e+03
4.622331626259702716e+03
7.793268756676237899e+03
1.434087184053928468e+04
7.136824447227218479e+04
-1.587473655091644105e+04
-5.192894486494939883e+03
-8.477523075667886587e+03
1.540320901826672298e+03
3.902264841983845599e+03
1.750264268878517396e+04
-2.769508502391359434e+04
-1.306317712555767321e+04
-1.056144132672218439e+04
-9.413296701893701538e+03
-8.993334273912265417e+03
-1.747036425096216772e+04
1.403695731110423822e+03
5.157889994980428128e+03
-1.283029017592527634e+04
-4.941638908778055338e+03
-4.021381130641997970e+03
-3.909937859127951469e+03
-4.036486058887468971e+03
-4.287850562854797317e+03
-5.019974039672360050e+03
-2.118584680035517886e+04
8.925394088634520813e+02
-6.774837596684333221e+03
-2.950533366180783105e+03
-2.414774067286800346e+03
-2.319882434379882852e+03
-2.392979003950606057e+03
-2.532135829720320999e+03
-2.730909083009927599e+03
-3.242785803059393857e+03
-1.378086725551171912e+04
6.103460672162905212e+02
-2.638517347860075915e+03
-1.870128498121156099e+03
-1.690713593183364537e+03
-1.690478056889994605e+03
-1.755767410115569646e+03
-1.852292549809245429e+03
-1.995675553975312141e+03
-2.447215882262105879e+03
5.851992093885729992e+04
3.054046627779159735e+02
-2.229106980212474809e+03
-1.544054213995448436e+03
-1.383724750238936167e+03
-1.375448040457016987e+03
-1.416988816104077159e+03
-1.493600619595934177e+03
-1.667517610436706263e+03
-2.708483163750189306e+03
1.237020229017049360e+03
9.866231663164606402e+01
