2.446717961003955821e+01
6.184824683052924144e+01
1.049809869574088594e+02
1.625909058109097316e+02
2.487014820648217892e+02
4.304403830420798158e+02
1.519456201047064496e+03
-6.912430585774238807e+02
-3.890160223946506335e+02
5.011685128578595538e+01
5.237741569456084534e+01
1.041312850799422023e+02
1.771537066106205032e+02
2.769749537769108088e+02
4.261449056356128722e+02
7.206977225440375605e+02
3.063549288542834347e+03
-9.036679840092741642e+02
-3.091456823271963117e+02
-2.531653108821743103e+02
7.887903725577730540e+01
1.602343050478309294e+02
2.807743727849565403e+02
4.496054441607142280e+02
6.974122896049948395e+02
1.162788895992160633e+03
3.739692754132423488e+03
-1.916932562916243569e+03
-5.626942958925097855e+02
-2.973505344825122165e+02
1.163487105356053775e+02
2.505619509308773161e+02
4.673312999390357163e+02
7.919204397605826671e+02
1.267023596438170216e+03
2.181096332808011994e+03
6.509885571282467026e+03
-4.359675329710529695e+03
-1.229615785368365778e+03
-6.574102871980234113e+02
1.804183653620093253e+02
4.384183359163747014e+02
9.528425228993519340e+02
1.942347197831094263e+03
3.863860305025907110e+03
9.276625291034324619e+03
-7.990298692453380500e+04
-6.844536195817599946e+03
-3.209811198725617032e+03
-3.464760461567709172e+03
3.231602862072503513e+02
1.110233694104325423e+03
6.160692490758647182e+03
-9.652807803595487712e+03
-5.178982812555358578e+03
-4.664765211241864563e+03
-4.741782702906320083e+03
-5.317911087440600568e+03
-1.044063214262304791e+04
2.297101051791770260e+03
8.996474813028102062e+02
-4.222940093760670607e+03
-1.718584403236857952e+03
-1.558739362253156969e+03
-1.676615950969172673e+03
-1.919034000870991576e+03
-2.319065332588444107e+03
-3.278973318333731640e+03
-2.704367285652945429e+04
1.072650831845651965e+03
-2.920521580604272458e+03
-8.705452835984459625e+02
-8.275970594215792744e+02
-8.952586647203630719e+02
-1.031049630132150014e+03
-1.217108945953390503e+03
-1.498834653240875696e+03
-2.179443242424487380e+03
-6.950909247595570923e+04
6.185333902655232805e+02
-1.319275736037888009e+03
-5.759607478622085637e+02
-5.741174033201655220e+02
-6.528777576177911897e+02
-7.603356872522947469e+02
-9.004072606074269061e+02
-1.118528060171294783e+03
-1.750923863221036072e+03
4.241534568575229969e+03
2.748140534946407456e+02
4.543644011479802884e+02
-6.866815499176125286e+02
-5.157558785310253597e+02
-5.577381063270172490e+02
-6.403420269623268268e+02
-7.670885086569836631e+02
-1.036620002372440695e+03
-3.406225216223852385e+03
5.461505400549393698e+02
8.213893148623471063e+01
