2.460690486473374676e+03
3.534513373319441143e+03
5.074150798661763474e+03
7.395004887366536423e+03
1.135034826091836840e+04
2.038133750843353118e+04
7.299993754504558456e+04
-4.807212726113164535e+04
-1.894128380451581688e+04
-1.860340332406121161e+04
3.191698995495358758e+03
4.534832114170671957e+03
6.408347994845506037e+03
9.047792960985969330e+03
1.309518265167880782e+04
2.080821467460321219e+04
4.619323974197232019e+04
-1.854505916657747293e+05
-2.903710790580433604e+04
-1.673986973314737770e+04
4.342353672836193255e+03
6.248073867871097718e+03
8.890512990296121643e+03
1.249029871105757229e+04
1.768062646979635610e+04
2.677965599998375910e+04
5.219662877764145378e+04
-1.144317244349463657e+07
-4.579398375299606414e+04
-2.223972006121981758e+04
6.298159344922439232e+03
9.435448216226488512e+03
1.400061361802885585e+04
2.037285760155290336e+04
2.952135206506261966e+04
4.571391462893909920e+04
9.558623000457180024e+04
-4.891586457455115160e+05
-6.000414679069638078e+04
-3.039885487222980009e+04
1.004429933113119660e+04
1.665791164555355863e+04
2.840370831155723135e+04
4.925932462832491001e+04
8.948787769458780531e+04
2.172308203643844463e+05
-6.229174947458269307e+05
-1.142025846313263464e+05
-5.737933843990448804e+04
-3.744791521989178000e+04
1.926559454857655146e+04
4.505246707719588449e+04
2.286824553347615001e+05
-1.873145709439702041e+05
-9.726286300582000695e+04
-7.634138826936460100e+04
-6.401387316728305450e+04
-5.302465224268475868e+04
-4.349646754665887420e+04
-3.806626629415181378e+04
6.942887981567229144e+04
-1.194050563959603605e+05
-4.652383144233829080e+04
-3.580264998635461234e+04
-3.295406026294660842e+04
-3.232817428220829242e+04
-3.202752191877012956e+04
-3.125530302402675079e+04
-3.027822864491883229e+04
-3.209827859460953914e+04
-6.868884908425319009e+04
-3.041097368715634002e+04
-2.310451963496819735e+04
-2.078263135210751352e+04
-2.019964061795045563e+04
-2.028638063881689959e+04
-2.049797556837405864e+04
-2.059413839557062965e+04
-2.091713744673147448e+04
-2.489261897774621320e+04
-2.739019487758367541e+04
-1.901050167784645600e+04
-1.609863269197139016e+04
-1.496026343811201332e+04
-1.457187931740496788e+04
-1.448803545569068592e+04
-1.445791898332461460e+04
-1.442204669499240845e+04
-1.487880912934012667e+04
-2.155295719690429542e+04
-1.902720833412526554e+04
-1.456879236308103100e+04
-1.265640285038345428e+04
-1.174519514938378234e+04
-1.127198207490923596e+04
-1.097545831927390464e+04
-1.072925552977852931e+04
-1.061882443088846048e+04
-1.171450998754229659e+04
-1.297799436872221559e+05
