-2.946765446609800847e+02
4.505503728927717333e+01
7.296860951134061679e+02
2.106479341066807137e+03
4.907742341594469508e+03
1.195848108742862132e+04
5.530257406421525957e+04
-4.315415441017635749e+04
-2.036694377881995024e+04
-2.045420033351827442e+04
-4.741853419470299968e+02
-1.307198023292111486e+02
6.771082852315213358e+02
2.273060606903374719e+03
5.321648445168822946e+03
1.187992410123810987e+04
3.490818824622781540e+04
-1.495594725624113344e+05
-3.139977114601082940e+04
-2.117457226882647956e+04
-8.044345608942005583e+02
-4.317998157531858965e+02
5.650945234381581486e+02
2.626799785100991812e+03
6.527257513343373830e+03
1.445548848024442850e+04
3.816302793815135374e+04
-1.123175274061586242e+06
-4.836557426518578723e+04
-2.835009043369413848e+04
-1.389873941216120329e+03
-1.028821881187261624e+03
2.879972208119507400e+02
3.383519321808282257e+03
9.620483864080237254e+03
2.291123374762647654e+04
6.742847798424807843e+04
-3.220157746360186138e+05
-6.102781437062974146e+04
-3.762358584716136829e+04
-2.552390462756753550e+03
-2.452364138514960814e+03
-6.282092230094775687e+02
5.940811434164944330e+03
2.508439195965314866e+04
1.020165182905312395e+05
-3.252890235800109222e+05
-8.899268901502362860e+04
-5.656060798526732106e+04
-4.428965722354552418e+04
-5.485556703644039771e+03
-8.150841500745574194e+03
-1.263956130390146791e+04
-1.370696290042717374e+04
-2.241616298319275302e+04
-3.046670645202435117e+04
-3.706458162167850969e+04
-4.074074294715838914e+04
-4.185182774468632124e+04
-4.320221606269754557e+04
-2.114331833250576892e+04
2.934193167306386022e+04
5.145301296504976563e+03
-1.003574416119139755e+03
-6.017835889032308842e+03
-1.140049901092002801e+04
-1.720190952414919229e+04
-2.293792880861669619e+04
-2.834147331502433008e+04
-3.540124652324605267e+04
2.526748190490981506e+04
8.061644575638240894e+03
3.460810842503304684e+03
3.609093779880461170e+02
-2.710126318077318956e+03
-6.148795966875890372e+03
-1.002992771082718355e+04
-1.424962822577633051e+04
-1.893178022222623622e+04
-2.673511765461964387e+04
1.047298918704276548e+04
5.635467602933926173e+03
3.049081072977149688e+03
9.199118735044802406e+02
-1.258348324594654287e+03
-3.670626477989363138e+03
-6.369174071136542807e+03
-9.355607831731280385e+03
-1.300751129095010037e+04
-2.206628849726480257e+04
7.479544242901499274e+03
4.708763218630193478e+03
2.852200373528570708e+03
1.212849669851128965e+03
-4.824857774903749714e+02
-2.267570987963949392e+03
-4.250800773392998053e+03
-6.529585306741208115e+03
-1.015065093981776045e+04
-6.625918774821179977e+04
