2.895781016295674082e+00
5.324907452372865180e+01
1.978323631403317791e+02
4.407289910125469987e+02
8.307430095631511904e+02
1.491003032602022586e+03
2.778670650964686047e+03
6.680281814983147342e+03
1.293212291415203617e+04
1.795028065774127754e+03
1.421554284935176042e+02
7.066941197012705800e+01
2.666160460448006688e+02
5.909513569142980032e+02
1.102478618475949133e+03
1.930882717387503135e+03
3.661929447969310786e+03
1.057509928878736173e+04
-2.358643908548457330e+04
-2.142028929672126833e+04
-9.668233509924877467e+01
7.855607049671309028e+01
3.496695054176350936e+02
8.094461685033091953e+02
1.539246642494358866e+03
2.724397495769594570e+03
5.175292049760875670e+03
1.540456614685668683e+04
-2.284555358801506372e+04
-9.137170357971272097e+03
-1.433355510154822241e+02
7.490556518474296865e+01
4.851633473443656044e+02
1.244443402536400754e+03
2.518644692641373240e+03
4.781926532877480895e+03
1.004101541033574176e+04
5.054436439440611866e+04
-2.078153033241446974e+04
-1.076355721037327567e+04
-2.697401028076309899e+02
4.782398607650999622e+01
8.180264277673937841e+02
2.745346538724452330e+03
7.445712902435020624e+03
2.358813886812112469e+04
-1.471821077950230101e+05
-2.386799230244716091e+04
-1.418740086427003371e+04
-1.275653442196908145e+04
-6.228401538726908484e+02
1.998421444841271821e+01
4.679744371900427723e+03
-9.385596297407591919e+03
-7.086084073455576799e+03
-7.418747753176381593e+03
-7.995785912209225899e+03
-8.458331194980048167e+03
-9.062109855540391436e+03
-1.283879755993028266e+04
-3.339025699862984311e+03
5.990355238658403323e+02
-8.397643171369551283e+02
-1.554845598221267210e+03
-2.277429608837690012e+03
-3.059682394621980166e+03
-3.890007611404071213e+03
-4.780936339644224972e+03
-6.041868207565259581e+03
-1.163938390464284203e+04
1.832960186162815717e+03
3.458410657860073911e+02
-2.877072818563906935e+02
-7.825110581472014246e+02
-1.295644409290635167e+03
-1.851378992601915343e+03
-2.461352752835696265e+03
-3.173268684356332415e+03
-4.341831133761051206e+03
-1.290514045893088405e+04
8.444623186907001582e+02
2.751074993559142285e+02
-1.220697401974693435e+02
-4.908120290508069843e+02
-8.719059925502979240e+02
-1.284875497443574204e+03
-1.746806687296833616e+03
-2.332216857655165313e+03
-3.598188012126113790e+03
2.185629826000628600e+04
5.132323545256286934e+02
2.142064006724961871e+02
5.986287325932024395e+00
-3.634656234078489661e+02
-6.568010954992874986e+02
-9.849679611660345699e+02
-1.380030205758306693e+03
-2.025874206959039839e+03
-5.899495991297685578e+03
1.353407345372766940e+03
