3.400815347005672606e+02
5.185993236565740290e+02
7.425476349956973081e+02
9.953421051172265379e+02
1.238659946908427173e+03
1.415505843792427868e+03
1.426022067746210269e+03
1.264307267068706778e+03
8.478702465962034296e+01
1.790285283284372326e+02
4.264001673834616781e+02
6.551886926833541338e+02
9.471918361987789012e+02
1.282297527627119280e+03
1.619392641310768113e+03
1.895833314304196165e+03
2.178374293428586952e+03
4.001745505744776437e+03
-1.837283016867022241e+02
-4.617826956206047271e+02
5.446918359882877212e+02
8.616176643006049289e+02
1.281872496619820595e+03
1.782706079882009135e+03
2.312288566819428524e+03
2.808254999988646432e+03
3.415436187960155166e+03
7.458632861270992180e+03
-4.802452520718266555e+02
-1.517767107639801907e+02
7.293210515714591793e+02
1.220879882693668378e+03
1.932070070778445597e+03
2.867436590521630023e+03
3.968144152170561938e+03
5.256948685133307663e+03
7.272431131554584681e+03
2.942266950260853264e+04
-1.346934235621053404e+03
-9.254538200338811293e+01
1.061050024616584551e+03
1.995537320561223851e+03
3.695207169078566949e+03
6.807199383507479979e+03
1.297016738571771566e+04
3.263853479892322866e+04
-7.481612918782625638e+04
-1.166562355858022056e+04
-3.074663589945155763e+03
2.962544945078887437e+01
1.833219588736111291e+03
4.867971819025560762e+03
2.542077925959144341e+04
-2.281757419929816024e+04
-1.117168845410683389e+04
-8.158464002674774747e+03
-6.233408093717695920e+03
-4.571328193976047260e+03
-3.874804151588584318e+03
2.018358242799598656e+01
5.699809556848470493e+03
-1.403181305770630934e+04
-5.596040989916697981e+03
-4.419894897854188457e+03
-3.999587888218424268e+03
-3.679394037079782265e+03
-3.269920089225207448e+03
-2.782904519146573421e+03
-3.171034912956290100e+03
6.142095484957027196e+01
-5.836387470743423364e+03
-3.001447692833369274e+03
-2.580830280204713745e+03
-2.477550297855948429e+03
-2.448061865480317920e+03
-2.374986494657682670e+03
-2.208288466620479085e+03
-1.988834963950212568e+03
-2.620244281040932947e+03
8.526289247818054662e+01
-2.050681329401829316e+03
-1.719153877893820663e+03
-1.680973323884819592e+03
-1.722664217535382249e+03
-1.756949180393329016e+03
-1.742349229907879590e+03
-1.661619923542621109e+03
-1.581040317193708688e+03
-3.278235888818678177e+03
7.020467089078121603e+01
-1.418823564334830508e+03
-1.253443099697452681e+03
-1.263540133190867209e+03
-1.323304910906617579e+03
-1.368793516475212982e+03
-1.379553636048709677e+03
-1.365320048939457820e+03
-1.505427575228271508e+03
2.372557305463376451e+03
3.450165505511437658e+01
