1.329817068626254297e+02
2.171614418829182966e+02
3.217938078406492082e+02
4.353841985014586271e+02
5.385708949509703416e+02
6.163339863193659767e+02
6.480417180928266134e+02
7.573271754169961696e+02
3.598792401329071140e+02
1.475040699540936251e-01
1.750648268402853205e+02
2.871309340876234728e+02
4.319943863504883552e+02
5.978746631605628181e+02
7.651431054226084143e+02
9.113441476574494118e+02
1.158198837861256152e+03
4.071750368970122054e+03
-3.414108127986485215e+02
-1.534074752265599173e+01
2.271744268696220104e+02
3.842126106855472472e+02
5.977688624390241330e+02
8.565112129915578407e+02
1.137218115363370998e+03
1.424263723412752370e+03
1.935082784450829195e+03
1.068451802953428523e+04
-5.573805997368261842e+02
-4.105411089805471647e+01
3.049043075277347157e+02
5.474269112059259896e+02
9.099607001552337806e+02
1.399865939534174686e+03
1.989352802611966581e+03
2.746566886375203921e+03
4.263833180992395683e+03
-1.345444435715510917e+05
-1.169446118106716312e+03
-1.533672207286343792e+02
4.414275756090884784e+02
8.938644336821382694e+02
1.748101676784956453e+03
3.370388914306966853e+03
6.713703441751523314e+03
1.845528481729526538e+04
-3.272840330032530619e+04
-6.512039486793505603e+03
-2.419829577266732940e+03
-2.994586818701320226e+03
7.520608711625427532e+02
2.154388440649287531e+03
1.205492219925374411e+04
-1.076345331726387121e+04
-5.493260066952313537e+03
-4.201772897825452674e+03
-3.463573279591696519e+03
-2.953615908180637234e+03
-3.588381813348459218e+03
5.013668391456396307e+02
2.174149888216418276e+03
-6.855530369386761777e+03
-2.663161224643029072e+03
-2.153491605407934912e+03
-2.008249309193941826e+03
-1.922902514118391309e+03
-1.835795539702796759e+03
-1.827290265339356210e+03
-3.450951365840739982e+03
3.157009447723683593e+02
-2.963057610678703440e+03
-1.400007299709403242e+03
-1.236992805602756334e+03
-1.217780599090519672e+03
-1.240726371225663343e+03
-1.252416242862662557e+03
-1.249115767592785232e+03
-1.317140797886177779e+03
-3.388956947860229775e+03
2.144261145787264695e+02
-1.007458340498404709e+03
-8.181395502913287601e+02
-8.125031784003737130e+02
-8.577113469448372598e+02
-9.021696882191291706e+02
-9.323851133819342749e+02
-9.581907634967984677e+02
-1.093647869611636906e+03
1.388938192666874093e+05
1.142461010288027126e+02
-8.677919154970899172e+02
-6.436874536490274750e+02
-6.354991859257299893e+02
-6.798233729775778329e+02
-7.249947009791210348e+02
-7.674220240724017685e+02
-8.417626422271464435e+02
-1.324666943510048441e+03
5.828564814278022368e+02
4.272545423427700939e+01
