3.698923209279707862e+02
5.400248719400892696e+02
7.511334594677683754e+02
9.936350888046137015e+02
1.249640570322240364e+03
1.512944650680691211e+03
1.805324074011779885e+03
2.514624051976429655e+03
2.444469098512234723e+03
1.487736184307676695e+02
4.759609239890675099e+02
6.980484469121676057e+02
9.788024208851161347e+02
1.306919310449266050e+03
1.665515382116066803e+03
2.049390135515954171e+03
2.686991905436133038e+03
5.768383854619140038e+03
-3.487058734672840274e+03
-1.492613706834192953e+03
6.238874756708333962e+02
9.380219234857246420e+02
1.351178584832150591e+03
1.853125178829959623e+03
2.413522466417400210e+03
3.090297959250526219e+03
4.247659737594985927e+03
1.088947554482448868e+04
-4.054967500229069628e+03
-1.024712047112954679e+03
8.596829573929096568e+02
1.362256082765445626e+03
2.088001348054637674e+03
3.070446049617990866e+03
4.328967621683917059e+03
6.113341898338575447e+03
9.995757888922837083e+03
1.427713259041341953e+05
-5.397101163999839628e+03
-1.799467557215532906e+03
1.295868020776071717e+03
2.306041853183655803e+03
4.191761613477282481e+03
7.981916828044238173e+03
1.762729379861355119e+04
1.182640335396879964e+05
-2.744492129042523811e+04
-1.060169313807783328e+04
-5.451056723802003035e+03
-4.336329235233286454e+03
2.358678106413029582e+03
6.131022475456406028e+03
5.349140659173391759e+04
-1.635259414617553193e+04
-9.249871320145195568e+03
-7.079965324439748656e+03
-5.782714711070860176e+03
-4.798533717650024300e+03
-4.323662435295667819e+03
-2.112249316045729211e+04
8.548875950829000431e+03
-1.252200397049744970e+04
-5.479485573636588924e+03
-4.238065811518732517e+03
-3.770882595064303587e+03
-3.483586673589931252e+03
-3.224519934517037200e+03
-3.013548789258315082e+03
-3.233804830173490700e+03
1.423552888550022180e+04
-6.626243623129755179e+03
-3.359160302854570546e+03
-2.719823441123223347e+03
-2.492419880215506055e+03
-2.394738807754473783e+03
-2.315109597137196488e+03
-2.222809030063309820e+03
-2.167685035041304673e+03
-2.557319050192609666e+03
3.785279237144111903e+03
-2.663645234366882960e+03
-2.038403137306562940e+03
-1.844051281440234334e+03
-1.785737803242157270e+03
-1.759874286483835021e+03
-1.729673579994733018e+03
-1.690899915968042706e+03
-1.712523932291964684e+03
-2.441008165676080807e+03
1.099367594842499329e+03
-1.899578399291115829e+03
-1.546308744319151629e+03
-1.433209926964828810e+03
-1.408225349308446084e+03
-1.399667305381842425e+03
-1.390506026724684034e+03
-1.397871915948730475e+03
-1.575313293832883573e+03
-9.841633799000006547e+03
2.907218586024541196e+02
