3.427398954638982786e+02
4.914731915271825073e+02
6.719943047912440761e+02
8.715636323813374702e+02
1.067195708766902953e+03
1.242441474306902592e+03
1.392034308418241380e+03
1.788551504911990378e+03
1.358081938863642108e+03
2.785867006169229398e+01
4.385640412465452869e+02
6.310391009588721545e+02
8.692469783449005263e+02
1.138165881495795247e+03
1.414772219813323318e+03
1.680192656695232245e+03
2.119517429625107070e+03
5.195920650472487068e+03
-1.237358357821644631e+03
-2.714134857729191026e+02
5.732673998160844349e+02
8.451696685451044004e+02
1.195649830131093495e+03
1.608419093658554857e+03
2.043556909387830501e+03
2.535918386376745275e+03
3.381465859612736040e+03
1.129402613438097796e+04
-1.553991653363191972e+03
-2.356810072117413881e+02
7.892295146316201908e+02
1.226438628024490754e+03
1.846824715952911447e+03
2.665773032955721646e+03
3.671779213083758805e+03
5.034668825890940752e+03
8.036025544936410370e+03
-1.071946311597712192e+05
-2.465279097702429226e+03
-5.091804722263996723e+02
1.190109569306225239e+03
2.079475788461976663e+03
3.722552694778111800e+03
6.993676843412508788e+03
1.527958929394798179e+04
1.122989999520844576e+05
-2.096352739087606824e+04
-7.582521571983083049e+03
-3.356948637734798922e+03
-2.514588775782653556e+03
2.170679857461640495e+03
5.581538236677696659e+03
5.370838217146180978e+04
-1.364975833072118076e+04
-7.675882463239889148e+03
-5.750745884575294440e+03
-4.553318967603968304e+03
-3.636427659812559796e+03
-3.325555397675555014e+03
2.084163374404039132e+03
7.993633490268651258e+03
-1.085018157871534095e+04
-4.753675186932427096e+03
-3.620322506576185788e+03
-3.158057914852588965e+03
-2.844457002676843331e+03
-2.550883242824709669e+03
-2.313427071314826208e+03
-2.729983274936475482e+03
9.403287511823639306e+02
-5.929085107773663367e+03
-2.975434013512077854e+03
-2.372478375070914808e+03
-2.135525875920098315e+03
-2.010364460168948199e+03
-1.894925969135239029e+03
-1.764291946668801984e+03
-1.678297469790494915e+03
-2.319160202320604185e+03
5.330047883434885989e+02
-2.404527604308114860e+03
-1.808332404871032168e+03
-1.608195014842434603e+03
-1.530938625843738237e+03
-1.479072776146779688e+03
-1.418980616526828044e+03
-1.349386240768801599e+03
-1.351963272920005238e+03
-2.912706853634713752e+03
2.429043281054819658e+02
-1.724790446630390079e+03
-1.373598322926088713e+03
-1.250096637155580538e+03
-1.208275782717750417e+03
-1.179071956012893907e+03
-1.147412951160712282e+03
-1.134556537252974067e+03
-1.347485261427971409e+03
2.075782352180123780e+03
8.112018023413043011e+01
