1.467790319567963131e-01
5.263020439374020976e-01
7.273485567950622732e-01
7.936935145321635798e-02
2.498830777339384746e+00
9.435357146235828774e-01
1.650524907564159538e-01
7.302241335326620231e-02
6.559814831795032775e-02
6.516063970034938202e-02
6.670259428779881539e+00
4.972499309090923703e+01
7.534967692680478990e+01
6.706958359048954321e+00
9.378080370001406152e+01
3.625323940086131813e+01
2.774626953514537586e+00
1.983709890936510567e-01
7.462756565382223928e-02
6.567272311074599800e-02
2.290758592495257346e+02
3.455903246681842234e+02
6.032499525013782886e+02
-3.643575818697972579e+01
2.687096480070280222e+02
2.126477549864578123e+02
5.594193482803277107e+01
3.949985900746121104e+00
2.316571054687921460e-01
7.286165500991273469e-02
3.469030860878769431e+02
3.508293587099191200e+02
5.368519723044767034e+02
-1.874589906830724146e+02
1.802265604300348514e+02
1.951444501043403648e+02
1.555965623897480441e+02
6.823698513171778757e+01
3.093964210251673119e+00
1.276014076511423345e-01
4.716139946271792951e+02
3.805177939249424526e+02
6.171128821717297797e+02
-1.947624005143471493e+01
1.408412986363250923e+02
1.618185459758023512e+02
1.562485477779848111e+02
1.393518264054281701e+02
2.564806328286087833e+01
3.775066365248575528e-01
8.208872501874241152e+02
4.706615928153606205e+02
-5.431264795991580741e+02
1.603556941796979913e+02
1.720445721649506936e+02
1.607855963268642654e+02
1.542726566559474008e+02
1.486051980661402752e+02
6.320573676701566512e+01
9.200821251896522668e-01
-5.953233258584536088e+04
-1.614645106977824753e+03
3.387712028451030619e+02
2.989818469277821578e+02
2.330988273266625299e+02
1.730873615948332827e+02
1.547423644018957418e+02
1.482950629452256806e+02
7.286610651523650972e+01
1.206026545809979700e+00
-4.767353434786248840e+02
3.448765954980239599e+02
4.250618636289943879e+02
3.914073588161940620e+02
2.967281902624339409e+02
1.885036460125953113e+02
1.552369882660276232e+02
1.424641455166087098e+02
4.631127137428622120e+01
7.399333347628086477e-01
3.730666136998463145e+01
3.945730113236283501e+02
4.538798895037786565e+02
4.339707793832838547e+02
3.345711731819033616e+02
1.943225291781172643e+02
1.465991055199145023e+02
9.949886604083800989e+01
9.459826674922739542e+00
2.361146787664598623e-01
4.365662268275452895e+00
1.222764563277200693e+02
3.426244675060651161e+02
3.650365255786293233e+02
2.346142721464402712e+02
9.391923948943659184e+01
4.487692705935037907e+01
9.513506309557378415e+00
6.090847530671914534e-01
8.846738414786679827e-02
