3.209051933430386612e+02
4.368506348860698836e+02
5.680364145825583364e+02
6.984412706218380436e+02
8.062783835368560403e+02
8.878891551838227088e+02
9.612754664383469390e+02
1.280376715643213174e+03
8.766731581388396535e+02
5.561916604692000732e+01
4.226400318240213778e+02
5.758974261160145716e+02
7.540837538113182745e+02
9.383238579021623309e+02
1.106576129998214810e+03
1.251603117188845090e+03
1.587225312928565927e+03
6.120171011814643862e+03
-9.242327546137972831e+02
-7.364801523186981740e+02
5.680478956052959347e+02
7.921359598804637017e+02
1.065065204206619910e+03
1.362744686819411299e+03
1.642522243484117780e+03
1.951607979676519790e+03
2.630994982130758672e+03
2.591310361803229898e+04
-1.041949138339896990e+03
-3.400108062895160401e+02
8.076707637680743801e+02
1.189094971216433350e+03
1.707962193439057273e+03
2.355923970607913361e+03
3.093657076633189263e+03
4.074408727232148067e+03
6.671801623518168526e+03
-1.759199735582996436e+04
-1.644424202743875639e+03
-6.007068450164590558e+02
1.270844831440353346e+03
2.129857172406066638e+03
3.736817225944065740e+03
7.099837649986353426e+03
1.716562699862899899e+04
-1.490855265994615620e+05
-1.273885718021310822e+04
-5.226968534415420436e+03
-2.580048297908630502e+03
-3.418863675725453959e+03
2.495251992901801259e+03
6.849194179501959297e+03
-6.816449273757664196e+04
-8.620636744630981411e+03
-5.377196300190937109e+03
-4.092970626291926692e+03
-3.278836214371886854e+03
-2.758979279085507187e+03
-3.175542873511655671e+03
1.298969117342417348e+03
1.347437356217391061e+04
-7.496448754427267886e+03
-3.786071637828561961e+03
-2.857142816844577737e+03
-2.425498640681816596e+03
-2.126984147710486468e+03
-1.887738858867570798e+03
-1.792973992807659897e+03
-3.017436453086934307e+03
5.792119686548101072e+02
-5.069264070772198465e+03
-2.680161963460376228e+03
-2.061948074164525678e+03
-1.773679959335794365e+03
-1.598716708549241275e+03
-1.452279906700941410e+03
-1.327813661884953945e+03
-1.319800003277688802e+03
-3.088673239939394534e+03
3.077722150006617312e+02
-2.425412067743235639e+03
-1.739637201173957010e+03
-1.458266173512053683e+03
-1.312634551876487194e+03
-1.206015296338957569e+03
-1.110425004228549824e+03
-1.036488184970739439e+03
-1.108104073866891895e+03
4.265567943653815018e+04
1.336517491242820768e+02
-1.840460098833378197e+03
-1.378715465166163540e+03
-1.172592391059457896e+03
-1.065750317275193538e+03
-9.864523528724728294e+02
-9.236158005996277325e+02
-9.142763275831522378e+02
-1.373550646657042989e+03
5.024640406392204000e+02
4.221653689303195023e+01
