2.841711205688208679e+02
3.747409600966497578e+02
4.592864309113345485e+02
5.078078664932857578e+02
4.826861356074078913e+02
3.719155742784699328e+02
1.896984034603161149e+02
2.909495159071324721e+01
9.952729937886996936e+01
5.425940550874134516e+01
3.873428960499447840e+02
5.178187249850781200e+02
6.530553095684174423e+02
7.599159365957827958e+02
7.952677764119182484e+02
7.223496488203187482e+02
6.555291618988800337e+02
-5.475259649484930833e+02
-2.579225153390427572e+00
-2.237306622007866679e+02
5.304916246817982710e+02
7.319081790445042088e+02
9.604376820118776550e+02
1.174741208876986548e+03
1.303515916316798666e+03
1.346105900923234685e+03
1.517148627931607734e+03
-1.202990805522553501e+03
-1.022820167428149674e+01
-4.918415289813610514e+01
7.640140528787039784e+02
1.120809724957980961e+03
1.588920699146780180e+03
2.132878786104409755e+03
2.656298569359831617e+03
3.190187126584227826e+03
4.808206865482559806e+03
-2.508290333520257263e+03
-1.026663402980123436e+02
-2.383370387310078087e+01
1.217780808769126907e+03
2.054891657981386288e+03
3.637574227960110420e+03
7.089666776638982810e+03
1.955393232123207054e+04
-3.793862255584003287e+04
-7.529129200944080367e+03
-2.553843979134884194e+03
-6.449498280162922583e+02
5.137713337291085480e-01
2.448617693173422140e+03
7.173859403627885513e+03
-3.155364610223258933e+04
-6.946859680750260850e+03
-4.354214227894088253e+03
-3.179860161827876254e+03
-2.361466272272735750e+03
-1.824813052207536657e+03
-2.647126384892017450e+04
1.300374690223507912e+01
1.605709693152516593e+04
-6.383926035512279668e+03
-3.362573842976533342e+03
-2.523929800587158752e+03
-2.092109816037630935e+03
-1.757899691896285049e+03
-1.463817828493077741e+03
-1.325808020868997346e+03
5.037524829292963659e+03
2.904718048591859514e+01
-4.500401040433545859e+03
-2.457881629697522840e+03
-1.894227030487595812e+03
-1.612359192195309333e+03
-1.423225285727308574e+03
-1.249503562950813830e+03
-1.088419675646978021e+03
-1.055716125547454112e+03
3.182472854875637040e+03
3.764740887444621364e+01
-2.257228291870108933e+03
-1.632337222636115257e+03
-1.365170472503453766e+03
-1.218027304292020290e+03
-1.101186528650243190e+03
-9.889447765334881524e+02
-8.940841729836271270e+02
-9.700229716028061375e+02
9.687680199816938966e+02
3.110291414290800560e+01
-1.751166694799225070e+03
-1.294959386314854555e+03
-1.117066451959273309e+03
-1.008651271564778426e+03
-9.234284547674963051e+02
-8.518189744076336183e+02
-8.353015453500082685e+02
-1.495685935080187392e+03
2.394272268007920559e+02
1.582711263416215708e+01
