5.954946695212519444e+03
1.211232924696888767e+04
2.426041466656209377e+04
4.821077427562925004e+04
9.774512127119909564e+04
2.164001157752321451e+05
6.504031325102655683e+05
-6.516680271621769294e+06
-9.875407845707021188e+05
-7.591526303166224388e+05
6.186359116635305327e+03
1.281028481301284228e+04
2.603996285725337657e+04
5.191804352668303181e+04
1.036110842804405256e+05
2.183118991006206779e+05
5.627879570050509647e+05
5.217286724362146109e+06
-1.476135982128068106e+06
-9.255666508971765870e+05
6.709832195911392773e+03
1.440591158173077565e+04
3.054713483834166254e+04
6.340626731131750421e+04
1.312107980396584899e+05
2.882509915797932772e+05
8.210781483971205307e+05
-1.783141085045369714e+07
-1.297358938967658672e+06
-8.888303977236677893e+05
7.774131837525748779e+03
1.783609293142999013e+04
4.154628790119729092e+04
9.699866717425797833e+04
2.352759185698061483e+05
7.047927224634954473e+05
-6.727071844077041745e+07
-1.262548983766068239e+06
-8.233737008901009103e+05
-7.094342915579751134e+05
1.014626196590863947e+04
2.706429728545423495e+04
8.420321770724853559e+04
3.765502884895121679e+05
-1.900349730369743658e+06
-6.376503624065106269e+05
-5.279499565545936348e+05
-5.037997320499460329e+05
-5.041124396256867331e+05
-5.203192988331380184e+05
1.751554421473709590e+04
9.544604993858294620e+04
-2.071338909713209432e+05
-1.295738520075408160e+05
-1.432991512328148820e+05
-1.776018183540515020e+05
-2.224991047965731996e+05
-2.717459392081004335e+05
-3.213640502431913046e+05
-3.713522878414015868e+05
2.404626272899347823e+05
-3.956923697507022007e+04
-3.623800713233619899e+04
-4.597422638779849513e+04
-6.394616895918865339e+04
-9.026185378243352170e+04
-1.248398957817358605e+05
-1.663837958439988142e+05
-2.128174947540139256e+05
-2.628737345936610946e+05
-1.773823932056625927e+04
-1.391910699993670096e+04
-1.705181746939518780e+04
-2.441819165646262627e+04
-3.648749536603750312e+04
-5.417567717599376192e+04
-7.816649128943240794e+04
-1.084564677964474104e+05
-1.443530840454463032e+05
-1.852744667186029255e+05
-8.676386095722913524e+03
-7.771697130232692871e+03
-9.914308142470210441e+03
-1.478243921398402017e+04
-2.286713774987970464e+04
-3.489972850356285198e+04
-5.151209901937871473e+04
-7.297898434914764948e+04
-9.918712279019042035e+04
-1.302852344111972925e+05
-6.267069585423636454e+03
-5.243814785869001753e+03
-6.385561522421636255e+03
-9.509762466554362618e+03
-1.496098062638979900e+04
-2.323866683495763209e+04
-3.480142125769055565e+04
-4.992491900747522595e+04
-6.877801007285695232e+04
-9.243555655189327081e+04
