7.155055085310583536e+02
1.031582179859046164e+03
1.451364324407731829e+03
2.004687419583115116e+03
2.763520167770207536e+03
3.987426001316528982e+03
7.013495631653561759e+03
1.223657195768158563e+05
-1.466849984207144189e+04
9.048107699080012480e+02
8.700257636054874411e+02
1.266648731113870099e+03
1.799307598031091402e+03
2.500539783819673630e+03
3.456216318835471611e+03
4.978644338198876540e+03
9.311848753140217013e+03
-4.348479447553214413e+04
-4.498655371932802154e+03
-3.876992034613562282e+03
1.096727085931097463e+03
1.649354016663732409e+03
2.429218162704045426e+03
3.508210569646301337e+03
5.047248507888354652e+03
7.804865720536989102e+03
1.757746363048067360e+04
-2.510319093626740141e+04
-5.158995798830455897e+03
-2.869272002164627793e+03
1.475089329305472120e+03
2.378445526913746107e+03
3.839495496748844744e+03
6.269514447375076998e+03
1.088217203098289428e+04
2.576703249033938482e+04
-7.412929902473243419e+04
-1.268789198918691727e+04
-5.862891523962481187e+03
-4.058980294064017471e+03
2.229704499224794290e+03
4.263782836698932442e+03
9.458050728409838484e+03
3.635803096994500083e+04
-4.279370475139028713e+04
-1.601173299904443957e+04
-1.002132494743623283e+04
-7.121451281289594590e+03
-5.585489017077614335e+03
-6.671195382297674769e+03
4.452426160896050533e+03
2.002169546880424969e+04
-1.961579250883126588e+04
-9.150823349633759790e+03
-6.849971309586640018e+03
-5.753093397868700777e+03
-5.003190337022152562e+03
-4.502774532528588679e+03
-4.584000474468321045e+03
-1.176447418653042951e+04
1.455330919908201613e+05
-7.504215917816309229e+03
-4.762447132014504859e+03
-3.966321115243938493e+03
-3.611879358647600384e+03
-3.374905541579736564e+03
-3.179214802272598718e+03
-3.094594617744185143e+03
-3.549570518229308163e+03
-3.562811411672854592e+04
-4.911248179686430376e+03
-3.168064378627985207e+03
-2.682622677455054145e+03
-2.483911326949430986e+03
-2.387187332081699878e+03
-2.309035775171741989e+03
-2.239629221014719860e+03
-2.257627418324665086e+03
-2.826402659887560276e+03
9.265833984772216354e+03
-2.491730993964632034e+03
-2.015092058899679159e+03
-1.838155781240305032e+03
-1.773317243906304839e+03
-1.737200849037393027e+03
-1.702510602808471504e+03
-1.677731744915597119e+03
-1.756874738469530030e+03
-2.716113800549113421e+03
1.533524640145814828e+03
-1.795059890556288792e+03
-1.488263660466514466e+03
-1.397653998282103430e+03
-1.362152039860376362e+03
-1.342822403149683623e+03
-1.329793053844757651e+03
-1.353061689103617255e+03
-1.619005249496966371e+03
2.133518928495992150e+05
3.180497527464868313e+02
