1.035803132257753350e+04
1.653281652738532284e+04
2.580475873657138800e+04
3.986465969871981360e+04
6.259153940649879951e+04
1.068934346772528224e+05
2.610601156544196128e+05
-4.768092993842696305e+05
-7.751505458456509223e+04
1.521566789153727939e+01
1.196354926842058376e+04
1.937616672769044817e+04
3.035149011870382674e+04
4.633725039655993169e+04
7.030194580115513236e+04
1.114369745737497869e+05
2.203151361962053343e+05
-1.594149813069766387e+06
-6.987842854267610528e+04
3.728918889406300150e+04
1.442414520558613367e+04
2.428778114743807237e+04
3.937545997372602142e+04
6.185334519780208211e+04
9.610767268017535389e+04
1.576485947956956807e+05
3.618803386773130042e+05
-4.757589072142224759e+05
-4.342537958338843600e+04
5.893450630378131609e+04
1.850085922819541884e+04
3.374797930253267259e+04
6.010109782545897178e+04
1.062436617853005155e+05
1.971658676271470904e+05
5.067443780291134608e+05
-8.822933219184988411e+05
-1.498906048929622339e+05
-1.881031426808949254e+04
5.985276925943378592e+04
2.647264381510884778e+04
5.820740262380290369e+04
1.436862918547877634e+05
6.082721893095417181e+05
-6.961739394800547743e+05
-2.608279018205872271e+05
-1.433571672018796962e+05
-6.752659467172322911e+04
-4.498283623532978709e+03
5.510829499952821789e+04
4.955395346266429988e+04
2.658406643134322367e+05
-2.797666135549414321e+05
-1.425717818208492245e+05
-1.113846406358829117e+05
-9.124491491286599194e+04
-6.769888107436828432e+04
-3.648546492075950664e+04
2.657097308574770068e+03
4.830719383808614657e+04
2.169215421339598950e+06
-9.121434595822864503e+04
-6.616871709467147593e+04
-6.012569072967943794e+04
-5.684651074257081927e+04
-5.138261679962519702e+04
-4.045744444333646970e+04
-2.181680191060015568e+04
5.432935971987139965e+03
4.075579617644267273e+04
-4.336308908063330455e+04
-3.607403741940021428e+04
-3.564612533254775190e+04
-3.639487098068866180e+04
-3.635984690188398963e+04
-3.379761317296878406e+04
-2.687116084521153971e+04
-1.391391841435123570e+04
6.120026011764300165e+03
3.308707255279586388e+04
-1.854796916034394962e+04
-2.089593861627080696e+04
-2.317705166017386728e+04
-2.496161349752371825e+04
-2.554157235045334892e+04
-2.392717280633579503e+04
-1.891321962671624715e+04
-9.328615548476724143e+03
5.636496790955520737e+03
2.561594699403786217e+04
-1.000214030811780685e+04
-1.353464849378054896e+04
-1.624037900319041000e+04
-1.811541813239527255e+04
-1.879132674966601917e+04
-1.762472990442577793e+04
-1.381455061665046014e+04
-6.625728392111630455e+03
4.463675018624441691e+03
1.829859518433049743e+04
