5.372197100004725598e+02
7.696173852350855213e+02
1.042695766377637028e+03
1.324341722103801430e+03
1.538849062338559406e+03
1.517959000821856307e+03
8.063491180253412267e+02
1.319086387724388487e+03
3.144118964049452188e+03
1.301155335412371414e+03
6.569278592018799827e+02
9.621654336764446498e+02
1.336440379207948126e+03
1.747511494217113977e+03
2.131235825078107155e+03
2.373195556228898567e+03
3.013075394428713025e+03
-7.938731373438407957e+01
-3.012073327275007159e+03
1.140601800061758695e+04
8.235512518278613925e+02
1.263145010885168176e+03
1.845714437167011056e+03
2.555091848372523600e+03
3.339511170710083206e+03
4.332484720083804859e+03
1.259364239262090086e+04
-4.388181339540689341e-02
-2.998461825121023139e+03
9.212691368001657247e+04
1.093047835127805001e+03
1.827290676379112028e+03
2.979040281656660227e+03
4.778515864750356741e+03
7.915033121468519312e+03
1.972085367758986831e+04
-9.091951109419049317e+03
-1.034078934709924198e+02
-5.514326656206550251e+04
7.747803295886051274e+03
1.620857399563788022e+03
3.294133752647982874e+03
7.712360095100125363e+03
3.744659540153262787e+04
-2.144377365129244208e+04
-7.887156559761334393e+03
-3.355584852625041549e+03
-4.852005502215054094e+02
1.726829217528419576e+03
2.955289996196213906e+03
3.179084582477703407e+03
1.741252651311715090e+04
-1.282402924405373960e+04
-6.356451807715950054e+03
-4.528013993672206198e+03
-3.282097611794726618e+03
-2.038069904975722693e+03
-7.948160399508120690e+02
6.224425612944257864e+02
1.585922642540189145e+03
2.147803082144816220e+07
-5.095934221235555015e+03
-3.435992378698314496e+03
-2.878701633667437363e+03
-2.500681412537589495e+03
-2.052113483878262741e+03
-1.448779787820466936e+03
-8.131916590366099626e+02
2.794781971085749319e+02
9.380892696783347446e+02
-2.982982669775393333e+03
-2.154903835795822033e+03
-1.941853303280380487e+03
-1.827071545507320252e+03
-1.697246139018726581e+03
-1.470246359470444986e+03
-1.113666241256767080e+03
-7.701890390317086030e+02
1.186523195068008647e+02
5.376374089661408107e+02
-1.447783893563346510e+03
-1.332844899857888777e+03
-1.313682713249782637e+03
-1.309981957772538863e+03
-1.259794979463650861e+03
-1.128999897351233130e+03
-9.088803595536343209e+02
-8.729321491450386930e+02
3.752211075654213346e+01
2.608890639510308347e+02
-1.015221548538351726e+03
-9.488894756828013897e+02
-9.840069747564331237e+02
-1.008491248486310838e+03
-9.936116662942663424e+02
-9.243946797543844696e+02
-8.317168379292218106e+02
1.345761302026456360e+04
6.587321274330478538e+00
9.247958903825767152e+01
