6.249463925880099850e+02
9.114767897739968703e+02
1.230683097914882637e+03
1.504047855746172218e+03
1.570283437240497051e+03
1.156667619741271665e+03
2.295799868266897192e+02
-2.595698519057677913e+03
-1.239057774838877231e+04
3.966228820266739149e+03
7.596123435078663988e+02
1.131915853876181927e+03
1.567013596332173165e+03
1.976508605239345570e+03
2.198293638234436457e+03
1.994599493024407366e+03
-5.040891771199848392e+01
-1.654061206834709310e+03
-4.882395971380374249e+03
-2.138706121582601918e+04
9.471960512985120886e+02
1.484379159501364256e+03
2.170146571917541678e+03
2.908625850415542118e+03
3.494942798259799019e+03
3.870235412366667788e+03
-3.731837302667250924e+02
-2.237633782769565187e+03
-8.552781043488979776e+03
-2.959062459792515438e+04
1.253776985663431788e+03
2.163480093813462645e+03
3.568471776835899618e+03
5.600855191746245509e+03
8.643943242772165831e+03
2.150844639236275179e+04
-9.986781123608849384e+02
-7.932383043289000852e+03
4.999102357328690414e+04
2.323465550417009581e+04
1.864990759773716263e+03
4.029570462499068526e+03
1.022119665934929435e+04
8.058793590115140250e+04
-1.906947772384450946e+04
-6.545634515361887679e+03
-1.194995042934272988e+03
2.956615497740393948e+03
5.762557784374396761e+03
7.505091537087468168e+03
3.778039838374349074e+03
3.561253513258666499e+04
-1.134124049631200069e+04
-6.419025929682433343e+03
-4.534646413919756014e+03
-2.884045472883547973e+03
-1.024002516867155919e+03
9.836058638724155117e+02
2.892899734195502333e+03
4.301514328723817925e+03
-3.497206351843332232e+04
-4.871265600973037181e+03
-3.532591336441099884e+03
-3.012415103453187385e+03
-2.536105954290489535e+03
-1.837605498551579331e+03
-8.348761776426819097e+02
4.734541711666873880e+02
1.791161885158826635e+03
2.802897254283623170e+03
-2.767664017068220346e+03
-2.158106145962788105e+03
-2.018174706479976294e+03
-1.912278090334193394e+03
-1.716692588855117947e+03
-1.323432043880942047e+03
-6.937440721601201403e+02
2.362057379163749715e+02
1.147588329131111777e+03
1.796458577068307704e+03
-1.341506261490363158e+03
-1.318792615472287707e+03
-1.347480139299272878e+03
-1.352845790295341430e+03
-1.258992878973244842e+03
-1.013982685072808408e+03
-6.143505091533397717e+02
1.007146075236563547e+02
6.717722555113235785e+02
9.871981038948674723e+02
-9.600799090853089410e+02
-9.165996942955043778e+02
-9.873401462586847401e+02
-1.021547270590253333e+03
-9.794210325290756600e+02
-8.388118834812032674e+02
-7.466740796839513905e+02
2.888345809681195320e+01
2.980624093738518923e+02
3.893515947247923350e+02
