-2.299623106604706777e+02
-1.634199113221214930e+02
-6.728583250572232721e+00
6.140691283828948599e+02
1.845777241055697232e+03
5.957094219241921564e+03
-3.303108871345290099e+05
-1.101013462472626998e+04
-7.854083043211903714e+03
-1.261052702466627125e+04
-3.024173623144512817e+02
-2.751255450822669673e+02
-1.126786701277012668e+02
6.707202683668480176e+02
1.798297276291208846e+03
5.737087596228998336e+03
8.940045953452087997e+04
-1.353385905880527571e+04
-8.259676627915865538e+03
-7.812188587263621230e+03
-4.370075500309929453e+02
-4.629743450481863647e+02
-3.267133722219438710e+02
-3.117088352233920645e+01
1.977639638174961192e+03
7.439377500846424482e+03
-4.097070858462812612e+05
-1.425378979407785846e+04
-9.174832409165321224e+03
-8.093130073264645944e+03
-6.674563906107085813e+02
-8.261560273608208718e+02
-8.182195856285611626e+02
-2.583889028662902660e+02
3.332544412473464490e+03
3.812009631959402031e+04
-1.906658415886849252e+04
-1.151323338794171468e+04
-9.470626767525072864e+03
-9.081161433636370930e+03
-1.143099327719411576e+03
-1.832747875389308319e+03
-3.192466708566167654e+03
-1.928694445307991191e+04
-7.904238054707397168e+03
-5.144984112154650575e+03
-6.623213788424578524e+03
-7.756195490913086360e+03
-8.661868424233354745e+03
-1.013696433775120386e+04
-2.708719659284423415e+03
-2.157856185586396168e+04
4.016565946726790571e+03
1.307830168652284556e+03
4.324245130807768334e+01
-1.577125952538313413e+03
-3.103715455464879597e+03
-4.882539069745967026e+03
-7.012318554268668777e+03
-1.086391749607064412e+04
1.849889785576515715e+04
2.827671485503680287e+03
1.527455863949427112e+03
8.612243468522342482e+02
2.413526691352889486e+02
-6.441083880988982173e+02
-1.632685135979350434e+03
-3.042493474568611873e+03
-5.222018977005376655e+03
-1.157857714906445108e+04
2.353158311162567315e+03
1.432400516303478980e+03
1.009793230401026335e+03
6.835367179452266555e+02
3.141624764970778756e+02
-1.646179047769835734e+03
-9.107829085775158546e+02
-1.938345194599643946e+03
-3.882961784558954605e+03
-2.041953777100943626e+04
1.270671175251276281e+03
9.710889908945252955e+02
7.710035408693988757e+02
5.671850448547769474e+02
3.227806584785321888e+02
2.285140190184031894e+01
-5.706697738799236959e+02
-1.377090477158467138e+03
-3.827633992766216124e+03
4.738516698863181773e+03
7.805260008979673785e+02
7.136304167839026604e+02
5.972755318695718643e+02
4.627800487231859279e+02
2.901776266832555393e+02
7.044169791583934170e+01
2.974582013810139870e+03
-2.909146203270735441e+03
2.311195575565062427e+03
5.220410791091682086e+02
