-3.291557276280951214e+02
-1.538799555447380772e+04
6.164423697026101763e+03
7.786606651716017041e+03
1.242908096314491377e+04
2.152662720599543900e+04
3.888842660050229460e+04
5.534768401118007750e+04
3.435148487562445371e+04
1.129027389676575876e+04
-1.006810534287224925e+02
-2.267199215093665316e+03
6.156436585880347593e+03
6.557043632057740069e+03
1.020884545758428430e+04
1.784151358836829240e+04
3.581982505153362581e+04
8.650122416237786820e+04
1.309693013476651977e+05
3.784694095174031099e+04
-1.891335777457438638e+01
-7.569578425371954609e+02
9.783629024246385598e+03
7.272642070269182113e+03
1.191181653227847528e+04
2.404003435904885919e+04
7.482721555584283487e+04
-2.552285005712261773e+05
-8.881558480660751229e+04
-2.410909902130926494e+05
-1.676943369496893266e-01
-2.612050138603335085e+02
-3.435030369545975555e+04
1.274082561827157951e+04
2.889362029531828011e+04
1.106859562973434571e+06
-5.145283011426479061e+04
-3.237595003663927127e+04
-2.864951936978613230e+04
-3.498958534634283569e+04
-2.723689372593280211e+01
-6.004291760532023403e+01
-6.236451412940417868e+03
-3.886977793761326757e+04
-1.709455890698818257e+04
-1.405608896781412113e+04
-1.366367709458199533e+04
-1.407858962285801317e+04
-1.525613799472003666e+04
-1.878055870147611131e+04
-1.546964756942765860e+02
-3.742035458167712392e+01
1.632107401428454068e+03
-6.861916482367751087e+03
-4.768213942899560607e+03
-5.395655151268641930e+03
-6.494715587690033317e+03
-7.827165773706413347e+03
-9.487347647114764186e+03
-1.244585469146231117e+04
9.030375135020610742e+02
7.525453463996294090e+01
4.354303498912633330e+01
-2.395659832859336166e+04
-2.276645344117687728e+03
-2.768965525613460613e+03
-3.664509403533080786e+03
-4.827286915424058861e+03
-6.350551614753182548e+03
-9.124518600057335789e+03
1.528552954311890062e+02
7.499348719669661989e+01
2.771611780740839581e+00
4.206923051435456387e+02
-1.341603668291568283e+03
-1.590708029284188342e+03
-2.238418903237329687e+03
-3.153584946320081144e+03
-4.491069929020596646e+03
-7.657472079882241815e+03
5.701230972851234213e+01
5.844376973286999544e+01
2.396937549417224744e+01
2.089532279500407697e+01
-1.156776016863703262e+03
-9.916116354954880308e+02
-1.454680033132942526e+03
-2.198341915130255529e+03
-3.579058301093196860e+03
-1.296395511243302280e+04
1.004853169488966280e+01
3.734099634534934609e+01
2.974838924665924367e+01
9.283423665525881718e-01
4.168036227772611824e+02
-7.941443668005214249e+02
-1.124024325669234713e+03
-1.972564962404949256e+03
-7.050809836148884642e+03
2.140438066649748635e+03
