-1.162942957325725816e+06
-6.338899076612611534e+05
-7.730826403342680715e+04
6.426934847294888459e+05
2.044132631692115450e+06
1.160391700920752995e+07
-5.268346358351595700e+06
-2.241037591065538116e+06
-1.364917628739620093e+06
-9.164434386345217936e+05
-3.145692856359885540e+06
-1.940838573079798836e+06
-7.594294606349981623e+05
7.673513286813339218e+05
4.691303061816086993e+06
-2.070055350649493933e+07
-4.505017649457789958e+06
-2.552861974339755718e+06
-1.685103551028952003e+06
-1.162821989733722061e+06
-2.352181745707767829e+07
-1.273760799677206390e+07
-6.637475806619458832e+06
-2.421723542997099867e+05
-2.915058521250865608e+07
-7.615621427852986380e+06
-4.757974160105864517e+06
-3.287628032125316095e+06
-2.316039116426027380e+06
-1.623338653258561622e+06
1.129269512380333059e+07
1.069411210767887346e+07
8.417000289477201179e+06
3.346167285297420807e+06
-2.816918516666684300e+06
-6.441349924262256362e+06
-6.889417068031645380e+06
-5.720454965756398626e+06
-4.196065995844898745e+06
-2.870503958817697596e+06
7.070343278878285550e+06
6.920284625200450420e+06
6.318113426560781896e+06
4.697074965844419785e+06
4.759074512367138523e+05
-1.658489173562585935e+07
1.173383988501325548e+08
4.745406637476487458e+07
1.276180997179725021e+08
-2.743733194460273534e+07
6.549818367437187582e+06
7.226524981145710684e+06
8.290092900970953517e+06
1.146138745118033141e+07
-1.715801625812707841e+07
1.388316359009861713e+06
2.675506929922374431e+06
2.880817547003511805e+06
2.839327084066432901e+06
2.780507941621658858e+06
7.008147421225769445e+06
9.492352146100763232e+06
1.822010727587402612e+07
-2.887354332471251115e+07
-3.627238548285426106e+06
-4.356178386041567428e+05
6.231263656439115293e+05
1.006354060131309438e+06
1.107109768877419177e+06
1.082503353415940888e+06
8.144781260955632664e+06
1.670249900425379723e+07
-4.679850667520046979e+07
-6.677454782480002381e+06
-2.398733512655130588e+06
-7.786870488843853818e+05
-1.049176636013695679e+04
3.554837482988681295e+05
5.057426121804643772e+05
5.379287344893105328e+05
1.011824538305632770e+07
1.192645796149745286e+08
-9.757508040240682662e+06
-3.822522667221289594e+06
-1.847287141528504668e+06
-8.472136887712769676e+05
-2.792280754609613796e+05
3.934599093720426754e+04
2.008898345848018653e+05
2.636742054172598291e+05
1.363457979068753310e+07
-2.120041031944381073e+07
-5.312756163195024244e+06
-2.662621696432968136e+06
-1.498530994071273832e+06
-8.243298009767597541e+05
-3.979326518143306603e+05
-1.309754587942724029e+05
2.392210721432897481e+04
1.000417133491662826e+05
