7.165168553355097174e+02
3.711681286613161774e+03
1.212239343882697358e+04
1.888189781997516911e+04
6.411990764514897592e+02
7.565441814069344240e+00
2.105071951587875390e+01
3.003710270857559372e+00
3.454529793886552125e-01
1.284508314252546801e-01
3.092410221267159613e+03
6.022000398358982238e+03
2.663896071723916975e+04
-5.502958542545938144e+03
-3.040627672902237919e+03
7.034965308495021645e+02
5.487302298920149042e+02
9.396074438158093756e+01
5.639809337377776011e+00
3.789199959751748947e-01
2.760710327372013580e+03
3.747014063058454667e+03
8.703653931233031471e+03
-3.625570674148851140e+03
3.208895096367327255e+02
1.081203599450865568e+03
1.121857655278315178e+03
7.417123531751079781e+02
1.175698455641494746e+02
4.150931581540771909e+00
2.717111548325312015e+03
3.096133261334889085e+03
6.338207076547410907e+03
-1.820873762207499340e+03
5.499206877971677159e+02
9.959782275667192835e+02
1.044634729135843145e+03
9.768077298188471786e+02
6.270438778209309021e+02
4.517044960993711555e+01
3.063283435987448684e+03
3.079286597584426545e+03
9.965899353864599107e+03
-8.879038892431945840e+01
7.880884311632988783e+02
9.749945370262640836e+02
9.909558497513228303e+02
9.695047082571154533e+02
8.811618585239757522e+02
2.129290457315391336e+02
4.079498449969863486e+03
3.784953287729362728e+03
-3.550874705658020503e+02
1.037973570168672723e+03
1.100403675448925242e+03
1.045513349179874012e+03
9.922124770092968902e+02
9.641201387137025449e+02
9.237427984760855679e+02
4.100558817097751216e+02
1.224852897418802240e+04
-4.132148643715597132e+02
1.868145035249219745e+03
1.715110953530720963e+03
1.425293447909463566e+03
1.160876202977790854e+03
1.019245357563030439e+03
9.670078531456979363e+02
9.258018827157681017e+02
4.533749014100292243e+02
-8.003839609769496519e+02
2.086060947364493586e+03
2.388233153159984795e+03
2.144639834740952665e+03
1.715569713165847133e+03
1.284074094967286328e+03
1.052399371464009164e+03
9.706344831355737597e+02
8.992058529757603083e+02
3.161698922211556351e+02
1.309726496375035140e+03
2.487477818363206552e+03
2.623082377737404840e+03
2.408849903692250336e+03
1.935523681070948214e+03
1.385838778731608272e+03
1.076833488689718479e+03
9.577596451455416400e+02
7.451704624699841588e+02
1.010695588302199894e+02
1.308628208029025473e+03
2.564257171964570261e+03
2.717217743524424350e+03
2.541183598108716978e+03
2.055637265719174138e+03
1.423617760953976585e+03
1.033920682941472023e+03
7.605284837425608657e+02
2.310939581611164328e+02
1.171513329713713070e+01
