-2.804254376201912237e+03
-4.683979001304103804e+03
-7.193559031749722635e+03
-1.115301970791719032e+04
-2.019836546663872286e+04
-9.358389483252551872e+04
3.008039978506969783e+04
1.099882781136386984e+04
5.550772211478269128e+03
2.800681745204714389e+03
-5.420830381486293845e+03
-9.611882754236319670e+03
-1.534632205784684083e+04
-2.556240830341169931e+04
-5.911342658253875561e+04
1.719957405669467116e+05
3.037081206680216565e+04
1.428212050716546764e+04
7.774568424753181716e+03
4.129601946928433790e+03
-6.157769648064178909e+04
-4.686071857259211538e+04
-6.864234291740521439e+04
-1.406594866923505324e+05
7.263374941782922251e+05
8.436960729674695176e+04
3.848461452127814118e+04
2.125441276449482757e+04
1.214439242459403795e+04
6.539418583936621872e+03
6.455036248649164918e+03
2.741162341427388310e+04
6.239535580841371120e+04
1.039084040770851570e+05
1.212621756153494789e+05
1.022129146259147237e+05
7.065701066607452231e+04
4.394340817980914289e+04
2.522437420923355603e+04
1.290784852521154971e+04
2.735633374878388167e+03
1.384031785434417179e+04
3.353636828903311107e+04
7.157132155476960179e+04
1.640144063569631253e+05
6.486998016257698182e+05
-8.693903106886463938e+05
-4.876331508227042505e+05
3.079348455675125122e+06
8.064759408055614040e+04
1.297103354064357063e+03
1.131215934338242550e+04
3.397739992028418783e+04
1.216641648588412791e+05
-3.085740084400097257e+05
-8.692564141637797002e+04
-5.259228660348655103e+04
-3.709643796012990060e+04
-2.790377925376707572e+04
-2.284242315980519197e+04
2.879301020887214122e+02
1.157465957011775936e+04
5.975974411233389401e+04
-1.660906916856666503e+05
-5.391630560483316367e+04
-3.504512726037847460e+04
-2.562492272220282757e+04
-1.923943033265699341e+04
-1.442407658682666624e+04
-1.087858948609010258e+04
1.184310751576302209e+03
1.493799518440367683e+04
-1.388625234649470076e+05
-3.591356908778390061e+04
-2.552708730181361170e+04
-2.031591622505108171e+04
-1.634389119664550526e+04
-1.291219671323873627e+04
-9.931158221408075406e+03
-7.598492321185195578e+03
2.865775782481612259e+04
2.862552486964980926e+04
-2.398494600459087087e+04
-1.760540872018840673e+04
-1.540354157934457180e+04
-1.358829374442757216e+04
-1.166527618389190502e+04
-9.646309823430332472e+03
-7.717079912836928088e+03
-6.366397170565593115e+03
4.077176285389613440e+03
2.211576915577715772e+04
-1.186575414229775743e+04
-1.085379730747300891e+04
-1.047218623827396732e+04
-9.852411995324351665e+03
-8.899286350600759761e+03
-7.723697271581630048e+03
-6.637077921192931171e+03
-7.173744376070876569e+03
