-3.452470637681466997e+03
-3.222542918512231608e+03
-3.257549442103288584e+03
-3.687718829882853697e+03
-5.409042833791443627e+03
-5.295141675870737527e+04
3.656398883834572189e+03
1.330674664615943129e+03
6.578681594315989969e+02
3.428775468772170711e+02
-8.632213128182886066e+03
-8.088082916631282387e+03
-8.345251981839519431e+03
-1.008150168587187545e+04
-1.877701391560274715e+04
3.271747849945658891e+04
5.898826474944368783e+03
2.609741239756300274e+03
1.431804463344563601e+03
8.342213093238713100e+02
-6.575715196567663224e+04
-4.510545485161256511e+04
-4.284651811274349166e+04
-6.194708766557413765e+04
3.305112265223657014e+05
2.533377275655835911e+04
9.962608509347252038e+03
5.128480285989347067e+03
2.975813818089538927e+03
1.796207562673582288e+03
2.819012910441188433e+04
3.914858404722213891e+04
5.378760850675380789e+04
6.470276490043082595e+04
5.812252997067390243e+04
3.924148829368843144e+04
2.307044874717867424e+04
1.317583101715604971e+04
7.580835592679214642e+03
4.307903775829813640e+03
1.784370296941888228e+04
2.380939210265851580e+04
3.351000356372169335e+04
5.181585568295726989e+04
9.998871409899253922e+04
5.565736268503146712e+05
-2.270379711873618071e+05
-1.755799604637415032e+05
2.132185955234501744e+05
2.310897838883902295e+04
1.675337442342718714e+04
2.426152521875567254e+04
4.062708531261539611e+04
1.127916534994918766e+05
-1.376374781866868143e+05
-4.017313331158053916e+04
-2.255659364545135395e+04
-1.561333487942471766e+04
-1.271651475688687970e+04
-1.364698844023245874e+04
1.832013286561148925e+04
3.173864606613108481e+04
9.094631548751998344e+04
-1.172479053550863027e+05
-3.461527120394785015e+04
-1.932424925716497819e+04
-1.279014761437276502e+04
-9.299395656468028392e+03
-7.396176415103007457e+03
-6.838663067539417170e+03
2.189248362985092172e+04
5.661948479985282029e+04
-1.523959666001011210e+05
-3.431874865043733007e+04
-1.915424322384199331e+04
-1.283554883604203860e+04
-9.280430046250537998e+03
-7.065841831990273022e+03
-5.728180797651069042e+03
-5.300123152081311673e+03
2.761649350002497158e+04
3.999325386314460775e+05
-3.901472733468459046e+04
-1.959811336293168642e+04
-1.314118073730865763e+04
-9.677739122281369418e+03
-7.438999467429287506e+03
-5.917426619001106701e+03
-4.990495994622952821e+03
-5.017247202367211685e+03
3.368858760109508876e+04
-8.600202927713593817e+04
-2.239600767967213324e+04
-1.370317891943372524e+04
-1.002092712538036540e+04
-7.831363873391570451e+03
-6.326015624236762960e+03
-5.297150917881194800e+03
-4.869271685493529731e+03
-7.005335507789186522e+03
