-8.125444142714914960e+03
-8.317891424578137958e+03
-9.101464215631654952e+03
-1.107852803412019966e+04
-1.691850185383064309e+04
-7.051488306456145074e+04
2.164938006664802015e+04
8.174587465351681203e+03
4.665678088079582267e+03
3.040330772060428444e+03
-2.106672433580744837e+04
-2.143650167367012546e+04
-2.373032283949793054e+04
-3.051727011285557091e+04
-5.788548023656777514e+04
1.781374925571005442e+05
2.698255427634201260e+04
1.285744640321371116e+04
7.802142416951031009e+03
5.256175465108992285e+03
-1.429807445049691305e+05
-1.148394719063924276e+05
-1.181959294096364174e+05
-1.770367580335656239e+05
3.224475028813286684e+06
9.930168885472665715e+04
4.100716178698309523e+04
2.267782089648351757e+04
1.426608864764821737e+04
9.621095369863058295e+03
8.026763509129351587e+04
1.161708714154413901e+05
1.679439953725326923e+05
2.137574077233413409e+05
2.033346382248053269e+05
1.452659356044245651e+05
9.089191654651536373e+04
5.558293623279612075e+04
3.459020196559967007e+04
2.202016365418175701e+04
5.004875860189965897e+04
6.943687017634342192e+04
1.022001487185708975e+05
1.666781342050526000e+05
3.478638460380827310e+05
3.201076965197422542e+06
-6.449211156353146071e+05
-4.526687214298540493e+05
-1.493202478129094932e+06
2.099270342169599899e+05
4.746547778036676755e+04
7.131349369345804735e+04
1.247043939130699146e+05
3.721792910423520370e+05
-4.215000694969084579e+05
-1.336711376309272309e+05
-7.847714107445848640e+04
-5.592198215951507882e+04
-4.530009160157077713e+04
-4.223957272866576386e+04
5.277221754789587430e+04
9.476326416154483741e+04
2.880320582033892861e+05
-3.495767245158787118e+05
-1.108509243927677308e+05
-6.451271588558218355e+04
-4.425153006501476921e+04
-3.306122980418631050e+04
-2.644832893837627489e+04
-2.288948580746856533e+04
6.463714879977290548e+04
1.749368669571227801e+05
-4.311306353791109868e+05
-1.065365260042965674e+05
-6.174593572344828863e+04
-4.276452788318850071e+04
-3.184624936190937296e+04
-2.478376171220153628e+04
-2.010868575547262299e+04
-1.728878232442201988e+04
8.568414720931860211e+04
2.265682020435843617e+06
-1.167997911784253083e+05
-6.144003433664913609e+04
-4.249314205889950244e+04
-3.216247356681878227e+04
-2.530563100584478525e+04
-2.040130715574764326e+04
-1.692350362649957242e+04
-1.483143176419896372e+04
1.214127621815806633e+05
-2.104821358492817380e+05
-6.723664927363922470e+04
-4.298814070447813720e+04
-3.233996859099704670e+04
-2.583856272350403378e+04
-2.117174881543287120e+04
-1.763748166760618551e+04
-1.511201497177247074e+04
-1.406891322022771055e+04
