-1.220682623387045169e+03
-9.451607699722236475e+02
-9.605897991738594328e+02
-1.219371484135194805e+03
-2.705698942492862443e+03
2.944548138010080493e+03
7.306676043137844090e+02
3.776483519766061931e+02
2.276060590212788384e+02
1.314561378252905399e+02
-2.732026584071681555e+03
-2.308817709418748564e+03
-2.401330364148152057e+03
-3.129288800564818303e+03
-7.937506923820666088e+03
5.397314910283835161e+03
1.612112797510633754e+03
8.555080171055873279e+02
5.335278179484520251e+02
3.293418517059901660e+02
-5.836101027898847678e+04
-1.526366922564306878e+04
-1.303768143062415947e+04
-1.959845597054756945e+04
5.460646327587996348e+04
7.054970156343392773e+03
3.079190891172947431e+03
1.752396430219197327e+03
1.111716004478055311e+03
6.975314150658899734e+02
6.768265337070091846e+03
1.059878289145588860e+04
1.617755537656174420e+04
2.111731306567785214e+04
1.921790639702359113e+04
1.270322880415953114e+04
7.477449798006539822e+03
4.421398565576239889e+03
2.657991936037793039e+03
1.523332546570713703e+03
5.030892454221433582e+03
7.247860879562120317e+03
1.090718348465072631e+04
1.823383973179146051e+04
4.042865048105474852e+04
1.233188338180324528e+06
-8.068012563163960294e+04
-2.487707818779844383e+05
2.057303496210613594e+04
4.870459265601515654e+03
5.203616903789345997e+03
8.036067444885849909e+03
1.445528600609066780e+04
5.056345160588065482e+04
-3.474533145925233111e+04
-1.266945973038088414e+04
-7.797129377084092994e+03
-6.015499433511482493e+03
-5.938264448693546001e+03
-1.349256066409889172e+04
6.186953968077239551e+03
1.149024517961233869e+04
3.971382413302919304e+04
-3.159816563865408898e+04
-1.112036811117052275e+04
-6.533234297483053524e+03
-4.535980931301217424e+03
-3.540441306355548022e+03
-3.200982022312493882e+03
-4.180248943561293345e+03
7.938125436312015154e+03
2.294095932672540221e+04
-4.143451768316749076e+04
-1.157067942826221770e+04
-6.684366713740739215e+03
-4.575359724283434844e+03
-3.407369787023222216e+03
-2.742381459663458372e+03
-2.500108850672809695e+03
-3.322882748636158794e+03
1.032193473931699555e+04
2.451293309225397534e+05
-1.425310567672254547e+04
-7.288493777732402123e+03
-4.919231189271676158e+03
-3.650760886372572259e+03
-2.865681759603441151e+03
-2.406796942282446253e+03
-2.351420113542450508e+03
-4.825266759524377449e+03
1.136186486188980416e+04
-4.445887291972484672e+04
-9.348703807236415741e+03
-5.600347782664034639e+03
-4.060863738547703178e+03
-3.179623196677723172e+03
-2.633203177446232530e+03
-2.402713181094995434e+03
-3.081774242446903372e+03
3.504286186728401390e+03
