-1.357694448713453085e+03
-1.026625776924903903e+03
-9.352286433630738429e+02
-1.116263425024300886e+03
-3.365820401195328941e+03
1.816572137576123396e+03
7.907100760080415967e+02
6.128991601387797346e+02
5.323580308356467867e+02
4.438631659057057846e+02
-3.560031001553087663e+03
-2.862743915025223487e+03
-2.680348655741288439e+03
-3.170726433457438816e+03
-7.767274506570375706e+03
5.483848120693656711e+03
1.955545935971839299e+03
1.321319457571044495e+03
1.077116192409720043e+03
8.989940405175474325e+02
-4.103636203378447681e+04
-1.895161342575484741e+04
-1.550673355211809758e+04
-2.098414296367304996e+04
7.752716233781824121e+04
8.179487879093700940e+03
3.911704185691315615e+03
2.649135015900004873e+03
2.090474958873631749e+03
1.704984283062342001e+03
1.290786694036937661e+04
1.771730019829268713e+04
2.430155232621744653e+04
2.908519722086800903e+04
2.470671480468075242e+04
1.595314452930607513e+04
9.962925242775281731e+03
6.774158675088156997e+03
4.967661617997114263e+03
3.679552318489720619e+03
9.808321094082917625e+03
1.258295109724116992e+04
1.717946279247328857e+04
2.674768040145641135e+04
5.914311508508075349e+04
-6.718995975030519767e+05
-8.038102856061489729e+04
-1.062689855068192119e+05
7.973277315311621351e+04
1.650703600467077922e+04
1.073570560675316847e+04
1.493161131699296493e+04
2.479081337913962852e+04
9.024490559269924415e+04
-4.393866969201705797e+04
-1.648588159037722289e+04
-1.033767299278100654e+04
-8.328876988841066122e+03
-8.350975660925414559e+03
-1.164251796903378272e+04
1.368328878401550355e+04
2.327767425119378458e+04
8.320539847257739166e+04
-4.466188776891144516e+04
-1.587151462957589683e+04
-9.080534812114885426e+03
-6.291437147436964551e+03
-5.056972515706462218e+03
-4.725028501112831691e+03
-5.411329468830584119e+03
1.923027495275927140e+04
5.479403180147812964e+04
-6.225595029268126382e+04
-1.861588141436182923e+04
-1.022845900853815328e+04
-6.714483942178595498e+03
-4.909532994282360960e+03
-3.988818361407083557e+03
-3.679967072732829820e+03
-4.151811669772622736e+03
2.910576305616458194e+04
-3.721110299870868912e+05
-2.519894462799581743e+04
-1.254136105036457775e+04
-7.986005610588817035e+03
-5.628744863761235138e+03
-4.272209185203278139e+03
-3.534064233343891374e+03
-3.327796855724295710e+03
-4.177997264606251520e+03
4.435538881508850318e+04
-5.586503961818007519e+04
-1.748218029939502230e+04
-1.011727874089161742e+04
-6.908319145908378232e+03
-5.093550173283586446e+03
-4.001150851889553451e+03
-3.442096578248583228e+03
-3.594329001698536558e+03
-9.471424714942777427e+03
