-5.474208350320156569e+03
-5.798526359552250142e+03
-6.535807984560678960e+03
-8.071001896801650219e+03
-1.220846115955205096e+04
-4.917175998863288987e+04
1.331383263515744875e+04
4.206488996429048711e+03
1.747665271216346127e+03
6.072514256693527841e+02
-1.325016406003260454e+04
-1.384940391814399118e+04
-1.567402984356062916e+04
-2.025610574282922971e+04
-3.715580332890271529e+04
1.349488548237885698e+05
1.627122623895666402e+04
6.560077003508132293e+03
3.052923783151533826e+03
1.268979532948966153e+03
-8.156400459363694245e+04
-6.492554541229882307e+04
-6.678102472661646607e+04
-9.445061186627540155e+04
-7.342053778728400357e+05
6.849475452765154478e+04
2.420966477418789509e+04
1.140213619585863489e+04
5.652586494709606995e+03
2.530988069249139244e+03
4.837349862273044710e+04
7.861982231898247846e+04
1.294851715432027704e+05
1.835071066879020946e+05
1.692467296449972200e+05
1.041033272104777425e+05
5.509278961078943394e+04
2.809655788780298462e+04
1.374821421184342034e+04
5.912237926622397026e+03
2.898952928636198340e+04
4.352016617302802479e+04
6.985241249792859890e+04
1.298621688844270684e+05
4.055909759722648305e+05
-5.454617006005247822e+05
-1.936036115763453126e+05
-1.540635396112453018e+05
-5.448172938908971846e+05
3.760865505463299633e+04
2.702992503798629332e+04
4.412721068627696513e+04
8.754075159658667690e+04
5.092143231916943332e+05
-1.447328767587475595e+05
-6.136295857006550068e+04
-3.675379341133205162e+04
-2.472023892486843033e+04
-1.789328868949227399e+04
-1.512015908010682506e+04
3.002090822900211788e+04
6.065568756077108264e+04
3.071189586457515834e+05
-1.226202385065819690e+05
-5.164072329701497802e+04
-3.131872713509441746e+04
-2.103264092429860830e+04
-1.468012577226607573e+04
-1.047194897691752340e+04
-7.917202250559152162e+03
3.742395019200177921e+04
1.350390748410193191e+05
-1.315876472577495151e+05
-4.871026835915314587e+04
-3.002851724481934070e+04
-2.089570528288572677e+04
-1.508057108837389933e+04
-1.097130487321454348e+04
-8.011327994465442316e+03
-6.139992014213778020e+03
5.161179690978980216e+04
-3.633618237799110357e+05
-5.102945329405318626e+04
-2.948927737280463407e+04
-2.088407077165609735e+04
-1.568877393707416741e+04
-1.192902231599927654e+04
-9.031692745435682809e+03
-6.854154547334464951e+03
-5.674575587334976262e+03
7.583674488671739527e+04
-7.914755718455312308e+04
-3.147550030074254028e+04
-2.103828485886407725e+04
-1.597637469469900498e+04
-1.260516664166395094e+04
-9.992401800847033883e+03
-7.897455939319209392e+03
-6.412322297740905924e+03
-6.814089983031438351e+03
