-4.508083638457445340e+04
-4.595806964061996405e+04
-4.949930085651280388e+04
-5.883278126754132973e+04
-8.630626204571861308e+04
-2.906247279961538734e+05
1.283788877216830151e+05
4.535930562127259327e+04
2.580479155987374907e+04
1.750116936269195503e+04
-1.157894157535539707e+05
-1.161459892458224786e+05
-1.255023729360710859e+05
-1.558913429981759982e+05
-2.748358937442966271e+05
1.472246457908193814e+06
1.467835056761432206e+05
6.718982901575876167e+04
4.039105753940461727e+04
2.770911399915900620e+04
-6.743460536215263419e+05
-5.494305554406358860e+05
-5.475601233929129085e+05
-7.404257759487930452e+05
-4.166069632401475683e+06
5.965627939009878319e+05
2.180786715288463456e+05
1.154791283692009602e+05
7.145406967892975081e+04
4.859905593505195429e+04
5.165156506107973401e+05
7.764976829386772588e+05
1.212917445092739305e+06
1.664520894009692827e+06
1.502387642839868786e+06
9.215716828512456268e+05
5.087091710739270784e+05
2.886849081248757429e+05
1.733546237592416292e+05
1.103669100880082115e+05
3.086526052843935322e+05
4.309853317599514849e+05
6.556610653008815134e+05
1.184304028506836155e+06
3.890764961749169044e+06
-4.089191699919700157e+06
-1.605185841957129771e+06
-1.307689375072646188e+06
-2.146509180602007080e+06
1.822964683625428472e+06
2.941556794524257421e+05
4.482501548585535493e+05
8.474273237734677969e+05
5.225236278666056693e+06
-1.244664839850666001e+06
-5.364484874037144473e+05
-3.323042306911548367e+05
-2.394920891168086673e+05
-1.929528139299010800e+05
-1.746099920504420006e+05
3.348636627508114325e+05
6.344905871172924526e+05
3.226689952879486140e+06
-1.110420191499331268e+06
-4.636408575964545016e+05
-2.812515718255396350e+05
-1.938377358391846938e+05
-1.438583228090188350e+05
-1.137412982980425149e+05
-9.630594135830615414e+04
4.300269435441624373e+05
1.492946404542599572e+06
-1.256596876773378579e+06
-4.576870815309740719e+05
-2.760726589697640738e+05
-1.911514939416823618e+05
-1.406859140526696865e+05
-1.077925597418707039e+05
-8.591580640744064294e+04
-7.186973240345090744e+04
6.280908278805437731e+05
-3.113332659511154052e+06
-5.031953353484316613e+05
-2.824725799096859992e+05
-1.952288454674997774e+05
-1.454146352546460403e+05
-1.120487168035547220e+05
-8.831626227975357324e+04
-7.140268980405056209e+04
-5.992418667222004296e+04
1.145058303489885526e+06
-7.585573220081467880e+05
-3.126711800664782058e+05
-2.033079839182348223e+05
-1.506512823456814513e+05
-1.174529306727988442e+05
-9.358451090075768298e+04
-7.558589336839769385e+04
-6.215911047830503958e+04
-5.295021105086813623e+04
