-1.486589978006149613e+04
-1.576340415958375343e+04
-1.741725955899196924e+04
-2.070461815235373433e+04
-2.925625679437571307e+04
-9.399143869724778051e+04
2.854884437617478397e+04
6.378107154895405074e+03
8.097330099225981712e+02
-2.118874706929650984e+03
-3.679912307788834005e+04
-3.840474245995774982e+04
-4.257206998073944851e+04
-5.295992683669676626e+04
-9.044437572987239400e+04
3.887791288167493185e+05
3.442202216236042295e+04
1.053874912545740517e+04
2.227873850491957455e+03
-1.941095490936714441e+03
-2.132523100742363604e+05
-1.782101325714356499e+05
-1.816219131535508786e+05
-2.463732702124604257e+05
-1.401259980614356697e+06
1.719376617317294294e+05
5.264272490396341891e+04
1.963325688462590915e+04
5.411390885304994299e+03
-1.986669634296398044e+03
1.532873832657425373e+05
2.429255007491401338e+05
3.920215618677998427e+05
5.418139492117465707e+05
4.746783000433822745e+05
2.682800836297800997e+05
1.258108495030509075e+05
5.239256095593656210e+04
1.614921241748238390e+04
7.832846108064726423e+02
9.127007853567435814e+04
1.341160847096521466e+05
2.107095106878667430e+05
3.841225839143161429e+05
1.234795816710193409e+06
-1.214270573434367543e+06
-4.181025219224257744e+05
-2.722842704401391093e+05
-4.556613318426308688e+05
3.466412410272873331e+03
8.646036221338769246e+04
1.387501899659377523e+05
2.713230867506816285e+05
1.704751982731168158e+06
-3.941409782343665720e+05
-1.602598115337888885e+05
-8.790280277512798784e+04
-5.064478786462213611e+04
-2.695924677278306262e+04
-1.131006495316887958e+04
9.798439978532637178e+04
1.958385287144120375e+05
1.035437692552763270e+06
-3.587743460228536278e+05
-1.479110743819102936e+05
-8.525449774037684256e+04
-5.276952915129756002e+04
-3.214742665738347205e+04
-1.773862080846557728e+04
-7.276514302939569461e+03
1.252836177434828860e+05
4.593229010724899126e+05
-4.016439453033329919e+05
-1.486553486915710091e+05
-8.886975127711350797e+04
-5.890760626457630860e+04
-3.946255880516253819e+04
-2.543974861018254887e+04
-1.490630021626677262e+04
-7.024885146877171792e+03
1.811150897788086440e+05
-9.845172426738659851e+05
-1.616426753802212188e+05
-9.235080847891933809e+04
-6.351697244228512864e+04
-4.561840911468808190e+04
-3.239774082568199083e+04
-2.198131355033164800e+04
-1.370553127710494300e+04
-7.477459926319981605e+03
3.134253226936078281e+05
-2.392181364156841009e+05
-1.010952043061740260e+05
-6.703014406467397930e+04
-4.962139267248980468e+04
-3.756387085233684775e+04
-2.792410772240294318e+04
-1.986115321572896573e+04
-1.325225093810238468e+04
-8.792706276692104439e+03
