-3.798876589917178990e+03
-3.961306549819574684e+03
-4.417095376426404982e+03
-5.388860408958359585e+03
-8.063917019614661513e+03
-3.677356914097158733e+04
7.007000330360040607e+03
1.972377309904718004e+03
5.632024724102637947e+02
2.756425755035074232e+01
-9.033867348347584993e+03
-9.330337556168849915e+03
-1.045821410152034878e+04
-1.333752244364930084e+04
-2.405436420848939088e+04
7.843598217431624653e+04
9.294723812418214948e+03
3.344683797195687021e+03
1.188507243477837619e+03
1.608492392879982447e+02
-5.465644279647030635e+04
-4.232776066640578938e+04
-4.295023631504476361e+04
-5.913310520984323375e+04
-3.445938303338074475e+05
4.393550664229071117e+04
1.435400123155110668e+04
6.076789101157689402e+03
2.421419495721481780e+03
5.120253935355542581e+02
3.274319599161598308e+04
5.532623748177233938e+04
9.518279184825140692e+04
1.396515437358872732e+05
1.241932632088088576e+05
7.000907860488806909e+04
3.384168760898316395e+04
1.541667481435172340e+04
6.140033605358798923e+03
1.424019231907037010e+03
1.948025767606329100e+04
2.994060044471830770e+04
4.915295198777597398e+04
9.515627812549963710e+04
3.734664934698843281e+05
-2.526142955980262777e+05
-1.062780236029859952e+05
-8.675282075260185229e+04
4.060807737616826780e+05
5.858154435123069561e+03
1.807467146870430588e+04
3.030907386846677036e+04
6.245276377343459171e+04
5.446983178846471710e+05
-8.553178009298788675e+04
-3.753141643004297657e+04
-2.205841243528559789e+04
-1.416741731505407006e+04
-9.617593405196688764e+03
-1.062972200024070662e+04
1.997423936537133704e+04
4.201510514739267819e+04
2.660587380897933035e+05
-7.434080422625884239e+04
-3.259292981533951024e+04
-1.964963778783282032e+04
-1.285816049800251676e+04
-8.565056136853996577e+03
-5.699158876836016134e+03
-4.369889653541836196e+03
2.470682847330615186e+04
9.807138953796862916e+04
-7.948955594699265203e+04
-3.112325554671799182e+04
-1.928315275339052823e+04
-1.326997885565998331e+04
-9.338502539472628996e+03
-6.514555164786965179e+03
-4.486718318805591480e+03
-3.538408470472941190e+03
3.332748629380692000e+04
-1.985903555752262764e+05
-3.250492601715353521e+04
-1.909627337919285128e+04
-1.352259200407306707e+04
-1.004908212221136455e+04
-7.474669499577587885e+03
-5.469111133767653882e+03
-4.002107386012920415e+03
-3.897018697927742323e+03
4.444163864091871073e+04
-5.102496263766964694e+04
-2.039696666031676432e+04
-1.371903248563861052e+04
-1.041155898125743443e+04
-8.146242957254451539e+03
-6.354968624539625125e+03
-4.925951652980673316e+03
-4.072095598033376973e+03
-1.372551058514056604e+04
