-9.920721698598194052e+03
-1.046307666928663457e+04
-1.164091008263699405e+04
-1.414480376643761156e+04
-2.090514390297505088e+04
-7.335924946446708054e+04
2.575033646028546355e+04
8.093243130221287174e+03
3.634248998719883730e+03
1.614311328217793744e+03
-2.400357372561459852e+04
-2.495260984098875633e+04
-2.785556360693453462e+04
-3.534209313795217895e+04
-6.252644956648142397e+04
3.175591947594396770e+05
3.021648925019403032e+04
1.225950043346934035e+04
6.025112501424921902e+03
2.953384062887780146e+03
-1.312454365827385045e+05
-1.096692756978233956e+05
-1.124901483800500573e+05
-1.534101066217565094e+05
-7.102873350453024032e+05
1.329530803280605469e+05
4.473680038403144863e+04
2.115217428985904553e+04
1.093335854415736503e+04
5.552187572705232924e+03
9.980095058306644205e+04
1.627264516576056776e+05
2.768551091624435503e+05
4.087735946359977825e+05
3.649763109286491526e+05
2.075839062415504886e+05
1.048341354934180417e+05
5.298249349563205760e+04
2.676448771212478096e+04
1.289767824738729178e+04
5.709463449701084028e+04
8.498747575631589280e+04
1.375143933087117621e+05
2.683614583970764652e+05
1.193326924268755829e+06
-6.278161510488569038e+05
-2.834509359007806634e+05
-2.260648343962976942e+05
-3.975014853237977368e+05
1.242318027690570452e+05
5.253208127923047869e+04
8.551502400364754430e+04
1.745463584768849832e+05
1.810628736565031810e+06
-2.260262224967195361e+05
-1.023671283651610283e+05
-6.251069680061365216e+04
-4.258615702126616088e+04
-3.111746343019217602e+04
-2.518872323363337273e+04
5.792925681328346400e+04
1.186958746970848442e+05
8.011269739508136408e+05
-1.955229510671215248e+05
-8.709323946799937403e+04
-5.349450874959188513e+04
-3.618294418518192106e+04
-2.546856468649907401e+04
-1.836299554553973212e+04
-1.376457600742762952e+04
7.212940291534055723e+04
2.869346919466553372e+05
-2.075975960068849090e+05
-8.237907899627732695e+04
-5.130432461378598964e+04
-3.581548521892620920e+04
-2.593013361330549742e+04
-1.896857341015098064e+04
-1.394491330441855280e+04
-1.051667571162570130e+04
1.012513059091296309e+05
-4.492684140386932413e+05
-8.539106969145740732e+04
-5.020831167777527298e+04
-3.564147628471758799e+04
-2.678408367582498977e+04
-2.038698355331689527e+04
-1.547025983646266650e+04
-1.172171503759681582e+04
-9.221797661425522165e+03
1.640591696804654785e+05
-1.227610122669656848e+05
-5.266164322288935364e+04
-3.553510960745685588e+04
-2.701608407437244023e+04
-2.130089466849641030e+04
-1.686482623049063477e+04
-1.327419643859706048e+04
-1.052763353367810305e+04
-9.292797667677321442e+03
