6.023020540022616842e+03
3.372030623939647921e+04
2.325481354152731365e+04
7.452274268729668620e+03
3.758991040968563766e+02
9.384958223826592985e+02
3.264171361695951532e+02
2.413020989452950715e+01
3.721668764188384437e-01
4.503247266452390513e-02
-9.344971651190722696e+03
-1.323963222335190403e+04
-1.669178120560144598e+05
8.119027677129816993e+02
-4.535497752528553065e+03
-6.207876464460970055e+03
-8.815062971959916467e+03
1.732709209519266778e+03
4.955812124886448089e+01
4.835038398950949889e-01
-6.726742311272292682e+03
-6.377610132455991334e+03
-6.888356104546958704e+03
-6.062709765188216807e+03
-6.183523868395147474e+03
-5.662591988102074538e+03
-4.841375956664521254e+03
-4.692541890024117492e+03
2.694897281425538495e+03
3.301173312920298741e+01
-7.220459240052500718e+03
-5.883509873105292172e+03
-4.175997203880652705e+03
-6.498891359038903829e+03
-5.386033009477022460e+03
-4.639485158523075370e+03
-4.012345279229343760e+03
-3.676089471919951848e+03
-4.150534010553082226e+03
6.108555891057969802e+02
-8.864264103943483860e+03
-6.649803267025523382e+03
-3.746152272035645638e+03
-5.382636907679967408e+03
-4.603621232117247928e+03
-4.023058711022552870e+03
-3.645717837826267896e+03
-3.471246793335398706e+03
-3.488002118564641478e+03
7.267075819371480611e+04
-1.250263218734572365e+04
-8.268064167164362516e+03
-7.540612497630565485e+03
-5.708137043553126205e+03
-4.682659190549342384e+03
-3.946093427331183648e+03
-3.560534159420851665e+03
-3.415488053476804907e+03
-3.399953675808188109e+03
-5.477844622383214300e+03
-3.975208517739262606e+04
-4.626075562464121504e+03
-8.007913825393074148e+03
-6.717265612296981089e+03
-5.326149122899962094e+03
-4.189815145769101946e+03
-3.613080947814989031e+03
-3.415091164242875948e+03
-3.385002191486743868e+03
-4.913574058042305296e+03
1.558305821719052574e+03
-7.917390674458734793e+03
-8.746479681827315289e+03
-7.752893170141851442e+03
-6.140103102729530292e+03
-4.554208213824660561e+03
-3.713683586105251834e+03
-3.434385128415267900e+03
-3.411471040523682859e+03
-8.137139184118320372e+03
-5.364597637957023835e+03
-8.930418961800394754e+03
-9.325343417725576728e+03
-8.537031048836010086e+03
-6.845421636378676340e+03
-4.894988937203400383e+03
-3.811647912601979897e+03
-3.470369258445290143e+03
-3.645717410168042989e+03
2.110140397781163756e+03
-9.462043381271843828e+03
-9.671942604201796712e+03
-9.732151613555359290e+03
-9.046269105880664938e+03
-7.347313032830720658e+03
-5.168678330874942731e+03
-3.943588693538851658e+03
-3.777893263886494424e+03
-4.973324833739978931e+04
1.171819526401117173e+02
