-1.022200277415132041e+04
-1.187880219941435280e+04
-1.443010076806727193e+04
-1.899260105094546452e+04
-3.006037970213525841e+04
-1.036387439027368528e+05
4.795488923256327689e+04
1.588048826330761949e+04
7.883313697187583784e+03
4.158772729531273399e+03
-2.249650087093683396e+04
-2.565126963918463662e+04
-3.111397962984037440e+04
-4.242562933150136814e+04
-7.857655968068538641e+04
7.571434331939787371e+05
4.933170399465998344e+04
2.114200689778946253e+04
1.123870720202605844e+04
6.177524958948278254e+03
-1.012856068816905608e+05
-9.463027827326943225e+04
-1.053636101175453223e+05
-1.492959200056476693e+05
-4.858153897954971762e+05
2.053107309664334171e+05
6.636722998055192875e+04
3.273450877925122040e+04
1.800017784389297958e+04
9.945370623257715124e+03
9.442301224028176512e+04
1.831241485992001253e+05
3.993317641445336048e+05
8.025149193635483971e+05
6.925710317523211706e+05
3.212040540804371121e+05
1.501264360305336304e+05
7.593309398929915915e+04
3.979885171119590814e+04
2.043430670994240427e+04
4.787833940220928343e+04
7.967810725185267802e+04
1.474017142248816090e+05
3.683322639048190904e+05
-4.230488388645242900e+06
-4.138520737397953635e+05
-2.561112945944853418e+05
-2.278254475387907878e+05
-3.597617084448624519e+05
2.299762810939869669e+05
4.143570122666077805e+04
7.487106367895458243e+04
1.795491096770052391e+05
-2.118075090355332941e+06
-1.767891091253586346e+05
-9.392660349555051653e+04
-6.272353295078153315e+04
-4.570555222527022124e+04
-3.509687731841373170e+04
-2.892249079534904376e+04
4.394955626306385966e+04
1.009216895326455706e+05
1.868832937905685278e+06
-1.433894124096401501e+05
-7.254289955605227442e+04
-4.794971220512747823e+04
-3.442269154535433336e+04
-2.548079950971746439e+04
-1.909772236712913218e+04
-1.456742784565954753e+04
5.375470696248353488e+04
2.667203806431461126e+05
-1.415953367279466474e+05
-6.328433208923253551e+04
-4.184895747074734390e+04
-3.069809143900007257e+04
-2.324122781436511650e+04
-1.767999468516989873e+04
-1.338721352135499546e+04
-1.020418088532278125e+04
7.606837828483748308e+04
-2.536183942263922072e+05
-6.136756536314170080e+04
-3.812501133787569415e+04
-2.818927121768451252e+04
-2.197586940042291099e+04
-1.730922091621242726e+04
-1.353573282028134781e+04
-1.048032796907725424e+04
-8.283218965510930502e+03
1.278363919913505233e+05
-8.239903759094796260e+04
-3.793517272962862626e+04
-2.655383782117022565e+04
-2.079534985396628690e+04
-1.685066509417918132e+04
-1.368931972353094534e+04
-1.102072279668494411e+04
-8.878563842866189589e+03
-7.868760211069887191e+03
