-2.250792062642545716e+04
-2.257014826740827266e+04
-2.400156255867812069e+04
-2.820150086403676687e+04
-4.078551300149697636e+04
-1.305629585580148996e+05
6.174924706179960049e+04
2.099471923933616199e+04
1.151299850494080965e+04
7.413810444759725215e+03
-5.461395876184992085e+04
-5.366043303375799587e+04
-5.684484771265587187e+04
-6.893199075204785913e+04
-1.158361170337414078e+05
1.183698574663107283e+06
6.782485224623620161e+04
2.966004548733157571e+04
1.719885543103543387e+04
1.130384704543293628e+04
-2.620078088148529641e+05
-2.155184383142907463e+05
-2.103479378729032178e+05
-2.642256610308936215e+05
-7.586761709057373228e+05
3.189044889247200335e+05
9.856983566484341281e+04
4.921211730768719281e+04
2.921329382024288498e+04
1.905809686245317062e+04
2.945909391045558150e+05
4.844441827531767194e+05
9.291055311756090960e+05
1.702410865511951502e+06
1.311335711466252571e+06
5.483058085039161379e+05
2.435166098859317717e+05
1.234892574103943916e+05
6.927114019083676976e+04
4.178585345392770250e+04
1.595886434849785874e+05
2.262009056448070332e+05
3.656499941553244134e+05
8.256637500754152425e+05
-6.057746912979615852e+06
-7.264752189720536117e+05
-4.354325532314542797e+05
-3.847168912836179952e+05
-5.942155022503532236e+05
7.156633162938999012e+05
1.493875498264415655e+05
2.312712807010108663e+05
4.890129262574744644e+05
-4.059160728559713811e+06
-3.716057304003681638e+05
-1.844134887495061557e+05
-1.178068673154042772e+05
-8.524676934397021250e+04
-6.826718726161650557e+04
-6.153809436967120564e+04
1.708082445030407689e+05
3.392031338293579174e+05
7.427321454085594043e+06
-3.619996637801878387e+05
-1.674740128124427865e+05
-1.027521392618349055e+05
-7.027277868315424712e+04
-5.138342629359603598e+04
-3.991688767383769300e+04
-3.332316380785775982e+04
2.248374944350437145e+05
1.009044190857923590e+06
-4.292106036665324355e+05
-1.740864591739896568e+05
-1.048760060703358904e+05
-7.131978798654483398e+04
-5.130951702854162431e+04
-3.836717784620172461e+04
-2.986214659765014949e+04
-2.454942801007886010e+04
3.486002728963313275e+05
-8.646459081206936389e+05
-2.007890291934388806e+05
-1.127198934363083681e+05
-7.604327553868551331e+04
-5.497944466252809798e+04
-4.107653944162119296e+04
-3.141236883433637558e+04
-2.471641540866721698e+04
-2.042386917436457588e+04
7.497940371294210199e+05
-3.039531674633972580e+05
-1.309835300979946187e+05
-8.337695974682476663e+04
-5.979572831752851926e+04
-4.499003136184461619e+04
-3.459777692501687125e+04
-2.702955968445316466e+04
-2.165079303814390732e+04
-1.841962677920565329e+04
