-1.073204220788082421e+04
-9.907913395646599383e+03
-9.634493649800313506e+03
-1.021069976660755856e+04
-1.307158489462120633e+04
-3.873011696462130931e+04
1.121208367028751672e+04
2.574501103448767935e+03
5.706549002667211425e+02
3.381355836561803052e+00
-2.632607001405783740e+04
-2.391534789571975489e+04
-2.329405501076898508e+04
-2.557121663712411828e+04
-3.745257552339688118e+04
1.050665357589460444e+06
1.717370681190148389e+04
5.461817381584983195e+03
1.897716451538957472e+03
3.537184720758221488e+02
-1.147433855986195267e+05
-8.872367896764802572e+04
-7.961723752689236426e+04
-8.749841423816957104e+04
-1.644571787484340603e+05
1.509364645331047650e+05
3.035287757232541844e+04
1.142305174193001403e+04
4.634595206795034755e+03
1.490974824449862808e+03
2.076105837943957886e+05
4.150762736870701192e+05
2.891672140925613232e+06
-1.101113418001661543e+06
-1.504128468966250075e+06
4.403407456983925658e+05
9.731207162281293131e+04
3.473630494425370125e+04
1.366696106227566088e+04
4.744900763887472749e+03
1.057421020607208047e+05
1.487386425710367330e+05
2.648044113462846144e+05
1.525864290440632030e+06
-3.823240088334354223e+05
-1.681108234980493435e+05
-1.112388457104308327e+05
-9.481005166523061052e+04
-1.549694223091800231e+05
4.249212284704528429e+04
1.049057202988894860e+05
1.584566780482821632e+05
3.908418192799314857e+05
-5.167587216819183086e+05
-1.328028738295931835e+05
-6.777534850396749971e+04
-4.109323233163833356e+04
-2.692239032005710033e+04
-1.862247928535098254e+04
-1.444035637910244623e+04
1.312692248754707689e+05
2.558048214123364596e+05
-2.001377694177753292e+06
-1.679901854328258196e+05
-7.684055146190511005e+04
-4.437964030432032450e+04
-2.794492402683749242e+04
-1.830801117013339172e+04
-1.226941108009541676e+04
-8.551205882534097327e+03
1.948158059481423988e+05
9.811300910192889860e+05
-2.579630755078621441e+05
-1.003731147896772454e+05
-5.592173626819627680e+04
-3.492158988490922638e+04
-2.286651136714264067e+04
-1.528804444299723400e+04
-1.033692463093045080e+04
-7.183439021600448541e+03
3.598872510318084969e+05
-6.153601774598815246e+05
-1.461497150503509911e+05
-7.518386632176709827e+04
-4.616761514838758740e+04
-3.034427905804670445e+04
-2.051637337110856606e+04
-1.402681540762627628e+04
-9.663609814101617303e+03
-6.890508887062532267e+03
1.186516456632543355e+06
-2.679001987567468896e+05
-1.096015887786006788e+05
-6.347251481682548911e+04
-4.121689172750017315e+04
-2.805440442731776056e+04
-1.946229910842877871e+04
-1.360403190501655263e+04
-9.621027890367186046e+03
-7.267834947794071013e+03
