-3.934629180374713087e+03
-3.659005660475426339e+03
-3.643366329035744457e+03
-4.043516585256926192e+03
-5.738080339334641394e+03
-3.265767926419779906e+04
4.570028594861800229e+03
1.646742241128844626e+03
8.445290533177018233e+02
4.749244294909557311e+02
-9.178779015637115663e+03
-8.398361444449927149e+03
-8.326168538887106479e+03
-9.441287543728629316e+03
-1.497462007405246004e+04
8.801021040580408589e+04
6.797003702070949657e+03
2.784372122099632634e+03
1.495695860057801156e+03
8.823011902252605978e+02
-3.756234738749961980e+04
-2.916504062229763076e+04
-2.664322307507954611e+04
-3.009984765570384116e+04
-6.075115018159187457e+04
4.969166177757865808e+04
1.153591868943423287e+04
5.121256124003441982e+03
2.775030457095552720e+03
1.627896864030306233e+03
6.981904465015810274e+04
1.610506961132499564e+05
-5.176207905067672022e+06
-2.702171100359584671e+05
-4.119907981854602695e+05
1.474811821876026806e+05
3.449201285462144006e+04
1.388704589744865370e+04
6.752991818564874848e+03
3.527365546397233629e+03
3.277142678651678580e+04
4.852544330386081856e+04
9.248941005251948081e+04
9.235247099489344982e+05
-1.169966780083370977e+05
-5.696898146530332451e+04
-4.145027118463815714e+04
-4.237654234665364493e+04
-1.863612448658991780e+05
1.789934971564098305e+04
3.040481224255388224e+04
4.850089525281800888e+04
1.326225852652511676e+05
-1.400701367673356144e+05
-4.078818782106197614e+04
-2.191471081375451831e+04
-1.412285833504143011e+04
-1.023457724535651869e+04
-8.526622421161338934e+03
-9.633550190299754831e+03
3.545421145249633992e+04
7.469246235137192707e+04
-3.675684478921899572e+05
-4.681635835866640991e+04
-2.257612694971094606e+04
-1.361481629788218561e+04
-9.050294590913754291e+03
-6.463766902880792259e+03
-5.045655761927595449e+03
-4.685921743368764510e+03
4.884367574661555409e+04
3.216395740141388960e+05
-6.347747000803110132e+04
-2.654636186528418693e+04
-1.547869934870084035e+04
-1.009067384211053104e+04
-6.966986521142281163e+03
-5.048542891581483673e+03
-3.922648846959995808e+03
-3.554781216615975609e+03
8.314332505437771033e+04
-1.275802190654159640e+05
-3.423060524135739979e+04
-1.857071047863307831e+04
-1.193422503636008332e+04
-8.209034057888613461e+03
-5.864164558069727718e+03
-4.346940810477229206e+03
-3.444789138269063642e+03
-3.286120837708928775e+03
2.291240205145890650e+05
-5.545195941933844006e+04
-2.394878942576785994e+04
-1.454749393733505894e+04
-9.906515152333586229e+03
-7.087248962016655241e+03
-5.225019620598132860e+03
-3.998496267238567725e+03
-3.346559351160847655e+03
-3.974492552587411410e+03
