-3.652324416144641145e+04
-3.814230796806782018e+04
-4.154448820779031666e+04
-4.882984617998247268e+04
-6.790608042440762802e+04
-1.814708411554125778e+05
1.005927079949515755e+05
2.592875088076595421e+04
9.601818184670020855e+03
2.661885054100241632e+03
-7.845464276796346530e+04
-8.116311349403674831e+04
-8.889959297783716465e+04
-1.083029835842806351e+05
-1.713441412658155314e+05
-3.600424886094111949e+06
1.105897266971209756e+05
3.857419860855980369e+04
1.614842449594708523e+04
5.673528252008879463e+03
-2.733677748793090577e+05
-2.504753054146902286e+05
-2.575945590875200869e+05
-3.156479805824876530e+05
-6.174544674990961794e+05
8.472195670741599752e+05
1.642432258198252821e+05
6.624618239033169812e+04
2.954488519074321448e+04
1.155566066280728046e+04
6.051072200234419433e+05
1.681663885402101092e+06
-8.022238750151905231e+06
-2.163144794549065176e+06
-2.880734751156435814e+06
2.649266800788472407e+06
4.826643517984446953e+05
1.783891651992093830e+05
7.466655187842786836e+04
2.870090399768653151e+04
2.278708739483732206e+05
3.777262474175643874e+05
8.241056605722279055e+05
3.539153980243481696e+07
-1.037628293316906434e+06
-5.563839250962609658e+05
-4.075646572930373950e+05
-3.594934214504340780e+05
-4.461256088964593364e+05
6.714392797683690442e+05
1.860301393047385500e+05
3.360749125592658529e+05
1.095892791183898225e+06
-1.036628777772920323e+06
-3.550904773677114281e+05
-2.074417933771858516e+05
-1.389155513572109630e+05
-9.739445626435554004e+04
-6.851283083609479945e+04
-4.670523013764409552e+04
1.930006287428995420e+05
4.712968254909957759e+05
-1.936302560626739636e+06
-3.361399880913008819e+05
-1.816662633948275470e+05
-1.191177727256486687e+05
-8.307485220093571115e+04
-5.863710550629899080e+04
-4.054953450427229109e+04
-2.645113117368818712e+04
2.387032348143224663e+05
2.270151842056381050e+06
-3.636828223731222097e+05
-1.748503176850231830e+05
-1.136526427266788232e+05
-8.083454138470033649e+04
-5.900197781993896933e+04
-4.282720929399337911e+04
-3.017306412684417955e+04
-2.002702241104279528e+04
3.776699687573307310e+05
-5.393024271238575457e+05
-1.785334479635872412e+05
-1.105902276830351475e+05
-7.943868394519417780e+04
-5.987989428269110795e+04
-4.549737003200289473e+04
-3.405987066791924735e+04
-2.466247645535301490e+04
-1.693806676768128455e+04
1.394036037678527180e+06
-2.149329258366629656e+05
-1.112367172584641812e+05
-7.757668060159073502e+04
-5.934704633671521879e+04
-4.672345154422571068e+04
-3.674934901792992605e+04
-2.836535903683294600e+04
-2.120977589350891867e+04
-1.530614282780371104e+04
