2.106811822277371391e+02
1.086133972972203992e+03
1.551155874266163437e+03
6.156890716444778491e+02
1.511634233563972529e+01
4.073662939720330911e+01
1.274486414768193221e+01
6.468043115480197613e-01
1.540019670657369333e-02
9.095075246461678531e-02
-3.293583202175525457e+03
-3.934043188448636101e+03
6.947678167511649917e+03
3.464701944406059653e+01
-1.313649591384663609e+03
-1.999779109056701373e+03
1.582968458142745021e+03
5.836113283163608401e+01
1.573595446643534679e+00
1.121160058212405074e-02
-1.465424975656090965e+03
-1.375827926400030947e+03
-1.740665337897553400e+03
-1.405791282778123104e+03
-1.350269305857673089e+03
-1.239769850586422081e+03
-1.117167316117289829e+03
-2.504783256892151712e+03
7.423483406562600351e+01
9.561529744294405830e-01
-1.539933777263521279e+03
-1.236309375458166187e+03
-8.125857098674598546e+02
-1.450003771447019062e+03
-1.170518746070504903e+03
-1.003807995164926183e+03
-8.702401061719185691e+02
-8.245083965090747142e+02
-3.274797991872293551e+03
2.229079707496101292e+01
-1.887371654920517585e+03
-1.387947143446932614e+03
-5.000337153056558464e+02
-1.202776566015556909e+03
-1.003794504059885753e+03
-8.705951498125021999e+02
-7.873545373679484101e+02
-7.530942557376671402e+02
-8.359927729363702156e+02
1.788404525763392883e+02
-2.662803031846964132e+03
-1.702488316600251892e+03
-1.740958574293490301e+03
-1.254715632725956311e+03
-1.017641607159285968e+03
-8.532003910160588021e+02
-7.684541492933954032e+02
-7.381427721181371453e+02
-7.612677184656864711e+02
8.525328590766233674e+02
-8.583575260411225827e+03
-1.149653362191015503e+03
-1.754430705928284851e+03
-1.459379600626780757e+03
-1.152836015785061818e+03
-9.048087853037186505e+02
-7.795754222205308679e+02
-7.378658974245209947e+02
-7.539151512885274542e+02
1.383473719050196678e+03
2.618095121980068143e+02
-1.725814086210479672e+03
-1.894644729661423071e+03
-1.676286354480476348e+03
-1.326058145167649400e+03
-9.828222584474036694e+02
-8.014486521479107068e+02
-7.438504625639861843e+02
-7.859485860659387981e+02
3.933327561332708342e+02
-1.296898671908770666e+03
-1.940026928534124409e+03
-2.015358253790208664e+03
-1.843402768054567332e+03
-1.477938206932085677e+03
-1.057429169228591491e+03
-8.257498102222073157e+02
-7.670219672702244225e+02
-1.161638807999723667e+03
6.090004380009794716e+01
-1.470472600757092368e+04
-2.209900304605196652e+03
-2.126656460417389553e+03
-1.967626212544778355e+03
-1.604050199866578396e+03
-1.143966170104124330e+03
-9.130626726311237462e+02
-1.236077909978262824e+03
2.063800291787909202e+02
4.177998514170968569e+00
