-5.430762168235746685e+03
-5.651454339157289724e+03
-6.173713826969733418e+03
-7.251229984749511459e+03
-9.995532712282943976e+03
-2.786140141499048696e+04
1.021641250822934489e+04
1.834888310605618926e+03
1.225558286463972557e+01
-1.768759397696737551e+03
-1.065046114973586009e+04
-1.092119929346230492e+04
-1.192479527444846462e+04
-1.430254974271365609e+04
-2.126784758126799716e+04
-1.210118983076425939e+05
1.491207045450091209e+04
3.742258308194540859e+03
4.922990670737845562e+02
-1.510615914936782701e+03
-2.961754420852529074e+04
-2.688273940160647908e+04
-2.738041296608484481e+04
-3.175686559622232016e+04
-4.802343042213535955e+04
-9.154157687812942313e+05
2.668937274279435223e+04
7.645353983329252515e+03
1.715394703296140733e+03
-1.923888406852733624e+03
2.809683051626174129e+05
-1.836924657093106071e+05
-9.096630250381086080e+04
-7.435744964823508053e+04
-7.896808424471256149e+04
-1.338518701628227718e+05
1.761049855768935522e+05
2.523855483386171181e+04
5.598740809402916966e+03
1.403553374409998185e+02
4.164167285028039623e+04
1.003929489268606703e+05
-1.108059190162064042e+06
-1.052853566784967843e+05
-6.043746626186887443e+04
-4.444170307904523361e+04
-3.632734030869699927e+04
-3.286809327435611340e+04
-5.979643580107313755e+04
4.163600909343631429e+02
3.108632414493063698e+04
7.351510564990840794e+04
-5.720798029198104050e+05
-6.526846159283119778e+04
-3.503711934000926703e+04
-2.326644779770789683e+04
-1.635629552493345363e+04
-1.136830680674972064e+04
-7.393069723699741189e+03
7.008236372679520864e+05
3.172910588809910769e+04
1.128716925218500692e+05
-9.692552349735451571e+04
-3.579951438979678642e+04
-2.173937402071164252e+04
-1.495713337057792705e+04
-1.058413363229712741e+04
-7.299237225866252629e+03
-4.633511140467624500e+03
-2.961483110603916884e+03
4.036368631815668778e+04
-5.703516423183585284e+05
-4.115599812192490936e+04
-2.205985029150244372e+04
-1.489166263520745088e+04
-1.077162571242464037e+04
-7.862692374265002400e+03
-5.564286050127826456e+03
-3.654698602808026862e+03
-2.281531455827080663e+03
7.049694931402499788e+04
-6.136334437538508791e+04
-2.381779131441806021e+04
-1.516366823707419644e+04
-1.101421879185187754e+04
-8.329039020339505441e+03
-6.290356344679204085e+03
-4.605081979231567857e+03
-3.178416048698096347e+03
-2.208759006181700897e+03
4.828515775704143452e+05
-3.029350042034986109e+04
-1.614291094516445264e+04
-1.128084281102598106e+04
-8.625049712031282979e+03
-6.768635139022029762e+03
-5.284757952739679240e+03
-4.020755227970791566e+03
-2.962217070547328149e+03
-2.554125589569369367e+03
