-2.931827731034207318e+03
-3.115751959818806426e+03
-3.499024280132488911e+03
-4.248160769081872786e+03
-6.174042624162118045e+03
-2.286279396626870584e+04
5.130737439767859541e+03
1.055039817942583340e+03
4.525798410899880508e+01
-4.709080193572533062e+03
-4.970295544699020866e+03
-5.310344648510916159e+03
-6.068848208879438971e+03
-7.621410778555167781e+03
-1.200706157757802976e+04
-1.129702405284962879e+05
7.771640438121501575e+03
2.087988468108522738e+03
3.294984347217483673e+02
-2.738815438137429283e+03
-1.135013962922821884e+04
-1.096625045293588846e+04
-1.204303784097746029e+04
-1.496851867212907018e+04
-2.424310651185778624e+04
-2.966796913849819452e+06
1.353753483423878242e+04
4.058314966380550231e+03
9.515752462663581355e+02
9.741366346599655799e+02
1.651321777293276391e+05
-4.451926047789493896e+04
-3.050731188820288298e+04
-2.950133802039401053e+04
-3.532537916499588755e+04
-6.923787962036748650e+04
6.906482334670344426e+04
1.180173603976631603e+04
2.640550593120098256e+03
1.362117254723471049e+01
1.067820371423827601e+04
4.365443319569012237e+04
-1.041411035500783473e+05
-3.604486952526009554e+04
-2.525430107356975714e+04
-2.085860805817162691e+04
-1.877315940763270919e+04
-1.987486843499415045e+04
5.650857146417414333e+04
8.271993927785264589e+01
4.912644973293746261e+03
2.174054612765573984e+04
-7.164091315632499754e+04
-2.090395978267766623e+04
-1.349247452470326607e+04
-9.999357631946315450e+03
-7.606124405482015391e+03
-5.695953963143952933e+03
-4.378128458620179117e+03
4.833671867316369912e+02
1.934811950765493066e+03
2.695235650484617145e+04
-1.796684053518461587e+04
-1.002429852148576902e+04
-7.408448201808004342e+03
-5.789174228418728489e+03
-4.483701537099765119e+03
-3.335327591851380021e+03
-2.383499165601675031e+03
1.775870058550642398e+03
2.248048386779283305e+02
-1.151065453000225352e+04
-5.764652859451070981e+03
-4.927816609044149118e+03
-4.311698129781734679e+03
-3.676545331261426327e+03
-3.009157014076262840e+03
-2.334249948087428493e+03
-1.741230640240940829e+03
4.875141158869123501e+03
5.765297227006471803e+04
-4.439776098511740088e+02
-1.745927775100750068e+03
-2.434935496984826386e+03
-2.581929071963736533e+03
-2.446854562692587479e+03
-2.153061206911342197e+03
-1.782048060849006561e+03
-1.470256953847552495e+03
2.078641500416114468e+03
1.402984287935995781e+04
2.717175256350414656e+03
-3.564619385766390280e+01
-1.084503865653827916e+03
-1.544023432266028067e+03
-1.676277595773837675e+03
-1.619772646893163255e+03
-1.479207641973599266e+03
-1.534086071716240667e+03
5.459091629538919506e+02
