-4.608622122109898555e+03
-4.401845620215941381e+03
-4.460716155126076956e+03
-4.953791689066200888e+03
-6.687785143523639817e+03
-2.102847434759519092e+04
6.618421948189649811e+03
1.744009385265104811e+03
5.599494510322244878e+02
9.385419179307949378e+01
-8.145970236717251282e+03
-7.669896444089504257e+03
-7.751402390455008572e+03
-8.734141567853128436e+03
-1.251166285458385391e+04
-7.734126746689275024e+04
8.800345603251515058e+03
2.717685595703218041e+03
9.899726009497572932e+02
2.325734082182050031e+02
-1.860367706401129180e+04
-1.600233011057685326e+04
-1.531080440241430551e+04
-1.674255329424892625e+04
-2.398981861787882735e+04
-2.527740630030685861e+05
1.452845141549590517e+04
4.667879922607490698e+03
1.771124448806368491e+03
4.810360899844953337e+02
-1.657195248346596200e+05
-5.371859817714932433e+04
-3.625908326107081666e+04
-3.141021353695807193e+04
-3.367435197482648073e+04
-5.692499539583035948e+04
8.467729023864724149e+04
1.289436389173524367e+04
4.023495447511941165e+03
9.864297853922408876e+02
4.142062724335918756e+04
1.863930179661294969e+05
-8.759768361677938083e+04
-3.800010761993634515e+04
-2.530756159156787180e+04
-1.980662040586183502e+04
-1.737266024774631660e+04
-1.860994864806857731e+04
-2.061555888544933114e+05
2.593354924193321494e+03
2.521358725410640545e+04
8.119252030510980694e+04
-7.168693197648266505e+04
-2.479564845781874101e+04
-1.456330947700183606e+04
-9.924431120233552065e+03
-7.186028348310976071e+03
-5.408263122606002071e+03
-4.495340425522331316e+03
-3.887830784988365485e+04
2.357146527198371041e+04
2.673280804975072388e+05
-2.948520367126426936e+04
-1.373861570443084202e+04
-8.596838695026379355e+03
-5.951267670245203590e+03
-4.279564266726013557e+03
-3.133281611198210157e+03
-2.407150722078234139e+03
-3.483419940630055862e+03
2.987831053050113769e+04
-4.927921328398650803e+04
-1.393283668482444591e+04
-8.002495321336119559e+03
-5.449855759715726890e+03
-3.944878516311026488e+03
-2.919799634162960047e+03
-2.184342302723729972e+03
-1.716450790454343405e+03
-2.635246775284471369e+03
7.231011486529790272e+04
-1.640454937363977660e+04
-7.708323705054178390e+03
-5.025567025430156718e+03
-3.665271842166876013e+03
-2.783781867098032308e+03
-2.145664889447790756e+03
-1.677796385813060397e+03
-1.433348122848614821e+03
-6.602670333007239606e+03
-9.757020315317681525e+04
-8.459567049946772386e+03
-4.757152864716177646e+03
-3.350716979135040674e+03
-2.586763903529002619e+03
-2.064371320219155223e+03
-1.677428024286816253e+03
-1.419512342183913006e+03
-1.531095471811783909e+03
1.068434401262521533e+03
