-1.661043902527955652e+03
-1.362093744657003526e+03
-1.222145482219657424e+03
-1.406769524261256493e+03
-2.646605150831303399e+04
5.445774095214703721e+02
2.342144087012819682e+02
1.953731242399303198e+02
2.092936519558241173e+02
2.157688901023938399e+02
-2.974912399111542527e+03
-2.381205697705785042e+03
-2.077461255650092426e+03
-2.315025627028415784e+03
1.673571017048128997e+05
6.650679045512263201e+02
2.545683008615928316e+02
2.158542879994719215e+02
2.598638653682985478e+02
2.962049173670854429e+02
-6.851854526629612337e+03
-5.093244115225426867e+03
-4.253357549238785396e+03
-4.748542304660392801e+03
1.713434764513118353e+04
8.788780890207088987e+02
2.931262901032802688e+02
2.388884911537977871e+02
3.213060313382841287e+02
3.987859231729556200e+02
-3.421302358720447955e+04
-1.581848658021222218e+04
-1.078674047662494559e+04
-1.112605681415730214e+04
1.889410740683822223e+04
1.363101263515735582e+03
3.774591340117038385e+02
2.688849786957665629e+02
4.000805247568791287e+02
5.400256649492968108e+02
3.326057397168882744e+04
-6.759557921370357508e+05
-2.777376119202803602e+04
-1.601060846470912293e+04
-3.656379957922232279e+04
3.136978912187096739e+03
5.729830517239009851e+02
2.982180823742240250e+02
4.572444372140159885e+02
6.969796480250277000e+02
2.022253327575114599e+04
9.008903633437154349e+04
-2.612758978099461820e+04
-9.989320765367439890e+03
-6.276710796206994928e+03
-1.277707251351360173e+04
1.211447471380367688e+03
3.263143298631091511e+02
3.962809000335738006e+02
6.873362362106178125e+02
2.281786491142467275e+04
-1.599098928879040759e+05
-1.334229822322722430e+04
-5.789309139008044440e+03
-3.218850014880839353e+03
-2.344730963953868013e+03
1.334844916963079304e+05
3.876724633724389832e+02
2.638061715039327169e+02
4.244538439049750878e+02
4.051830584209380322e+04
-2.572290574898726118e+04
-7.860422745377219144e+03
-3.861465797527455379e+03
-2.200706684539400612e+03
-1.426124991209596828e+03
-1.644452963418824993e+03
5.274375023366778805e+02
1.668165782678641165e+02
1.969213666080018186e+02
1.388331616948789684e+06
-1.314642230948761426e+04
-5.502525226706552530e+03
-2.950777791515240551e+03
-1.747053721620959550e+03
-1.126250811064272966e+03
-1.037027632883092338e+03
6.915125703192993569e+02
1.077586954398659458e+02
8.447591886634027958e+01
-4.882164127927911613e+04
-9.156902163313474375e+03
-4.381819257751465557e+03
-2.489316060013992228e+03
-1.537723470725453126e+03
-1.029870415165492886e+03
-9.863744021369984694e+02
5.564195898504526667e+02
6.655550412350578426e+01
3.486643614647954337e+01
