2.892203341232495291e+02
1.493100082347217267e+03
2.064926103330491514e+03
8.101279233659361125e+02
2.159275551951369820e+01
5.436642156139872384e+01
1.773024328052463972e+01
9.808963899663908359e-01
8.227288687927627325e-03
8.851284664789821344e-02
-3.409966075858094882e+03
-4.212314115299714103e+03
9.830696925133808691e+03
3.003548107222065155e+01
-1.464228409595561970e+03
-2.147033489782018478e+03
2.792047297866099143e+03
8.116479791914041186e+01
2.300676449112761812e+00
4.814413972213130340e-03
-1.679971070112321513e+03
-1.550401996447632655e+03
-1.757334330127441945e+03
-1.722737125752942120e+03
-1.598598233387195251e+03
-1.450402335900039816e+03
-1.288465317399022297e+03
-2.298494167994621421e+03
1.037871834884061570e+02
1.426103781669637804e+00
-1.777584460450252891e+03
-1.404511287585018408e+03
-8.032583614766415394e+02
-1.768187109110842357e+03
-1.385884927189333666e+03
-1.176568144697537718e+03
-1.015194330943455043e+03
-9.545684823553380056e+02
-2.564749158084453029e+03
3.107686488661098778e+01
-2.186302612042845340e+03
-1.587533168178940514e+03
-2.924988240894569458e+02
-1.438031888889569473e+03
-1.181812408922031409e+03
-1.018467732619522508e+03
-9.186128086291930686e+02
-8.771307737987979181e+02
-9.551542272085099512e+02
2.559181502955109693e+02
-3.091164109852835281e+03
-1.947566046334738076e+03
-2.083358005532094921e+03
-1.476168298306729412e+03
-1.191574363565675412e+03
-9.962581762714839897e+02
-8.961628298779510260e+02
-8.602069913803992449e+02
-8.812777915320535840e+02
1.458469171647960593e+03
-9.963772254927549511e+03
-1.372351109923236663e+03
-2.054642318155494195e+03
-1.705925594714323779e+03
-1.345993211169041160e+03
-1.055425209429310598e+03
-9.088766420715559207e+02
-8.598598424230098090e+02
-8.736175592090248756e+02
2.808886525182751029e+03
3.070593367637419533e+02
-2.015467857300247715e+03
-2.211179419732216502e+03
-1.955646525334926991e+03
-1.546582308360302704e+03
-1.145914815884104200e+03
-9.341981732925044071e+02
-8.664182395090540467e+02
-9.049047282930471283e+02
5.936343741999913846e+02
-1.482198996105409833e+03
-2.260641657444970861e+03
-2.349855199596070179e+03
-2.149287579930380161e+03
-1.722951510661863949e+03
-1.232414967519094262e+03
-9.617966188251697304e+02
-8.900739158927711969e+02
-1.245283223191468323e+03
8.508162872650899544e+01
-8.017787270292884386e+03
-2.549345593925805588e+03
-2.473673293346632818e+03
-2.290495515696601160e+03
-1.865880609234573058e+03
-1.327248645667488518e+03
-1.050279825713292666e+03
-1.316288565594277770e+03
2.972859776085199428e+02
5.946046232169980073e+00
