1.105622364470834844e+06
9.355589839440468932e+05
7.719074372179529164e+05
6.286390001057663467e+05
5.380872668407076271e+05
7.961472960131210275e+05
-3.293474144107290194e+05
-1.800861055136776704e+05
-2.210143057706523105e+05
-2.803922077862150618e+05
1.811721009279278573e+06
1.572123646884971298e+06
1.322379561665153829e+06
1.084196100543723907e+06
9.049792271852982230e+05
3.668975699682037346e+06
1.274480378771427349e+05
2.444523277707751913e+04
-1.125014379278526321e+05
-2.384298988707483222e+05
3.269868839048972353e+06
2.988320840229967609e+06
2.667136521089431830e+06
2.378719200640737079e+06
2.504185298970482312e+06
2.632493695867156202e+04
4.881589065845217556e+05
2.895405244138907292e+05
4.965324893772309588e+04
-1.706025015349254827e+05
6.933132826871949248e+06
7.032786361197633669e+06
7.249171092912794091e+06
8.671539236091954634e+06
-3.103734927354406938e+07
2.552443497158111713e+05
9.662399435526792658e+05
7.551491117244896013e+05
3.652578236659415415e+05
-2.929108529986655776e+04
2.208610293387618661e+07
3.213147326297961548e+07
8.685495920152544975e+07
-3.738738681427519768e+07
-6.342204515509928577e+06
2.387753939601933525e+05
2.164114562627013773e+06
2.204562459778824821e+06
1.431269328075719532e+06
4.609242069430341362e+05
-1.022336127752673477e+08
-4.186460029154215753e+07
-2.478042092181177810e+07
-1.603130938344373740e+07
-9.703073882791595533e+06
-9.317896858030415606e+05
-3.288332800055086985e+07
-1.135313353164779209e+07
-7.327108485974964686e+06
-4.658270471020250581e+06
-2.819435356717054918e+07
-2.338899562952086329e+07
-2.135696361265704036e+07
-2.483143040008265153e+07
7.619518745871971548e+07
1.182944750140062300e+06
-1.690558681007773615e+06
-1.949335241822034121e+06
-1.613408214129370172e+06
-1.079958462476013461e+06
-2.361826357253392413e+07
-2.515559105326807126e+07
-3.537388668793635070e+07
1.328213774623517543e+08
7.608885707725623623e+06
9.633194204863958294e+05
-7.017933890779756475e+05
-1.100443275771958521e+06
-1.041606958237938699e+06
-7.921928845486842329e+05
-2.651489262740710005e+07
-4.089083093458192050e+07
4.215654185316681266e+08
1.586271990088872053e+07
4.314841192967836745e+06
9.419436997659486951e+05
-3.145518799142287462e+05
-7.483902845333572477e+05
-8.074452053241257090e+05
-6.844506684700992191e+05
-3.777905173129991442e+07
-3.368363036414177418e+08
2.668414617360958830e+07
8.519173264518888667e+06
3.213499772444895934e+06
9.571897599437899189e+05
-8.644194917431718204e+04
-5.357104386726411758e+05
-6.672316091168584535e+05
-6.244650120131964795e+05
