2.873247705327205495e+02
1.827394418863822284e+04
4.649504968088916212e+04
9.737057615829943097e+04
2.186712020096618508e+05
9.207424231782996794e+05
-7.658694595283818198e+05
-3.242388831927804276e+05
-2.225559377748470870e+05
-1.763234297969943436e+05
1.222335223219333420e+04
4.546843891307050944e+04
1.009111838070742815e+05
2.100233518100411748e+05
5.264728180820223643e+05
1.879842068957734108e+07
-7.903922696554260328e+05
-4.378021308607268147e+05
-3.199107153934107046e+05
-2.588919495972276200e+05
4.023412378964528034e+04
1.089801407947312982e+05
2.346809807757329836e+05
5.217108127698451863e+05
1.814121583184378454e+06
-2.814027419495347887e+06
-9.781879258229129482e+05
-6.417555615730441641e+05
-4.941182309489033069e+05
-4.071608429783143802e+05
1.175472078258428228e+05
2.973698325391305843e+05
6.939783103621085174e+05
2.026352139378435910e+06
-1.788988784089957923e+07
-2.385206332919726614e+06
-1.444846802688351134e+06
-1.082185560335932998e+06
-8.742866313455386553e+05
-7.302616208286624169e+05
4.620255118726100191e+05
1.526935566144315293e+06
9.948265423387823626e+06
-7.498898141671027988e+06
-4.172477645759119652e+06
-3.386981092444717884e+06
-2.972596764613728505e+06
-2.611924712660770863e+06
-2.238859288315072190e+06
-1.866412968956935685e+06
-2.263651623922704253e+06
-1.955412002341606189e+06
-2.343977964634907432e+06
-3.289184977848378010e+06
-5.518406094930197112e+06
-1.367638563376874663e+07
7.688829188650375605e+07
1.376681666390519030e+07
9.772643026494286954e+06
1.007615429237884283e+07
-7.195223714400383178e+05
-1.150550624178162077e+06
-2.009377568425826496e+06
-4.698810063642363064e+06
7.358149098574091494e+07
5.102982650156056508e+06
2.926957876456698868e+06
2.203070255729297176e+06
1.873996711823045276e+06
1.722895674828427378e+06
-6.478264287767541828e+05
-1.258020529335143277e+06
-3.190504031416488811e+06
3.757555619220340997e+07
3.537861489627694245e+06
2.066832843657740159e+06
1.549868863578065997e+06
1.291700121438879753e+06
1.144542954567037756e+06
1.058741934555509826e+06
-7.641456627023665933e+05
-2.031809640320487553e+06
9.403646375298304856e+07
2.877196686776237097e+06
1.694030384201931302e+06
1.288149682801011717e+06
1.080768417661297834e+06
9.551428703215246787e+05
8.729832521616078448e+05
8.183871779846383724e+05
-1.127470417027743766e+06
-1.369757272616407648e+07
2.449156424141195137e+06
1.405060576061201049e+06
1.090299295178113738e+06
9.365009006985432934e+05
8.426719633972170996e+05
7.779646042400533333e+05
7.306020147350333864e+05
6.954684461001328891e+05
