3.182665057814943066e+04
4.989664825686979020e+04
7.775182263753288134e+04
1.271280395629080303e+05
2.414516936698524223e+05
8.235428594047710067e+05
-8.428569334654635750e+05
-3.096637654821077595e+05
-1.989585444993307465e+05
-1.502573798259034229e+05
6.410275118142132851e+04
9.851721166895389615e+04
1.539724001702811511e+05
2.597886656547604944e+05
5.503322018496436067e+05
5.683131545000206679e+06
-8.275986908842730336e+05
-4.127038538798827212e+05
-2.834122118932230514e+05
-2.189069290504749515e+05
1.301603841717951873e+05
2.023035468104445026e+05
3.264348864828078076e+05
5.926870804027386475e+05
1.613473717843970284e+06
-3.943006419789579697e+06
-9.946211179428170435e+05
-5.937414543838230893e+05
-4.301395360616271500e+05
-3.386123802826409228e+05
2.873947580841273884e+05
4.695642625693089794e+05
8.226075772142937640e+05
1.786090249997539911e+06
1.666107980502916127e+07
-2.884045560874967370e+06
-1.425605486776824342e+06
-9.682922395479860716e+05
-7.343156305704341503e+05
-5.864524444807253312e+05
8.158865790257357294e+05
1.568826039078154834e+06
3.703974172279728111e+06
3.140290275172397494e+07
-7.591420924108250067e+06
-3.913590246357730124e+06
-2.753758268537920900e+06
-2.119483246370452456e+06
-1.680689309419912053e+06
-1.344593842739859596e+06
1.668443515867570788e+07
-1.058623629519459046e+07
-6.786455919477299787e+06
-6.957524583122915588e+06
-9.000479731597729027e+06
-1.481252476342769712e+07
-3.873498403441247344e+07
2.590306601149805784e+08
7.740024868792088330e+07
-1.593768087865850031e+08
-2.089520471933917375e+06
-2.628504160404887982e+06
-3.957867149121093564e+06
-8.884287410814980045e+06
3.387622542142681032e+07
6.002534134073767811e+06
3.411833119214940816e+06
2.476330423715289216e+06
2.026189716251693666e+06
1.795544687706145225e+06
-1.535336489284721902e+06
-2.471344045343735721e+06
-5.706934670223600231e+06
2.669479793983694166e+07
4.257819146056927741e+06
2.392510251535944175e+06
1.704585638906086329e+06
1.352341639004686149e+06
1.144505894502505893e+06
1.014217115776769700e+06
-1.634483794372772565e+06
-3.603763473392105661e+06
1.536853052224531472e+08
3.952354000567558222e+06
2.117951996874394827e+06
1.490168813328364864e+06
1.170973481513803359e+06
9.779137106193247018e+05
8.500603224402549677e+05
7.613704229854043806e+05
-2.214170096044800244e+06
-1.520758513051966578e+07
4.082373865364879835e+06
1.991470993556452449e+06
1.383872549444494070e+06
1.088754515752066160e+06
9.109859453221886652e+05
7.907117423067481723e+05
7.037714128140750108e+05
6.386091367701173294e+05
