9.583682010011766397e+04
1.050607765721635806e+05
1.168193643799914717e+05
1.345192365307604196e+05
1.708906854728288599e+05
3.426297814767932869e+05
-1.537768001885889971e+05
1.032889159159612063e+04
4.373856839582460816e+04
5.776013617916128715e+04
1.382969690764208790e+05
1.552151240223065834e+05
1.772839720179138239e+05
2.125156968282082526e+05
2.981123961181980558e+05
1.670704199981312267e+06
-8.399641986540211656e+04
3.470427386171060061e+04
7.088114865852030925e+04
8.750040248197785695e+04
2.153026585500467627e+05
2.511990093132574693e+05
3.007919410289153457e+05
3.895205336281638592e+05
6.929259953939316329e+05
-9.154815700833394658e+05
-4.906450928567421943e+04
6.868465018845873419e+04
1.146551436926636379e+05
1.370984490520489053e+05
3.803920128978247521e+05
4.761810070255116443e+05
6.264302797927168431e+05
9.730247321202238090e+05
5.889678172158170491e+06
-5.094992870877166279e+05
-2.229911861734053309e+04
1.297665075155401864e+05
2.005969203135835414e+05
2.361122466132423433e+05
8.897915100124537712e+05
1.334393525984570151e+06
2.396096325868037064e+06
1.506117367196510732e+07
-2.222350498803652823e+06
-5.469754145330952015e+05
1.520537249159934072e+04
3.012083039786361624e+05
4.563049990545571200e+05
5.289371370897953166e+05
1.542418423303437978e+07
-7.605194989113316871e+06
-3.743375371089194436e+06
-2.760332022877857089e+06
-2.264703297559373081e+06
-1.729880311954477103e+06
3.109175230418386054e+05
2.359107876219564676e+07
-7.297687162363433838e+07
2.371870343198031187e+07
-1.634684588912427425e+06
-1.650715581198810600e+06
-1.922336033692563651e+06
-3.106816690860224888e+06
7.775649882365883328e+06
5.738983052752761869e+05
-1.009814919188419008e+05
-3.731924285749151604e+05
-5.442596227121984120e+05
-6.878811014441507868e+05
-1.037944163407026208e+06
-1.363047549492788734e+06
-2.460332022289429326e+06
8.765342783308062702e+06
8.607858784108313266e+05
2.047481682272573817e+05
-5.098127607437560073e+04
-1.944590069483652769e+05
-2.927052269692139816e+05
-3.704325391157692648e+05
-9.628811612693259958e+05
-1.760794109628675040e+06
7.354100952330890298e+07
1.148557089824195020e+06
3.934341107791034738e+05
1.185210816807554511e+05
-3.263237659275962505e+04
-1.324395782852939737e+05
-2.060762570770746970e+05
-2.650354315205492312e+05
-1.145227979911664268e+06
-6.619443055942543782e+06
1.453746245610795217e+06
5.322900709900490474e+05
2.407744728946363030e+05
8.355528110017364088e+04
-2.143113345014645893e+04
-9.919291846434884064e+04
-1.605374527488700696e+05
-2.111465386842149310e+05
