8.000977103838229596e+03
8.830749105216442331e+03
9.913732602024629159e+03
1.157330252565434239e+04
1.494083716589694450e+04
2.870001977507090487e+04
-2.692442716591178760e+04
-2.914034010886967280e+03
1.741769063550347710e+03
3.276208640438950624e+03
1.177951820700906501e+04
1.334128407603341475e+04
1.545394764112619487e+04
1.893613323293655048e+04
2.741151962448106497e+04
1.248799799046978151e+05
-1.504572829723482027e+04
4.690779699950544455e+03
3.282965788091151808e+03
5.138747383191498557e+03
1.874725135416875855e+04
2.214891957142633692e+04
2.706462550418771934e+04
3.626582772486279282e+04
6.865783832444752625e+04
-1.092792902268663165e+05
-1.239371948019319825e+04
5.939908405699643481e+02
5.555919441097865274e+03
8.072149059488056082e+03
3.408604578296952241e+04
4.349102754077728605e+04
5.912099306582572899e+04
9.819321399622775789e+04
1.084198094198418548e+06
-6.060385427444661764e+04
-1.330002483376467899e+04
2.213340522506980051e+03
9.617508971837127319e+03
1.358045587658305340e+04
8.431823297263978748e+04
1.327392234169009025e+05
2.692562773954898003e+05
-5.110912242744082585e+06
-1.888974015512714104e+05
-6.756613282326910121e+04
-2.087508606214716929e+04
5.194241761570301605e+03
1.996578772115852553e+04
2.810964664969342266e+04
-9.773385936671286821e+06
-4.468165997711465461e+05
-2.724495645971253398e+05
-2.164575003001550213e+05
-1.899913343505325029e+05
-1.744758503012596047e+05
-3.410928956471618148e+05
1.664724793265579137e+04
1.273229395349396800e+05
1.852756935931577755e+05
-1.335618358737352537e+05
-1.369835390003324719e+05
-1.593443886963549303e+05
-2.366722753582918958e+05
-2.693940765925080050e+06
1.184100901653322944e+05
2.016549317680571403e+04
-2.608369671463243139e+04
-3.573186436800485535e+04
-5.137349344186855160e+04
-9.003411045019279118e+04
-1.171993239662681153e+05
-1.973510453119168233e+05
-8.225954735845922492e+06
1.249122662169237301e+05
3.933087770272716443e+04
1.012964220883143025e+04
-7.851373594499550563e+03
-1.650269604404280471e+04
-2.459528772134682731e+04
-8.625626436991592345e+04
-1.501975055018593557e+05
-1.157518822985251201e+06
1.482169302624362754e+05
5.352319917171850102e+04
2.306459745441474661e+04
7.233703863502078093e+03
-5.526612616763663027e+03
-1.088536856228664146e+04
-1.691605958236055812e+04
-1.074795588149171381e+05
-4.609318139708786621e+05
1.743753465933594271e+05
6.379640903153590625e+04
3.244143314465385629e+04
1.634613217435190745e+04
5.953848901854775249e+03
1.703489470326887385e+03
-8.231350702951378480e+03
-1.339517874780233433e+04
