9.719435836511316666e+03
1.101472960235879327e+04
1.279762953058606763e+04
1.567546828261428709e+04
2.184419415899713204e+04
5.001367991832433472e+04
-4.217671275196536590e+04
-8.206907412103590104e+03
-1.797179869391392458e+03
9.800879165650802634e+02
1.450886588393735474e+04
1.693249200273226961e+04
2.039936590612802320e+04
2.643150742468768294e+04
4.198206804894389643e+04
2.875953479054147028e+05
-3.086961866689671660e+04
-8.323003949031151933e+03
-1.437039081698728978e+03
1.864702953957071486e+03
2.342275151409993850e+04
2.861511519925533503e+04
3.655304815624165349e+04
5.225869005967781413e+04
1.115912490311595029e+05
-1.708642891596770205e+05
-3.061236425262663397e+04
-9.779198778897571174e+03
-1.333249371695887021e+03
3.115506308517298748e+03
4.321527308628500032e+04
5.723668703792361339e+04
8.187312720067378541e+04
1.474859772762934153e+05
3.837508123111647554e+06
-1.091882453501911368e+05
-3.789189185603155784e+04
-1.380296172875664888e+04
-1.722051662438769881e+03
5.197043937834608187e+03
1.085661551614282944e+05
1.787357416499033279e+05
3.916764175611640094e+05
-3.402470827103657648e+06
-2.899925879302899702e+05
-1.277268173747416586e+05
-6.330758286120904813e+04
-2.697887232267146828e+04
-4.382400567303177013e+03
9.896773378258685625e+03
-1.072194641106905974e+07
-5.877586137443461921e+05
-3.745169977987529710e+05
-3.148787352861661348e+05
-2.990595612996622804e+05
-3.050004175230497494e+05
-3.266380414584563114e+05
-4.152173579130088328e+05
1.860414438344732116e+04
3.714693765629370318e+04
-1.762795272749164433e+05
-1.868589406921992486e+05
-2.259515488369245722e+05
-3.474402917647855938e+05
-1.947611753186819842e+06
3.087442067468780442e+05
9.942361540733312722e+04
3.664609464878270228e+04
5.398761649121220216e+03
-2.466949587844894995e+04
-1.205714737447918160e+05
-1.622835850188925688e+05
-2.813584917221298674e+05
-3.586018327708882745e+06
2.420839831004521984e+05
9.309291209867595171e+04
4.461509770708395808e+04
1.983662385804950100e+04
4.407976494657506919e+03
-9.484785290106015964e+03
-1.167760650126588589e+05
-2.090147867952083761e+05
-1.358645407398917014e+06
2.545660307129173016e+05
1.010859957055750274e+05
5.388287551841112872e+04
2.989173891626757177e+04
1.484931019792187544e+04
4.318691210788446369e+03
-7.467202543807707116e+03
-1.450931879329977965e+05
-5.912470934654932935e+05
2.834646355362862814e+05
1.082141175924770941e+05
6.133647405920816527e+04
3.799135104787844466e+04
2.318886225058841956e+04
1.256901926692984489e+04
4.441270916400224451e+03
1.434512848845717144e+03
