7.920200915401149359e+03
1.033346742423823343e+04
1.406763441158976093e+04
2.070283206268007780e+04
3.608710535042565607e+04
1.149625321772572934e+05
-1.084013781233885966e+05
-3.767743302745613619e+04
-2.291571022723186979e+04
-1.645025424691431181e+04
1.277978396960849022e+04
1.721759315165485532e+04
2.439549966597453749e+04
3.818645250115916861e+04
7.670799610870682227e+04
9.796463793388762278e+05
-9.722792820648825727e+04
-4.703414831269879505e+04
-3.102861594453016733e+04
-2.301856906841510863e+04
2.214192510245311496e+04
3.127328016716975617e+04
4.710191871357224591e+04
8.176626798713277094e+04
2.255581205222397402e+05
-3.880261044879792607e+05
-1.092529681063686294e+05
-6.416598251228859590e+04
-4.520411109145850787e+04
-3.451376452224392415e+04
4.359604198240525875e+04
6.679815662016987335e+04
1.129976995157833881e+05
2.502991262582085619e+05
-3.747459678028297424e+07
-2.820438421208144864e+05
-1.465373684381055937e+05
-9.921733450527103560e+04
-7.409745756873072241e+04
-5.802664809882554982e+04
1.165772292104210646e+05
2.229762059323125577e+05
5.944154658639243571e+05
-3.597383240974218119e+06
-5.825194291156298714e+05
-3.482913854886179324e+05
-2.548253767792785948e+05
-1.989384409287932504e+05
-1.584941878828596091e+05
-1.268067284956397052e+05
-7.237678828354853205e+06
-7.226064652903702809e+05
-5.395059675844834419e+05
-5.391711537027385784e+05
-6.275408288040044717e+05
-8.217578931856759591e+05
-1.196848914655948989e+06
-1.842181817870471627e+06
-2.363559244018462021e+06
-1.812917607320426730e+06
-2.062130803537509346e+05
-2.483023234816523036e+05
-3.447936036093873554e+05
-6.128745308229137445e+05
-3.149156913597329520e+06
1.017569200185227674e+06
4.499227969697309891e+05
2.977648332759276382e+05
2.301451289450887707e+05
1.945534763172694074e+05
-1.481857976382625056e+05
-2.247549896092767303e+05
-4.404680030166312936e+05
-4.244351977608257905e+06
6.002329176336084493e+05
2.895311719085726072e+05
1.945814360363794549e+05
1.487741435730989033e+05
1.221068302114912804e+05
1.049469991028157383e+05
-1.496424305571420118e+05
-2.978073645069288323e+05
-1.891678130504210945e+06
5.237183062198503758e+05
2.458630687551376177e+05
1.657003151647755585e+05
1.269806284225336422e+05
1.038952627126047591e+05
8.847557518910398358e+04
7.739905646220977360e+04
-1.915261078487803461e+05
-8.122641718513978412e+05
5.133726938758449396e+05
2.208418837071093731e+05
1.490350798029436846e+05
1.156803874382483045e+05
9.578425019918104226e+04
8.218823533930082340e+04
7.209125732100702589e+04
6.412271345348222530e+04
