9.515461934855724394e+03
1.192223409767538760e+04
1.552492584744700798e+04
2.175037921004240343e+04
3.580139567387348507e+04
1.035456134737202519e+05
-1.058460748534252052e+05
-3.322158451968826557e+04
-1.884265267739549381e+04
-1.263514094314486283e+04
1.559920181423259419e+04
2.015908189715552726e+04
2.728511718850994657e+04
4.056922544320421002e+04
7.638105954727563949e+04
6.654257940585515462e+05
-9.446369157669239212e+04
-4.220914560528822039e+04
-2.605359019810850441e+04
-1.808938393753773198e+04
2.732989166993480831e+04
3.691192934555585816e+04
5.289412202613527188e+04
8.654758489511453081e+04
2.157584750366657681e+05
-4.536970101444547181e+05
-1.073757614358506253e+05
-5.864010370715139288e+04
-3.872392621363902435e+04
-2.772382113158568609e+04
5.378603857197686011e+04
7.809729242094636720e+04
1.238696346105513512e+05
2.484835711858411087e+05
2.794428681620892137e+06
-3.141386666365577839e+05
-1.461796888615636562e+05
-9.208083333494755789e+04
-6.448061786329884490e+04
-4.742713719239775673e+04
1.375355011415579938e+05
2.373336160531782953e+05
5.137901716330494382e+05
5.106977148366676643e+06
-8.011950473911147565e+05
-3.908389450672833482e+05
-2.569856450907648541e+05
-1.851246793032667192e+05
-1.377647342760750034e+05
-1.036368784767225443e+05
1.726928092607488623e+06
-2.040097292254949454e+06
-9.699065258001259062e+05
-8.171066070829133969e+05
-8.348762161395131843e+05
-9.489653487465422368e+05
-1.137911496497462271e+06
-1.316411013127326500e+06
-1.264152044729796937e+06
-9.283782423644458177e+05
-3.392354907009626622e+05
-3.865636282220851281e+05
-5.139071933566189837e+05
-8.935303565586321056e+05
-6.045656767536076717e+06
1.140229651669652667e+06
5.060963310543296393e+05
3.228414514023523661e+05
2.379792441885665176e+05
1.906083398927631497e+05
-2.300888143438962579e+05
-3.364667514740614570e+05
-6.466529067304334603e+05
-1.150342016234389134e+07
7.088017784791733138e+05
3.378237937029803288e+05
2.186623242482280184e+05
1.598073015583446249e+05
1.247730414519049082e+05
1.015550388108535990e+05
-2.305548152794111229e+05
-4.422370053804454510e+05
-2.956977452834921889e+06
6.752611453005409567e+05
3.071891956430874416e+05
1.983596821923342359e+05
1.451925302339989867e+05
1.132117998054285999e+05
9.164478457050028373e+04
7.597183994379322394e+04
-2.933731885309736244e+05
-1.154790808845998487e+06
7.422483215043469099e+05
2.998307081688009202e+05
1.921601342107279634e+05
1.419398296266547695e+05
1.118964212149447121e+05
9.137171572709891188e+04
7.617400464160431875e+04
6.426246519771230669e+04
