3.473847432974623189e+03
4.147242380845814296e+03
5.233658733403201040e+03
7.221331243875933069e+03
1.181513447092768365e+04
3.244922428100564503e+04
-4.646209321936412016e+04
-1.395796949091508941e+04
-8.424730941404148325e+03
-6.188968887742408697e+03
5.512467362901626984e+03
6.778463250278298801e+03
8.883317096836994097e+03
1.299566779760186728e+04
2.421340590003647230e+04
1.603551300617881061e+05
-3.614575505307131243e+04
-1.663096000115052448e+04
-1.100459274004912004e+04
-8.369592962503989838e+03
9.366126476896748500e+03
1.202138680694200957e+04
1.665581271180324984e+04
2.674635992489182900e+04
6.504529567293825676e+04
-1.725609910143875168e+05
-3.830774508593417704e+04
-2.194933619537160121e+04
-1.558052485363829874e+04
-1.221115050234119190e+04
1.796450106931475966e+04
2.473564620344079958e+04
3.780071508655085927e+04
7.380307146888584248e+04
6.361364359579873271e+05
-1.040770058081505849e+05
-4.955433951836610504e+04
-3.296376436639486201e+04
-2.484342263413940236e+04
-1.999924733138373267e+04
4.549289242066899897e+04
7.411139509562180319e+04
1.525783130201332096e+05
1.221887755012411159e+06
-2.499506630045381025e+05
-1.222035619836984406e+05
-8.331052254638697195e+04
-6.358032170881146158e+04
-5.104878543517904473e+04
-4.215241793497170147e+04
9.237144772910866886e+05
-5.035796776790305739e+05
-2.764424049684700440e+05
-2.374368529092970712e+05
-2.443122847756575211e+05
-2.805964325298475451e+05
-3.450275905209339689e+05
-4.238090500644598505e+05
-4.596573914336508606e+05
-4.015172397725536721e+05
-9.493160111402883194e+04
-1.075863674665776052e+05
-1.429050121347962995e+05
-2.488749468011135759e+05
-1.538157379793393193e+06
3.476844666516645811e+05
1.576985419944532914e+05
1.048755435506961803e+05
8.148506192928431847e+04
6.926499444391352881e+04
-6.463227776639487274e+04
-9.207167019132524729e+04
-1.745950371972935100e+05
-2.623621203760897741e+06
2.005310607633949257e+05
9.756870742853313277e+04
6.542922933062260563e+04
5.009103446914936649e+04
4.137144153449983423e+04
3.590819392795999011e+04
-6.411564388514342863e+04
-1.187529257586828899e+05
-7.580960827796554659e+05
1.823813508664108231e+05
8.381488107391670928e+04
5.548871374573021603e+04
4.210549908201022481e+04
3.437610457708912872e+04
2.940180694991285782e+04
2.594381291681367293e+04
-8.260515606284735259e+04
-3.202724821263393387e+05
1.911478821511942369e+05
7.817444128371168335e+04
5.088490578120945429e+04
3.856126241970644332e+04
3.149257956491207005e+04
2.688070692418202088e+04
2.360967250583919304e+04
2.110422879131752052e+04
