1.407037382231422043e+03
1.795693109863301970e+03
2.393605327937109905e+03
3.440613606356306263e+03
5.753783069788864850e+03
1.534279683962865602e+04
-2.783700647010489411e+04
-7.583657556223912252e+03
-4.477683878335990812e+03
-3.238914514532682460e+03
2.367178439006230292e+03
3.095542917157429201e+03
4.276688303065366199e+03
6.523067680431504414e+03
1.248443645144201218e+04
7.905596076608987642e+04
-1.986809143328884238e+04
-9.048264047774973733e+03
-5.920391629659867249e+03
-4.436041967715335886e+03
4.228585426098969037e+03
5.752406948205957633e+03
8.398555800486154112e+03
1.411979778936679941e+04
3.605631147839428741e+04
-8.853139416327908111e+04
-2.095212085131194544e+04
-1.208899512264998339e+04
-8.534132841493119486e+03
-6.604414642980857934e+03
8.536133518649774487e+03
1.243153455880294132e+04
2.009368527117870326e+04
4.200311668838177138e+04
7.112615908872529399e+05
-5.414631596424219606e+04
-2.714158852078457130e+04
-1.831715016878495953e+04
-1.380795858140247401e+04
-1.102918157816816347e+04
2.344694573783745363e+04
4.076405347626800358e+04
9.384145469755918020e+04
-6.995966144089538604e+06
-1.143019021907191636e+05
-6.271909042865934316e+04
-4.463589464804979798e+04
-3.481248310643104924e+04
-2.825034572355668934e+04
-2.343826380525025525e+04
-7.500802466957154684e+05
-1.632313414163817943e+05
-1.182170457696853264e+05
-1.085885219748792733e+05
-1.120701187278046273e+05
-1.240180197706211620e+05
-1.429527884322455502e+05
-1.648705692634690495e+05
-1.798602258003517636e+05
-1.788166286589359515e+05
-4.080490429967818636e+04
-5.033763784110782581e+04
-6.910355474731413415e+04
-1.134341513027397159e+05
-3.200416451497073285e+05
3.963152494212699239e+05
1.246544882295343705e+05
7.546798723244760185e+04
5.523549144834382605e+04
4.422431882881551428e+04
-2.988493116152566654e+04
-4.474081643381468166e+04
-8.320881016075366642e+04
-3.861014697429175139e+05
1.641896543886540167e+05
7.017972446666666656e+04
4.539602680446906743e+04
3.389156801156030997e+04
2.721548393750014293e+04
2.276509215105617841e+04
-3.076716379372348456e+04
-5.772473202025215869e+04
-2.414900494154454500e+05
1.392002387973706063e+05
5.827801438900185167e+04
3.807209984076863475e+04
2.868241785879808594e+04
2.314242336574802903e+04
1.940645814224442438e+04
1.661214114006818272e+04
-4.168618233610302559e+04
-1.428436882822429761e+05
1.363045396538153000e+05
5.219094962270106771e+04
3.419689646972152696e+04
2.614874336961733206e+04
2.141126687446790675e+04
1.816580138968403480e+04
1.570274964471269959e+04
1.364833115523697597e+04
