1.493689879913380992e+03
1.848531507698857695e+03
2.388413726490080990e+03
3.327100137139118033e+03
5.394776142337285819e+03
1.404628310367494669e+04
-2.351506596486389753e+04
-6.300538404466024986e+03
-3.590912114759348242e+03
-2.505026596824305216e+03
2.548776194724608558e+03
3.245540970855106480e+03
4.364453912329076957e+03
6.486879078709499481e+03
1.217845550865076621e+04
8.648592013841729204e+04
-1.700045271884340036e+04
-7.627733325378747395e+03
-4.835447329793446443e+03
-3.495796986122325052e+03
4.632116100232949975e+03
6.165546692508197339e+03
8.812586111207026988e+03
1.458392507829438546e+04
3.800741156807422522e+04
-7.006312810745749448e+04
-1.829252824048315597e+04
-1.039035633725239677e+04
-7.128887318495329055e+03
-5.336519380591965273e+03
9.557598386670380933e+03
1.373294426841075438e+04
2.202674353386872463e+04
4.712344669385702582e+04
-1.411992564697437687e+06
-4.691979769317208411e+04
-2.404054348172703976e+04
-1.599393655330762886e+04
-1.176590850730222519e+04
-9.130010264829053995e+03
2.724423135411760813e+04
4.832923161251589772e+04
1.233748667487667408e+05
-4.822382945978811476e+05
-9.429394260467050481e+04
-5.498755073186427035e+04
-3.930336503178798012e+04
-3.031500361408934987e+04
-2.417272133523636148e+04
-1.965100805044290973e+04
-4.365247080767801963e+05
-1.430623040930409043e+05
-1.057395531251384382e+05
-9.554622104834744823e+04
-9.527911867886046821e+04
-1.004737379529303871e+05
-1.092258200469774747e+05
-1.187917583481023612e+05
-1.248566584407554765e+05
-1.250683100669113483e+05
-4.528767562045141676e+04
-5.309950242072068795e+04
-6.843877073313297296e+04
-1.013374980795463634e+05
-2.072489082678522100e+05
2.228806796840012539e+06
1.700647747251653345e+05
8.775808701111515984e+04
5.898975877771978412e+04
4.406915188831606793e+04
-3.420939372340390400e+04
-4.854632790103981824e+04
-8.211357285858613614e+04
-2.430182093135501491e+05
2.720092612381909858e+05
8.787524937335615687e+04
5.223837911035784782e+04
3.691658285873026762e+04
2.828074095322059293e+04
2.257792987535526845e+04
-3.563124758426368498e+04
-6.225627670803757064e+04
-1.901542854542679852e+05
2.251854208418336639e+05
7.462666553690021101e+04
4.543492424651693727e+04
3.267925741015920357e+04
2.534346675884619617e+04
2.045345181969899204e+04
1.682250582464110266e+04
-4.725158597982638457e+04
-1.328218173239194439e+05
2.340439424912001123e+05
6.934447235594355152e+04
4.256219975819601677e+04
3.121744404942146502e+04
2.468160565320745081e+04
2.025450865971064195e+04
1.692519761342086349e+04
1.418806717492206553e+04
