9.745241024290622590e+03
-1.182185517964349710e+05
-1.451199162282566307e+06
1.591139751146102753e+04
6.667902213111622132e+02
8.439908221718710593e+02
3.370875605603325766e+02
2.543357265919497223e+01
4.020469439316795013e-01
4.384932157336803721e-02
-8.994267945700057680e+03
-1.049337070947733446e+04
-1.507702132319432894e+04
1.296629018156229904e+04
-5.416103997180105580e+03
-6.959091391868288156e+03
-9.472413105140924017e+03
1.809481843763212964e+03
5.198906184091073612e+01
5.171672030018266142e-01
-7.352185834146417619e+03
-7.107239629391068775e+03
-7.218024702846584660e+03
-4.490614292134683637e+03
-6.614731861518806909e+03
-5.915092570866442657e+03
-4.974199956357109841e+03
-4.780399010014815758e+03
2.870151249698111769e+03
3.463150546487860026e+01
-7.966214530923762140e+03
-7.027301410162037428e+03
-6.951089103187666296e+03
-4.712060658000821604e+03
-5.184002018670724283e+03
-4.661956971460341265e+03
-4.076384378307383031e+03
-3.743534651061417662e+03
-4.208225013686787861e+03
6.423124241898918854e+02
-9.505618064003461768e+03
-7.796430199479880685e+03
-1.216711885784417245e+04
-4.381372003528574169e+03
-4.385973238824025429e+03
-4.019555146842181330e+03
-3.698304743207618685e+03
-3.533573645373426643e+03
-3.550055283213572238e+03
1.795639531584606739e+05
-1.259048066483267030e+04
-8.789937365602447244e+03
-6.428373624988431402e+03
-5.447564486921435673e+03
-4.631034036947484310e+03
-3.980572519199640283e+03
-3.618881440314038173e+03
-3.477223393775453133e+03
-3.461029055963270366e+03
-5.486780569702374123e+03
-4.519463320974312956e+04
-9.402276484281273952e+03
-8.516435220902125366e+03
-6.875940113087989630e+03
-5.422536708875970362e+03
-4.267074622965636991e+03
-3.680125363197684237e+03
-3.477307375434036658e+03
-3.444958204385255158e+03
-4.940564328205040511e+03
-4.621455443092621863e+03
-1.015097173766022752e+04
-9.572009090299497984e+03
-8.132054962363393315e+03
-6.340501180551419566e+03
-4.665201431746188973e+03
-3.787909140379287237e+03
-3.496972825901153101e+03
-3.470142142311847692e+03
-7.981261576776870243e+03
-8.782358214090119873e+03
-1.062440265512462247e+04
-1.016501632338109630e+04
-9.003643170677207308e+03
-7.106205762952916302e+03
-5.027982652888726079e+03
-3.890431816370668457e+03
-3.532880397207439273e+03
-3.700879360591937711e+03
2.241686874197885572e+03
-1.184605148575177373e+04
-1.099844994073750786e+04
-1.049092889871402986e+04
-9.526377548208867665e+03
-7.635142629624601796e+03
-5.313338900773543173e+03
-4.024191583841268766e+03
-3.836988679213691739e+03
-3.722926133125502383e+04
1.225864825108031226e+02
