9.775048806583899932e+02
1.130548255397835192e+03
1.373862672513731923e+03
1.806541100348558075e+03
2.748170589665125135e+03
6.300499127581829271e+03
-1.740702172877825797e+04
-3.461372541179227483e+03
-1.870815438122269597e+03
-1.279842471788912690e+03
1.701853406224959372e+03
2.023607599038344233e+03
2.564412107130610821e+03
3.613707137802839952e+03
6.399366451589184180e+03
3.450173917969434115e+04
-9.546574362838691741e+03
-4.039639750340281353e+03
-2.494733565261531567e+03
-1.779234208563223319e+03
3.142447789319112417e+03
3.892989109294124319e+03
5.241121226392786411e+03
8.241673124313803783e+03
2.030484041272491595e+04
-4.057205242171451391e+04
-9.839708653580826649e+03
-5.461055802317919188e+03
-3.695787086577018727e+03
-2.748655291058282728e+03
6.584788627133309092e+03
8.715883711210828551e+03
1.307374681877640978e+04
2.645254221140062145e+04
-1.088819312736297492e+06
-2.519976955977193938e+04
-1.262221769796610170e+04
-8.296804095690707982e+03
-6.075176909585002250e+03
-4.726666425072074162e+03
1.927561569242347105e+04
3.021135137817179566e+04
6.757031934554914187e+04
-3.555291785418554791e+05
-5.113046490960702067e+04
-2.807026075879353812e+04
-1.945711553087770881e+04
-1.482821754061602587e+04
-1.186267521697479970e+04
-9.813213906034114189e+03
-2.058565754732936621e+05
-9.995532717644273362e+04
-6.935805378149481840e+04
-5.527050818929829984e+04
-4.785304655339472083e+04
-4.361483889635556989e+04
-4.118338253649803664e+04
-3.971379656530795182e+04
-3.878943091372204071e+04
-3.883239137723164458e+04
-2.984868515086180560e+04
-3.464994435375416651e+04
-4.170864547171332379e+04
-5.313870402469992405e+04
-7.520689720494937501e+04
-1.392766146389579517e+05
-2.755936589144974016e+06
1.385382038281096029e+05
6.366603310262405284e+04
3.893785880938530318e+04
-2.268166887124771529e+04
-3.051098494525636852e+04
-4.541303967316388298e+04
-8.529254504517689929e+04
-6.207760637524784543e+05
1.143542911047899688e+05
5.084373362618161627e+04
3.179167494790313140e+04
2.247743884287037872e+04
1.678182275497933006e+04
-2.317607951233005952e+04
-3.607370098686494021e+04
-7.331587917375066900e+04
-1.342593262276162161e+06
8.737743160828371765e+04
4.252055221580073703e+04
2.778679940118118611e+04
2.026618253052800719e+04
1.558134411427601117e+04
1.225741196011441025e+04
-2.888086444006333477e+04
-5.774615715536381322e+04
-5.430651938483075937e+05
8.418634779049175268e+04
4.081021656957476807e+04
2.722680635841562253e+04
2.031773402974424243e+04
1.596659793456152147e+04
1.285552912748430754e+04
1.039999889868930404e+04
