1.567947534753355285e+03
1.915168228054444853e+03
2.458649728822938414e+03
3.425101692511589590e+03
5.601389363461104040e+03
1.511996125744776873e+04
-2.239529114529399885e+04
-6.427430996022242653e+03
-3.744157411519686775e+03
-2.651026889127110735e+03
2.684932247661009114e+03
3.380297163748396997e+03
4.526699132654166533e+03
6.754649523523575226e+03
1.292778605574531502e+04
1.189237489301867172e+05
-1.685070908762202089e+04
-7.861507904587555458e+03
-5.099343855790408270e+03
-3.758312530522738598e+03
4.899154190744737207e+03
6.448860916869350149e+03
9.200997638159858980e+03
1.540893776543529384e+04
4.279065278176550055e+04
-6.142028478086149698e+04
-1.818068547388416482e+04
-1.067079741533104607e+04
-7.502813443855064179e+03
-5.741947059684275700e+03
1.013489477640265795e+04
1.437984903227003088e+04
2.314454231296379294e+04
5.181159794508641789e+04
-3.821779221617391449e+05
-4.331098606534412829e+04
-2.335981848281504426e+04
-1.600561235887290422e+04
-1.208316663184161371e+04
-9.608570216890349911e+03
2.877520489551750143e+04
5.009092004197426286e+04
1.337844803570815129e+05
-3.162098090778287151e+05
-8.096236117162252776e+04
-4.863221404739885475e+04
-3.538330219564065919e+04
-2.783197966322756110e+04
-2.272163533787085180e+04
-1.894280558017628573e+04
-5.731390020861858502e+05
-1.563784621652014612e+05
-1.044975093619762192e+05
-8.588640220866820891e+04
-7.760593438775191316e+04
-7.354439515600872983e+04
-7.123458625811157981e+04
-6.902689306205922912e+04
-6.579650075816824392e+04
-6.130478974571247090e+04
-4.918534660274440103e+04
-5.551844375744414720e+04
-6.599312971633902634e+04
-8.368975327320820361e+04
-1.172096173782518017e+05
-2.016041773366769485e+05
-7.539113406315444736e+05
4.419507502577753039e+05
1.751416686998886289e+05
1.110450373305132380e+05
-3.647273905078175449e+04
-4.874837082240757445e+04
-7.159939785990978999e+04
-1.285312474947904848e+05
-5.312991486912718974e+05
2.599491999216428958e+05
1.055412637060012057e+05
6.650314295938028954e+04
4.863172556576525676e+04
3.822709318829099357e+04
-3.668955318447806349e+04
-5.691491933338468516e+04
-1.111221225369532185e+05
-7.264860193235400366e+05
1.798384750085710257e+05
8.277760299505757575e+04
5.439389131123129482e+04
4.061330720762002602e+04
3.232944560691068546e+04
2.664456934008586177e+04
-4.439054871508416545e+04
-8.710749574172435678e+04
-4.821369937012899900e+05
1.682981459415686550e+05
7.696045265573794313e+04
5.139366505461778434e+04
3.900152198505656270e+04
3.146012026402958145e+04
2.622507845660791281e+04
2.220978025770721069e+04
