8.915236481556785293e+02
7.704236573660380145e+02
6.558490097377890606e+02
5.459049291561534574e+02
4.419228789103561326e+02
3.400460428930334729e+03
-7.503173709310509309e+01
-5.873289119297566003e+02
-4.515041439593313044e+03
2.265830711892844192e+03
1.364388346423802886e+03
1.151823516609504395e+03
9.762144784536459383e+02
8.570516435893682683e+02
1.490761421490785551e+03
-2.278157446356174898e-01
-2.398245286644186365e+02
-9.982939278696806014e+02
-5.170353302362594150e+03
4.656744419777198345e+03
2.420774304303930421e+03
1.965149503576506959e+03
1.702291613571313519e+03
2.224996248734479195e+03
-1.803378739177927628e+02
-9.102928214101959270e+01
-6.559507279269665787e+02
-2.237917164828831119e+03
-2.116415174389866297e+04
5.423975835822441695e+03
7.228022343201815602e+03
5.239731707507091414e+03
6.517392625816564760e+03
-1.118335977358733999e+03
-4.659525292460578783e+00
-4.905053068034899297e+02
-1.892514842717828969e+03
-7.811144314202242640e+03
1.547551524092984982e+04
5.168050723020267469e+03
-8.921198883975484932e+03
-8.268419835696327937e+03
-2.293100059021179732e+03
-6.298711616282508885e+01
-3.576453841323519782e+02
-2.008280986853413651e+03
-8.118774312745268617e+03
3.109238493812879824e+04
7.907021959577271446e+03
4.981553166584978499e+03
-2.743307113793212920e+03
-1.988846148517325219e+03
-4.128341614534033397e+02
-2.492056867603809280e+02
-2.808821574525384676e+03
-1.409490181640819537e+04
2.921589635169967733e+04
1.009009096910542212e+04
6.661134043211285643e+03
5.039736450535900076e+03
-1.518874110552016873e+03
-7.826550248192538675e+02
-1.462637892462104787e+02
-1.891387416373319502e+04
7.323479842306936916e+04
2.128565162478934872e+04
1.238477929923739794e+04
8.700638360953573283e+03
6.669967591015686594e+03
5.300266798156288132e+03
-1.166865456224681111e+03
1.321201090816552792e+01
1.981881443827491921e+03
7.312916193092683898e+03
1.545840528324586012e+04
1.658489232728959178e+04
1.275126549554321718e+04
9.475172505175052720e+03
7.261128968394838921e+03
5.672567432056348480e+03
1.194012084076821578e+00
6.201226162058918590e+02
2.935572300766417811e+03
9.476878277042911577e+03
2.281563542094067088e+04
2.523390366555870060e+04
1.717716273299408931e+04
1.146031656265617130e+04
8.130815889249242900e+03
5.979416974621666668e+03
2.359398120129258416e+02
1.189943672087404366e+03
4.126640648055813472e+03
1.563740265068472036e+04
6.692002093162717938e+04
6.527509051796588028e+04
2.642592599294291722e+04
1.390456418893039881e+04
8.714693275493722467e+03
5.888160068050794507e+03
