9.775710883712959003e+02
5.776425622214843543e+02
3.801949021179187866e+02
2.565955341745486180e+02
1.650887073667403513e+02
9.703259629329150471e+01
3.748912331004211751e+01
4.352726930091589175e+00
2.486945762958453265e+00
1.680509848125516470e+01
2.363642860694862975e+03
9.293917606227378201e+02
5.291730464078621026e+02
3.286034147618495922e+02
1.951558145802369211e+02
9.986201431791968730e+01
2.597581739719382199e+01
4.427518569146824366e-03
1.883195844115864759e+01
4.730629130685206718e+01
-1.599166151063803954e+04
1.770214529137947238e+03
7.398177992306281112e+02
3.969652062829714509e+02
2.131914044065137546e+02
7.677459560431196905e+01
4.844951973911006959e+00
1.657800244112787169e+01
7.002695253383993190e+01
1.069306518184384203e+02
-2.115901233438471991e+03
5.497509576717132404e+03
9.449440676376393640e+02
3.878589197856211399e+02
1.513762273898835247e+02
1.983686751948841120e+01
1.256482938558800910e+01
9.425993842225388164e+01
1.665940099534648766e+02
1.914715055871700997e+02
-1.227815304775576124e+03
1.291910555214487540e+05
7.134155524192949542e+02
1.885514302619167495e+02
2.633669761681766275e+01
1.136604585080322494e+01
1.104066442973154523e+02
2.199170974765443418e+02
2.732084330800414023e+02
2.743426511050481622e+02
-1.048829788508193815e+03
1.334911512883977139e+03
1.513927189688716055e+02
8.459918810389327248e+00
1.800946373514941712e+01
1.177639175907257396e+02
2.432960636341231861e+02
3.262774616186230787e+02
3.512539362144114534e+02
3.334192220549974763e+02
9.486082651905759349e+02
5.234074993104743356e+01
3.303716182121352318e-01
3.872813662871325135e+01
1.357553163157172378e+02
2.567887109327788266e+02
3.539980756277056457e+02
4.004049985523143960e+02
4.002894050161723385e+02
3.671221042801793715e+02
3.594622327754576352e-01
2.237334066514033992e+01
8.803511503056755316e+01
1.759926882456402950e+02
2.892906184169206654e+02
3.880389333796573510e+02
4.449865258886965194e+02
4.554971429845960529e+02
4.305217836568349981e+02
3.808136914486302089e+02
6.583094001271916795e+01
1.446261132401122609e+02
2.325133795808320087e+02
3.444349294624209392e+02
4.441770038149325615e+02
5.061892672772219157e+02
5.204387960717962187e+02
4.951631083274194225e+02
4.439321704458889712e+02
3.754924047576332669e+02
1.697332318275654757e+02
2.834504014577156568e+02
3.885810021411824096e+02
5.013156319453785841e+02
5.760198316390809623e+02
5.971050975946136532e+02
5.694867165418606874e+02
5.098621115306244747e+02
4.329600396624928180e+02
3.465061162299266471e+02
