8.717580992395090789e+02
4.440037521018679172e+02
2.652825288772316981e+02
1.614676806384783561e+02
8.854312601841111530e+01
3.963613473230090278e+01
5.972785182863357356e+00
1.884545920025612276e+00
1.863673842890598209e+01
3.494965717461158761e+01
4.313762566170316859e+03
8.237589852288900829e+02
3.982323543489042663e+02
2.188964716411789198e+02
1.082091029172104157e+02
3.745449274436411002e+01
5.331133556986854538e-01
1.936436866300686788e+01
5.963300458506472523e+01
8.107970532536211294e+01
-2.002038564551948639e+03
2.532037902912708887e+03
6.502376132246038196e+02
2.982161285709586309e+02
1.353023079414057008e+02
2.197192435456079451e+01
1.540911021732381947e+01
1.156082970599919264e+02
1.745214761894707181e+02
1.724377214365537725e+02
-9.001603835592711675e+02
-4.054418410899376340e+03
1.170758208431124103e+03
3.705276155555455375e+02
1.186189882374218740e+02
5.140829644853047498e+00
5.054273229774555602e+02
5.887267337109644814e+02
4.328340417828528075e+02
3.187032493960676902e+02
-6.206278717144364236e+02
-1.625352130450489540e+03
1.084205021519911497e+03
1.856979543818740126e+02
8.813117723731334063e-01
5.907572054940702401e+03
2.108645608621618157e+04
1.442417416831067158e+03
7.321129006519482800e+02
4.724449687838778118e+02
-5.638533824735691269e+02
3.077135096630319822e+03
1.115165621096878823e+02
1.060135347095951391e-01
1.403304471552435473e+02
8.977641843392766532e+02
1.627452599394511253e+03
1.217246738366940690e+03
8.077985491680042287e+02
5.518197626963582252e+02
6.147260467275849578e+02
2.926793940229485358e+01
4.316061340922303202e+00
7.255043815155929110e+01
2.818734859683950162e+02
6.493627915360868883e+02
9.372575431722808617e+02
9.134447106991194687e+02
7.336431155820711183e+02
5.457108556799166763e+02
1.516806272819063717e-01
1.997525909233447550e+01
8.681788113567347409e+01
1.980461448343941981e+02
3.940743914095463083e+02
6.244337781759655854e+02
7.683321420035861138e+02
7.544630677082639068e+02
6.386599371321274248e+02
4.926819638015930991e+02
4.156065647652398098e+01
1.060946817481433015e+02
1.900861480635785199e+02
3.285932762415430375e+02
4.960994640663596442e+02
6.418805756939658522e+02
6.993435225582355770e+02
6.538908415354420640e+02
5.459386291987486857e+02
4.173174468365241410e+02
1.036192643475072259e+02
1.954206929816255638e+02
2.945568545533009228e+02
4.328847747189410597e+02
5.627510571823297596e+02
6.387858103645203300e+02
6.316521024414538488e+02
5.549233326543443354e+02
4.440973572309073916e+02
3.269818779575292638e+02
