3.158131777347596767e+02
5.422844990439029971e+02
4.664981982277896577e+02
5.285566564519285038e+01
1.335450594933086677e+03
9.931452930919477922e+02
2.912101589008973974e+02
3.202877120656658860e+01
8.435625968347161274e-01
4.326489598059762159e-02
7.883462977967607230e+02
7.316748767784238225e+02
5.384660059591575418e+02
9.122228404711653127e+01
-2.138682838120423639e+03
3.334486539576873838e+03
1.143313517759023398e+03
2.487575690688424572e+02
1.447985998662082352e+01
8.800896519631713766e-02
9.961391072420406090e+02
8.436768292016158739e+02
6.259580588409916118e+02
1.174925819908747968e+02
6.663851230940847017e+04
1.514819502961988974e+03
9.520109350191214617e+02
5.891867662954970228e+02
1.374908601760797922e+02
7.703039413259004320e+00
1.235078864908168271e+03
1.096591978736879128e+03
9.512709500611829299e+02
8.429437981434425353e+00
9.789921010047359005e+02
7.973111829354336351e+02
6.681449549406877395e+02
5.688347186440117866e+02
3.754803291719759955e+02
4.826256986314463404e+01
1.491705403028302726e+03
1.467497290850738636e+03
4.353398925149645038e+03
4.617314577025053950e+02
6.253780166713420385e+02
6.070870399507531374e+02
5.621367522122424134e+02
5.256715743815723272e+02
4.662599592952000762e+02
1.570532710225941742e+02
1.658321963861271570e+03
2.050477082827379036e+03
5.438588558383313512e+02
6.796487516339511785e+02
6.482300937194595463e+02
5.886828903334514962e+02
5.401898192555927380e+02
5.120767298408006809e+02
4.815653397722966815e+02
2.534892740569374041e+02
1.287553314123530299e+03
1.610063517098296643e+03
1.126785117731343007e+03
9.243763743797638881e+02
7.648898663613285862e+02
6.327059717406597201e+02
5.507726494511995270e+02
5.121280790876654692e+02
4.813379228307742324e+02
2.695092629246578895e+02
3.730781688810437572e+03
1.972145629442984273e+03
1.439953694114414475e+03
1.146164658430803684e+03
9.020861647732006077e+02
6.960592784142113487e+02
5.715586242259774963e+02
5.152354050235613840e+02
4.662308107498093932e+02
2.003456050876641541e+02
2.521524389252610490e+03
2.018636749386904967e+03
1.599633966992269052e+03
1.306959225013847117e+03
1.020342148993071191e+03
7.547867190168636853e+02
5.893405666689507143e+02
5.081285746824347598e+02
3.894120417476819398e+02
7.941559102982247964e+01
1.526514561128237119e+03
1.866173100999915050e+03
1.635047272417122031e+03
1.388854089741938196e+03
1.091009681019943855e+03
7.813944976566502874e+02
5.690613197005209258e+02
4.081389785150168450e+02
1.500119087606658184e+02
1.323427414254683043e+01
