-3.082389781743570347e+05
-2.335521422988463310e+05
-1.894798338693210681e+05
-1.620772224188046530e+05
-1.452905148246215831e+05
-1.364951804038565606e+05
-1.352956633181048674e+05
-1.439464951869184733e+05
-1.716424293399198796e+05
-2.634250743100368418e+05
-5.353892633445211686e+05
-3.426197775616144063e+05
-2.532723578027322073e+05
-2.041505175032296102e+05
-1.755342336472312454e+05
-1.597951119198269153e+05
-1.543860597998400917e+05
-1.605564383747671091e+05
-1.869985117164900003e+05
-2.773605641391717363e+05
-1.664864222669184208e+06
-5.985248987879090710e+05
-3.656843482939511887e+05
-2.676739316560443840e+05
-2.171447514095516817e+05
-1.901901311270788719e+05
-1.787985669369253155e+05
-1.822988865910948080e+05
-2.095117339041250525e+05
-3.102649369767812314e+05
1.716249562111809617e+06
-1.967379863146789139e+06
-6.244207052551822271e+05
-3.786295757442137110e+05
-2.810597432023526635e+05
-2.343161052931809390e+05
-2.141624311254632776e+05
-2.156419170935908624e+05
-2.496398124767865811e+05
-3.947701746749067679e+05
5.845391631716588745e+05
1.661267073981938185e+06
-1.960213212304626359e+06
-6.375850938452001428e+05
-3.996746658867361257e+05
-3.100840459056824911e+05
-2.752199984195391880e+05
-2.779384504607031704e+05
-3.396658917659551371e+05
-7.082864554233829258e+05
3.553332648412996205e+05
5.898205962079589954e+05
1.722116979453315958e+06
-2.128438623797917739e+06
-7.237098876905192155e+05
-4.842208049276997335e+05
-4.147603884640202741e+05
-4.383380317138396204e+05
-6.726363658804870211e+05
3.788902325585175306e+06
2.548377696580665943e+05
3.561435027262542862e+05
5.840110739061675267e+05
1.424045449853131548e+06
-6.997460612461360171e+06
-1.375516527533508837e+06
-1.072115577512014890e+06
-1.641851271304295631e+06
2.188517714684023056e+06
3.841562523719407036e+05
1.973002066006856330e+05
2.517657639872538275e+05
3.422006950953482883e+05
5.024416911381692044e+05
7.924571334139853716e+05
1.188497469351878157e+06
1.166407400657537626e+06
6.761791937150617596e+05
3.387648703702597995e+05
1.760685855338420952e+05
1.595136455932810204e+05
1.918293741585308453e+05
2.358712294857961824e+05
2.919134868864530581e+05
3.489659331654076232e+05
3.741096286928545451e+05
3.344182213887464022e+05
2.494043416256355413e+05
1.661441990661979653e+05
1.051968675959593675e+05
1.326874105709471041e+05
1.528279780544215173e+05
1.761455369156708184e+05
1.991596642551960540e+05
2.137702617468647077e+05
2.095800407007976319e+05
1.831630001143213594e+05
1.436514988240204111e+05
1.040122846182104404e+05
7.139179281500303478e+04
