2.689957077421619743e+07
1.947160936469253525e+07
1.497109642103488185e+07
1.205029276058027148e+07
1.009380764068475366e+07
8.794550876207465306e+06
8.009000451374248601e+06
7.726643138736105524e+06
8.174625114626643248e+06
1.062802796103304066e+07
4.185069986010950059e+07
2.563688024057912454e+07
1.780755886494556442e+07
1.331979460786875337e+07
1.050745768954291940e+07
8.668748947032542899e+06
7.472331636833363213e+06
6.777115600345180370e+06
6.623761432507341728e+06
7.620620365023989230e+06
1.022427137231325805e+08
3.845407776537988335e+07
2.206877328876950592e+07
1.473253085056249797e+07
1.067347487767494656e+07
8.163854156725333072e+06
6.505532830855060369e+06
5.361627021115344018e+06
4.548472828877088614e+06
3.961036346357278060e+06
-1.553157988840960860e+08
9.151099172116751969e+07
3.044376706672221050e+07
1.655126544872223400e+07
1.050179929007153027e+07
7.138931392547939904e+06
4.956883286932741292e+06
3.291341350541018415e+06
1.615142687734153355e+06
-1.509992341768644284e+06
-3.691238518233683705e+07
-1.100090594761526585e+08
6.428431162986663729e+07
1.993737209172817320e+07
9.834243767278386280e+06
5.261259773088522255e+06
2.410985050005570520e+06
-9.366447455688333139e+04
-3.501211247215769719e+06
-1.551863815168456919e+07
-1.755289976096590236e+07
-2.447389248279703036e+07
-6.306413259590771794e+07
3.706501011727997661e+07
8.189151975213776343e+06
1.463033736845073756e+06
-2.749717909835522063e+06
-7.347304808016198687e+06
-1.907327902669428661e+07
1.809753076454724073e+08
-9.275641847512770444e+06
-9.463278656446781009e+06
-9.520753457475293428e+06
-7.103912265157535672e+06
-5.618628757159980014e+06
-1.504669178263985366e+07
-2.344360107095208392e+07
-5.495222343349769711e+07
1.045014232135538459e+08
2.480495807996416837e+07
-4.588114531096627004e+06
-3.108708133188363165e+06
-4.443864647986819036e+05
5.298795045823249966e+06
1.778711035653343797e+07
4.035249987304772437e+07
5.023644647152349353e+07
3.588867214472005516e+07
2.271272015964376181e+07
1.516998033902291954e+07
-1.598511408206305234e+06
3.572510377255981439e+05
3.175455999911447056e+06
7.310258727726232260e+06
1.264852931662776135e+07
1.758580046786891297e+07
1.937191835689095035e+07
1.755845961080002785e+07
1.430793834483984485e+07
1.130120998145909794e+07
3.971795074834527913e+05
2.330057487844706513e+06
4.817578594719205983e+06
7.783007668884510174e+06
1.076903925365598686e+07
1.289129422340824269e+07
1.341306016617641225e+07
1.245997540691775270e+07
1.078842923068027012e+07
9.063972394716154784e+06
