-6.910518525521609783e+08
-4.960824453552981019e+08
-3.787318835475745201e+08
-3.028135436729618311e+08
-2.519556927514879704e+08
-2.179986230278211534e+08
-1.970519809313626587e+08
-1.885684836006836593e+08
-1.977784354058280587e+08
-2.555932558645337224e+08
-1.093775196067780972e+09
-6.566996201491742134e+08
-4.500962682673578858e+08
-3.328493437077749372e+08
-2.596509316778392494e+08
-2.116607118794838786e+08
-1.799479282767858505e+08
-1.604328694322831333e+08
-1.531645380936039686e+08
-1.699796836331743598e+08
-2.957764431894510746e+09
-1.005972037685850859e+09
-5.590579920447934866e+08
-3.651789606674520373e+08
-2.592462729994808435e+08
-1.938258009355388582e+08
-1.499836848535461426e+08
-1.182586560959883779e+08
-9.216929446891821921e+07
-6.102880942958515882e+07
2.930548374624455929e+09
-2.760483823618587494e+09
-7.839424179576166868e+08
-4.051207083820288777e+08
-2.464622812217306197e+08
-1.590598741249904633e+08
-1.014355804425346553e+08
-5.493443526849570125e+07
-2.225584786994755268e+06
1.153325606105883569e+08
8.069616332013230324e+08
1.930970820193155289e+09
-1.922687369708765268e+09
-4.785306975796614289e+08
-2.107478442277350426e+08
-9.332204786070549488e+07
-1.807724705323972180e+07
5.276486066600566357e+07
1.665175488665021062e+08
6.683872763876551390e+08
3.826343221855188012e+08
4.921292016559607983e+08
9.695833469324108362e+08
-9.365812638927884102e+08
-1.005868182698511630e+08
6.075844796471443772e+07
1.665969634910046160e+08
3.147322309335787892e+08
7.955458946928001642e+08
-2.286200722485625744e+09
1.929591885382387042e+08
1.764080384090349376e+08
1.355264838543239534e+08
-2.259643717714947835e+07
-1.255687944872415352e+10
1.065790329318480849e+09
1.234736125401747704e+09
3.882306192394757748e+09
-1.784566648421298265e+09
-6.374693966237760782e+08
8.337253939235739410e+07
3.576978496739330143e+07
-4.536082553289055824e+07
-1.946072763919809163e+08
-4.727744459810639620e+08
-8.805432361277140379e+08
-1.075566268999682665e+09
-8.615897741552774906e+08
-5.897860068313689232e+08
-4.070482757856361866e+08
1.281029037766372971e+07
-4.162048401960156113e+07
-1.190156353206054717e+08
-2.259145447757111192e+08
-3.563990589053431153e+08
-4.717041576078966260e+08
-5.124017368195316792e+08
-4.680078344029119611e+08
-3.856976414108476043e+08
-3.066226912093435526e+08
-3.425185273125728220e+07
-8.696237271736352146e+07
-1.528586367162865698e+08
-2.290188692791168094e+08
-3.033373999229041338e+08
-3.544687460803160667e+08
-3.653249365324764252e+08
-3.390174353784894943e+08
-2.939273595697780252e+08
-2.469810218039103150e+08
