-5.396975322173426859e+06
-3.875401365808818955e+06
-2.959262250423940830e+06
-2.366169971111231018e+06
-1.968343693328111898e+06
-1.702016947784926742e+06
-1.536671749674429884e+06
-1.467604184627690352e+06
-1.534526758159900783e+06
-1.975067491285703378e+06
-8.544166993823261932e+06
-5.130717345215533860e+06
-3.516999600378107745e+06
-2.600678585258434061e+06
-2.027903653923286125e+06
-1.651444964019281324e+06
-1.401347306308762869e+06
-1.245164649104829878e+06
-1.181707491420147708e+06
-1.297592742780620232e+06
-2.313621411368183419e+07
-7.861074408955129795e+06
-4.368025974878331646e+06
-2.852303554720476735e+06
-2.023191243485825369e+06
-1.509918497809987050e+06
-1.164206782633397030e+06
-9.113273930979812285e+05
-6.983388250970322406e+05
-4.323684689548582537e+05
2.279173411947302520e+07
-2.161316579641855508e+07
-6.123860957140732557e+06
-3.161378283053400461e+06
-1.919671575623237994e+06
-1.233903004157704068e+06
-7.793450444169499679e+05
-4.089313983546842355e+05
1.688859085838649116e+04
9.756405609100365546e+05
6.280565041082126088e+06
1.499163813324337639e+07
-1.504453464647047035e+07
-3.725630448122662026e+06
-1.631614845663388027e+06
-7.108286190756779397e+05
-1.168283248758869158e+05
4.481085525759622105e+05
1.363394876346490113e+06
5.409722285573029891e+06
2.972421410182582680e+06
3.816688307974366937e+06
7.474438861109212041e+06
-7.263340784457346424e+06
-7.399987580548797268e+05
5.192537372933889856e+05
1.355632376020023599e+06
2.539843915918917395e+06
6.402615994444590993e+06
-1.837471548638374731e+07
1.491676605849055341e+06
1.356432451077530626e+06
1.021369848640472512e+06
-2.716573306556374300e+05
-9.892499556952734292e+07
8.590306033977003768e+06
9.915525061745233834e+06
3.128880367220886797e+07
-1.424208682288531400e+07
-5.099291064987584017e+06
6.349744405582481995e+05
2.585317702238963102e+05
-3.842922841389643727e+05
-1.568078779300200520e+06
-3.774564480946550146e+06
-7.007351468468828127e+06
-8.555507143084565178e+06
-6.862162027589330450e+06
-4.704614686077578925e+06
-3.251162696014854126e+06
8.245626402306457749e+04
-3.467487500970250694e+05
-9.580356312343513127e+05
-1.803473500975466333e+06
-2.836757114774659276e+06
-3.751494300745236222e+06
-4.076688108811670449e+06
-3.727366779291756451e+06
-3.075792052349600941e+06
-2.448255124642461538e+06
-2.868094505903050886e+05
-7.022188286050121533e+05
-1.222363038141092053e+06
-1.824454578775524162e+06
-2.413116043728954159e+06
-2.819495881913918070e+06
-2.907693905290471856e+06
-2.701235342914283276e+06
-2.344949037393173669e+06
-1.972875204775698017e+06
