-1.391300924062285125e+08
-9.991073114578124881e+07
-7.629107259882237017e+07
-6.099880111223597825e+07
-5.074159011721567065e+07
-4.387627587108691037e+07
-3.961540233294084668e+07
-3.783700428163968027e+07
-3.955855408872819692e+07
-5.083970417997283489e+07
-2.200182070150765777e+08
-1.321836285489776731e+08
-9.062328593165495992e+07
-6.701542905218297243e+07
-5.225709795586935431e+07
-4.255847971553014964e+07
-3.611741268364538252e+07
-3.209812199157688394e+07
-3.046645064061721042e+07
-3.340811833343560249e+07
-5.926070635474337339e+08
-2.022056886499513090e+08
-1.124504011020350158e+08
-7.345103465513485670e+07
-5.210794509718997777e+07
-3.889407895447608829e+07
-2.999651915337645635e+07
-2.349259679298238456e+07
-1.801839711019161716e+07
-1.114891544288285077e+07
5.939057305977548361e+08
-5.513277874672795534e+08
-1.573243445691423714e+08
-8.131538181528311968e+07
-4.939988866895340383e+07
-3.176372924066512287e+07
-2.007486654817797244e+07
-1.055542039406986162e+07
3.766277332051294507e+05
2.502616999612579867e+07
1.626721358773382008e+08
3.912378768920602798e+08
-3.821576949031919241e+08
-9.555746422495901585e+07
-4.191626934755234420e+07
-1.827700496558387950e+07
-3.021362755098044872e+06
1.147961864879141562e+07
3.495040930005300790e+07
1.385058303352465332e+08
7.691094585969759524e+07
9.893723085534818470e+07
1.955812580162898004e+08
-1.824372853565341532e+08
-1.886087972917490825e+07
1.333970736281986162e+07
3.477349935993504524e+07
6.508431290102270991e+07
1.635501719737139046e+08
-4.785649330543769002e+08
3.859426685418441147e+07
3.513124943533675373e+07
2.654169131303403154e+07
-6.796745638594960794e+06
-3.625421280675104141e+09
2.175766882455116510e+08
2.516998087722607255e+08
7.781844146771489382e+08
-3.709777687644283175e+08
-1.315782916992115676e+08
1.644770876123045385e+07
6.724061703741114587e+06
-9.894205252124903724e+06
-4.055195293577457219e+07
-9.788100111522097886e+07
-1.821941834397652745e+08
-2.223600499524165392e+08
-1.777239100529094934e+08
-1.214695859888250977e+08
-8.377981969313053787e+07
2.175541188133958261e+06
-8.915388270001288503e+06
-2.471760605117834359e+07
-4.658731860872300714e+07
-7.333154922899481654e+07
-9.699571419081668556e+07
-1.053435978332310468e+08
-9.620783858519943058e+07
-7.929192322948454320e+07
-6.304713103387398273e+07
-7.355431072631512769e+06
-1.808851039390495047e+07
-3.152901033324538544e+07
-4.708887659739201516e+07
-6.229705412433107197e+07
-7.277803677403125167e+07
-7.501653469308507442e+07
-6.963747022372546792e+07
-6.040231924282444268e+07
-5.077831430533798039e+07
