4.272589311292069405e+07
3.066376440350469202e+07
2.339196638954028487e+07
1.867889188516326621e+07
1.551249074831939116e+07
1.338624077362277918e+07
1.205502444679998793e+07
1.147456730405334011e+07
1.193780451281164587e+07
1.521141712431995012e+07
6.726483013788273931e+07
4.041964983459266275e+07
2.768389804243699834e+07
2.043693690592828020e+07
1.589794591540417634e+07
1.290567232572802715e+07
1.090449218155595288e+07
9.630019731733001769e+06
9.048092839800463989e+06
9.721126547796964645e+06
1.782239045889946818e+08
6.139843929395053536e+07
3.414673092524062097e+07
2.225431279671194777e+07
1.572665942844351009e+07
1.167000200859203003e+07
8.919127275678731501e+06
6.876722386324652471e+06
5.094492861694034189e+06
2.688503294538782444e+06
-1.866931088016284704e+08
1.629929990610508025e+08
4.722744337319058925e+07
2.435537545904253796e+07
1.468678923433579691e+07
9.312808192840341479e+06
5.718612271897744387e+06
2.744248054465622641e+06
-7.505006059852325125e+05
-8.760228477159239352e+06
-5.002815529008108377e+07
-1.223728960883293599e+08
1.101308686728854775e+08
2.790686833248015866e+07
1.199268296777787246e+07
4.889844900376211852e+06
2.341663140117906732e+05
-4.283214222257232293e+06
-1.171352239839766733e+07
-4.413857203847913444e+07
-2.338753951942477375e+07
-2.993801329588142782e+07
-5.958222548941908032e+07
4.782998617815100402e+07
3.870961233037171420e+06
-5.395144894426485524e+06
-1.184573133299250714e+07
-2.124679339511371776e+07
-5.167338569685959816e+07
1.662341726231307983e+08
-1.153267672602182068e+07
-1.022669129891302064e+07
-7.027086728850398213e+06
5.412696022483045235e+06
-1.243406664743355274e+09
-6.838701179379378259e+07
-7.824077652369345725e+07
-2.221935163495288491e+08
1.260076900044687986e+08
4.273865839128077030e+07
-4.692732820407698862e+06
-1.501826104078455362e+06
3.965750024862924591e+06
1.409788366121947952e+07
3.320250119897427410e+07
6.153450449200949073e+07
7.444986136796727777e+07
5.846395144033063203e+07
3.937635948489224911e+07
2.689639681571635604e+07
-2.912632743009492988e+05
3.282743882872993592e+06
8.383138720043977723e+06
1.545254210508214124e+07
2.409857699636694416e+07
3.169880518096390739e+07
3.423448653255221993e+07
3.106798256879292056e+07
2.544965202976306155e+07
2.012964455733218789e+07
2.642079552631833591e+06
6.074935970064948313e+06
1.037683935002443753e+07
1.535656866121794283e+07
2.021094982752892375e+07
2.351920381113390252e+07
2.415046435579192266e+07
2.233048490559943765e+07
1.929421904207435623e+07
1.616147592729882523e+07
