3.752137446693805978e+05
2.647027747742633801e+05
1.995628793683075637e+05
1.581584361136983207e+05
1.309381066287770955e+05
1.132712451166451792e+05
1.030633580736710283e+05
1.004684582964145666e+05
1.103699332538220478e+05
1.671177552905557677e+05
6.240503149058088893e+05
3.585181742657255381e+05
2.395511728020105802e+05
1.740559162929319718e+05
1.340577414099364833e+05
1.083524145982442715e+05
9.172682391514963820e+04
8.188772514384379610e+04
7.903498407828410564e+04
9.118933658411592478e+04
2.113030925233200658e+06
5.695957153647894738e+05
2.986805905760820024e+05
1.887830491794310801e+05
1.307441529564390075e+05
9.560502390492911218e+04
7.221825208862659929e+04
5.490219093705063278e+04
3.885917812936064729e+04
1.033138774273538547e+04
-1.180990918123775395e+06
1.856391524486953858e+06
4.153968127654227428e+05
2.019074152898496541e+05
1.173161120682288165e+05
7.174088119124788500e+04
4.160708490974227607e+04
1.610730952739937857e+04
-1.705770866045748699e+04
-1.175015886013307172e+05
-3.832618097867274191e+05
-8.487378645582651952e+05
9.810559386153257219e+05
2.153913539161513618e+05
8.528638730454148026e+04
2.876023236010298933e+04
-8.554745942352830752e+03
-4.660978587765109842e+04
-1.159191113233362121e+05
-5.279124499325369252e+05
-1.845507162905251607e+05
-2.306958878762509557e+05
-4.595496621744434815e+05
2.556500111065525271e+05
-3.657510199252707935e+03
-6.340575865491639706e+04
-1.111123257287167071e+05
-1.875670807314445265e+05
-4.567255659611299634e+05
1.151428949041713728e+06
-8.928259536867799761e+04
-7.360120997810314293e+04
-3.550485472613021557e+04
1.350708333651353314e+05
-1.040696051634358009e+06
-4.707965955071989447e+05
-5.489360914139592787e+05
-1.298414733336075908e+06
1.231097373625272186e+06
3.587247076256964938e+05
-3.204764381686634442e+04
-5.527605326204101175e+02
5.544937510274055967e+04
1.657314983568405150e+05
3.986415973033743212e+05
7.847802569497476798e+05
8.767645648362383945e+05
5.782363696268028580e+05
3.485373718023549300e+05
2.255042947679950157e+05
5.484946788171122535e+03
4.023430754199712828e+04
9.088787002669833601e+04
1.627709779422258143e+05
2.510609036186192534e+05
3.222320386871555820e+05
3.302178837645371677e+05
2.810432186538599199e+05
2.182976267352821596e+05
1.666897776256254874e+05
3.041176133180506440e+04
6.345342945606011199e+04
1.052094154985747737e+05
1.533295315992513497e+05
1.981593320775842876e+05
2.237119516505374922e+05
2.202532862872097467e+05
1.947659898843071423e+05
1.620279381840027636e+05
1.320751239504564437e+05
