-2.667351248325705001e+03
-2.083713764590082064e+03
-1.770992411388095206e+03
-1.601938555591760178e+03
-1.535301852360230214e+03
-1.556292817715902629e+03
-1.732776551899807373e+03
-2.225898152965893132e+03
-4.076337742581640669e+03
1.734924965553285801e+04
-4.939715125402827653e+03
-3.356905612226819812e+03
-2.631549778112463628e+03
-2.251201903711461000e+03
-2.065683060856838438e+03
-2.019794694308587623e+03
-2.161209160832045654e+03
-2.626770059625115209e+03
-4.185584166038901458e+03
-4.415867322734089976e+04
-1.321002019892338285e+04
-6.143241653767349817e+03
-4.157126859029492152e+03
-3.277910785902154203e+03
-2.837041392425941467e+03
-2.679103702075823094e+03
-2.767541665387619560e+03
-3.237256360475333167e+03
-4.816325125877468963e+03
-2.143830810435493549e+04
6.973866033255310322e+04
-1.546851920284967127e+04
-7.317358185540198065e+03
-5.040280513261867782e+03
-4.061950309589499284e+03
-3.666253876706294250e+03
-3.671167490039807490e+03
-4.197147347766914208e+03
-6.130244338416214305e+03
-2.621560008701811603e+04
1.294318262470797890e+04
1.603940752766079677e+05
-1.692812738384566183e+04
-8.626939625034299752e+03
-6.213340208985169738e+03
-5.306559337086820051e+03
-5.176175715353688247e+03
-5.911963667998790697e+03
-9.099885590052943371e+03
-1.298983083179477253e+05
8.255675205493476824e+03
1.728146789460403306e+04
-4.787806275774805807e+06
-1.968579819056112683e+04
-1.100211814988239166e+04
-8.627838678305564827e+03
-8.257658856332967844e+03
-9.890032781515727038e+03
-1.995191043214196543e+04
2.566202236703816379e+04
6.571358533761336730e+03
1.037718950984123512e+04
2.187571679352836509e+04
4.624661070028503309e+05
-3.166544863935027388e+04
-1.931599637861729934e+04
-1.848238525333956568e+04
-2.962619608520062684e+04
6.808910099858684407e+04
1.019594673906264870e+04
5.713355229947025691e+03
7.921275135082271845e+03
1.205781217214947537e+04
2.132804587545083632e+04
4.946303491274281259e+04
1.573000587961528217e+05
1.090901615871332324e+05
3.021968730618762129e+04
1.199981398405190521e+04
5.988731215715081817e+03
5.178724874526013991e+03
6.632363126661909519e+03
8.705099168575879958e+03
1.162825428905637455e+04
1.496891804332614265e+04
1.661702751739769155e+04
1.435296499245904670e+04
1.004724161636344252e+04
6.448610678213736719e+03
4.093888089381204281e+03
4.783630473413940308e+03
5.798747127216019180e+03
6.979610971296538082e+03
8.225944560294537951e+03
9.096365988790183110e+03
9.005290864310380130e+03
7.793770632972074964e+03
6.022880758219594100e+03
4.344584880106218407e+03
3.023641972927218831e+03
