-2.562451079257270976e+03
-1.980902176837844308e+03
-1.664488266105754974e+03
-1.488268214684353325e+03
-1.411212866363169496e+03
-1.417727498896715815e+03
-1.574332321995347002e+03
-2.044715678946955450e+03
-4.011214565064430644e+03
8.989141105103210066e+03
-4.777116390587599199e+03
-3.230564320342531119e+03
-2.512102535348509718e+03
-2.129103205624725433e+03
-1.935455648707614728e+03
-1.876351136297274707e+03
-1.997795618718388141e+03
-2.434154990548916885e+03
-3.983279302175767498e+03
-2.270738350872152077e+05
-1.259588803615781944e+04
-5.950191274808680646e+03
-4.018804965818845631e+03
-3.149907085243100028e+03
-2.705854754596436578e+03
-2.536691042605964867e+03
-2.605632071076359807e+03
-3.043009954948963241e+03
-4.573053867111865657e+03
-2.390553392549270939e+04
9.446216243116937403e+04
-1.472212154246540376e+04
-7.113830612214255780e+03
-4.902552091210485742e+03
-3.934185447403302533e+03
-3.530818554738860257e+03
-3.516039060885812887e+03
-4.004369137862014213e+03
-5.854397118512846646e+03
-2.628972147613958441e+04
1.394640701194386202e+04
4.067006318605697015e+05
-1.615271096941640826e+04
-8.425603701957230442e+03
-6.081749809986205037e+03
-5.178806262570481522e+03
-5.027194725587167341e+03
-5.709614187470153411e+03
-8.722954128199833576e+03
-1.082240568253555684e+05
8.852050711673484329e+03
1.913369581305138490e+04
-2.568704406088615942e+05
-1.876606109953628766e+04
-1.076147356290816060e+04
-8.466920410145288770e+03
-8.074925984206451176e+03
-9.581181863818685088e+03
-1.869483767710847314e+04
2.771880891935242107e+04
7.085691044482288817e+03
1.132705324643153835e+04
2.494894971725578944e+04
-6.089873452302409569e+05
-2.921237729457163368e+04
-1.852652155198336550e+04
-1.770104686008726640e+04
-2.717658671472969218e+04
9.377039050495016272e+04
1.078777727558818333e+04
6.209239277900613160e+03
8.667152915872688027e+03
1.338277830595294472e+04
2.454170826909930474e+04
6.446359971500735992e+04
4.289014634472720209e+05
1.991230569186571811e+05
3.568608358361943101e+04
1.307420688240263735e+04
6.361068013987332051e+03
5.675461684709388464e+03
7.300826812425199023e+03
9.649362846293233815e+03
1.301626157010864881e+04
1.694470566228237294e+04
1.888544231254099213e+04
1.611325434846233657e+04
1.105512897274601164e+04
6.982276988088976395e+03
4.391142455302622693e+03
5.286763982452362143e+03
6.428825952588861583e+03
7.768994103162252031e+03
9.188763407416072369e+03
1.017765472195163420e+04
1.005004137722872656e+04
8.636921482531872243e+03
6.616178234898588016e+03
4.737723703229439707e+03
3.283911515539351967e+03
