-4.592246189786554169e+03
-3.588071772739224798e+03
-2.988873727818564930e+03
-2.608169315305653527e+03
-2.373047538057590373e+03
-2.249297395487767972e+03
-2.285978486075624915e+03
-2.612040790232711970e+03
-4.091443855440531024e+03
1.819013239998166318e+04
-8.127012653007953304e+03
-5.574605146724305996e+03
-4.306262561832186293e+03
-3.572516594581642948e+03
-3.130397137713306165e+03
-2.879751781107731858e+03
-2.837756593993444312e+03
-3.106012604832525540e+03
-4.334938566128813363e+03
-3.514518388745664561e+04
-1.965591254843325441e+04
-9.681980825301503501e+03
-6.536044251918761802e+03
-5.033766571589987507e+03
-4.192762739870120640e+03
-3.741653579107718542e+03
-3.586332910068227648e+03
-3.812485686834240369e+03
-5.030510884947038903e+03
-1.893913266898426082e+04
3.029220037408702774e+05
-2.201832470721759455e+04
-1.089804532820993518e+04
-7.430465857169007904e+03
-5.806119805583558446e+03
-4.985503119647948552e+03
-4.663307240598466706e+03
-4.879972017071619121e+03
-6.363651012893001280e+03
-2.264048716753863846e+04
2.276845793395418150e+04
-8.652827852422033902e+05
-2.281294735213476451e+04
-1.203207483235698965e+04
-8.516297609185143301e+03
-6.975351805606329435e+03
-6.395902706239788131e+03
-6.718707395608658771e+03
-9.217678873188964644e+03
-7.365770685166446492e+04
1.336945720577613974e+04
2.995686053606877977e+04
-1.866017065996721503e+05
-2.469133623121716300e+04
-1.418112283042899981e+04
-1.081526715167481416e+04
-9.791028284852998695e+03
-1.077157857727574992e+04
-1.858153718432226742e+04
2.982746559409229303e+04
1.009789477177538902e+04
1.631427810500011401e+04
3.743241716569566051e+04
-2.608653416383347358e+05
-3.474138520687223354e+04
-2.197746985854324521e+04
-2.001401743835951856e+04
-2.780427911826319541e+04
1.571516186647158756e+05
1.063630530189170349e+04
8.398651896162175035e+03
1.176516425014157539e+04
1.827499905875138211e+04
3.427350765861225227e+04
1.020319273400738894e+05
-1.335966430425950792e+06
6.877331489376482787e+05
4.457896375015910598e+04
1.393547598002886116e+04
6.018638040095207543e+03
7.307668077514963443e+03
9.403404619141700095e+03
1.240489273758997297e+04
1.663450748478054447e+04
2.139802758128883579e+04
2.322395023526314617e+04
1.884120995740476792e+04
1.206100421835928864e+04
7.018775923593436346e+03
4.004798135823943085e+03
6.493088448246783628e+03
7.882677436488564126e+03
9.475096610539898393e+03
1.107402856613741460e+04
1.201832014771651120e+04
1.149736302251856432e+04
9.449694131505853875e+03
6.832625761837821301e+03
4.551955656461153012e+03
2.879928882141917711e+03
