-1.369002196499650836e+03
-1.056084329924336316e+03
-9.149763298465812795e+02
-8.568998263659699433e+02
-8.604838842065352082e+02
-9.198778039873183161e+02
-1.109892223551133839e+03
-1.625878623261829489e+03
-4.565799189804550224e+03
3.173853762381392244e+03
-2.548592212035907323e+03
-1.742545980754593074e+03
-1.403051168391481269e+03
-1.244268164695615724e+03
-1.192384710120046293e+03
-1.222660925042658619e+03
-1.394846450828857542e+03
-1.856996741330654686e+03
-3.622849743124651468e+03
1.173597072053358170e+04
-6.659118979200296963e+03
-3.254893702441196183e+03
-2.293320443611461087e+03
-1.882411840654538992e+03
-1.695513762227130201e+03
-1.678405959118731744e+03
-1.830723408459218263e+03
-2.296893890641883445e+03
-3.880793026411991832e+03
-2.758834558246887755e+05
1.106335041403509676e+05
-7.870122001884471501e+03
-4.115731263010378825e+03
-2.992989546581047762e+03
-2.520877602809905966e+03
-2.381050392172745433e+03
-2.502270165896616618e+03
-3.028566958943371901e+03
-4.842898561390794384e+03
-4.738774958882491046e+04
9.176674004440625140e+03
-1.208794333904766972e+05
-9.094736180104284358e+03
-5.196021469688933394e+03
-3.966587942275354635e+03
-3.553712811958939710e+03
-3.625907019033056713e+03
-4.342697687697193942e+03
-7.144900070986162973e+03
6.046908881844639545e+05
5.890515306244947169e+03
1.439981258351572433e+04
-5.568042372370188968e+04
-1.115143351564887234e+04
-7.019839604065267849e+03
-5.851612656066567979e+03
-5.856967121940929246e+03
-7.274725891937330744e+03
-1.504568116813306915e+04
2.067219718756862494e+04
4.854770370462211758e+03
8.288740625720149183e+03
2.137781942197666285e+04
-7.364023688144246989e+04
-1.739786576534608321e+04
-1.232432817974484533e+04
-1.240031737015798717e+04
-1.925599052107610987e+04
1.065106804328589351e+05
9.141897048430677387e+03
4.394784090988412572e+03
6.441394976438847152e+03
1.066802971336345036e+04
2.236120196413192753e+04
9.871503666511866322e+04
-1.489710285378521949e+05
-4.108478310555365169e+05
3.750835023019843356e+04
1.177919084621619368e+04
5.597041717433724443e+03
4.148332668948150967e+03
5.559358255389111946e+03
7.732358420742169073e+03
1.100989834755098855e+04
1.526834497605534852e+04
1.775272350002143503e+04
1.508018380841478756e+04
1.010699164151519653e+04
6.300588608000693966e+03
3.953928443105188308e+03
3.982202755551628343e+03
5.023224349960688414e+03
6.303486257290164758e+03
7.757042378612885841e+03
8.903277350763721188e+03
9.008884457889897021e+03
7.829353090368125777e+03
6.023167705542452495e+03
4.329026767734531859e+03
3.014259589520428108e+03
