2.719454301679571699e+02
2.450649603469991860e+02
2.099542908634591072e+02
1.727124819958865487e+02
1.336606128347234517e+02
1.010162099650374188e+02
5.907769915361556201e+01
2.504805696397403736e+01
5.745320052890024343e+00
8.070563566881620854e-02
5.829058850526710103e+02
4.696022881349390445e+02
3.729626988303289181e+02
2.938768762890231869e+02
2.240655392760249356e+02
1.676539816904592612e+02
1.022324177112054002e+02
4.770378262624380739e+01
1.388987516384019827e+01
1.132547222664488817e+00
1.724346339380660538e+03
1.014282372918080114e+03
6.833168222415448554e+02
4.931732102573450334e+02
3.751397968167535737e+02
2.629584436572447430e+02
1.630413308213277332e+02
8.042832331600881446e+01
2.678067502098436492e+01
3.749723565038717954e+00
-6.910599800770680304e+03
4.021340338530591907e+03
1.475696839554947928e+03
8.725267774024275695e+02
6.045320782329407621e+02
4.086512032074086846e+02
2.527250727046434235e+02
1.281209405106454540e+02
4.585976089162714686e+01
8.219965121490197646e+00
-1.518403158762928797e+03
-3.578598723956981303e+03
8.915124450005188919e+03
1.959833764041069571e+03
1.090755255927552980e+03
6.811826745738025011e+02
4.102304775135799559e+02
2.074791096477602537e+02
7.555890903025115790e+01
1.493060079628326164e+01
-9.314557108533259679e+02
-1.405259248474488459e+03
-2.816748654176727541e+03
-4.901593969412439037e+04
3.425351727213683716e+03
1.568164637658763013e+03
8.473912663648148964e+02
3.973761552784854985e+02
1.331264926943069327e+02
2.502924352360445681e+01
-6.843810318846337850e+02
-8.899697172385184558e+02
-1.238788068497826089e+03
-1.899848570815123821e+03
-3.025931221353300316e+03
-5.178714326862416783e+03
-1.816597068318172023e+04
2.586325220660743980e+03
3.475799731534269199e+02
4.246237895931946582e+01
-5.346811331276664987e+02
-6.357062780870053302e+02
-7.626440127488265261e+02
-9.114559491371455806e+02
-9.602311481608550139e+02
-8.726633651419126636e+02
-6.886320159515266823e+02
-5.225150188307929966e+02
-6.250026610199682864e+02
8.369217185488564326e+01
-4.298524059064927769e+02
-4.755250536504809702e+02
-5.195735694513942917e+02
-5.562550157218404365e+02
-5.192983764063302488e+02
-4.281863968029020953e+02
-3.146403333311241113e+02
-2.148463925001743462e+02
-1.560642307861538143e+02
2.156809263531837928e+02
-3.571961628160983651e+02
-3.673189448609576857e+02
-3.905689395741928251e+02
-3.740171356300438674e+02
-3.278235552493674732e+02
-2.594758922790991846e+02
-1.868892645520746498e+02
-1.261130027820419599e+02
-9.021106055787913647e+01
7.608027241695009479e+01
