-4.365781967256958160e+04
-2.988423846815167417e+04
-2.203365556735831342e+04
-1.717568705460598358e+04
-1.413186170179169130e+04
-1.240345501044402772e+04
-1.197775521112438764e+04
-1.347253403551417068e+04
-2.039022481517277993e+04
-1.125807490248423128e+05
-1.025601201731448527e+05
-5.671125520222467458e+04
-3.785486079835127020e+04
-2.798014777881111877e+04
-2.234808026890252586e+04
-1.928927215329043975e+04
-1.840487381948027542e+04
-2.043592547372162517e+04
-3.043323613307685446e+04
-1.750330090780095488e+05
-7.167255737923547858e+05
-1.328790143467900052e+05
-7.004984763726459641e+04
-4.683842771665894543e+04
-3.557658075554183597e+04
-2.993515594138279266e+04
-2.824806564399855415e+04
-3.143409886215721053e+04
-4.867018694169873925e+04
-1.213089109393041348e+06
2.490963029029040772e+05
-1.150647677625937853e+06
-1.620483379719324585e+05
-8.592057636209255725e+04
-5.963084444915325003e+04
-4.837174272080935043e+04
-4.540667703978157078e+04
-5.224425932725048187e+04
-9.597922195986355655e+04
2.014168003477306047e+05
1.317693733419657510e+05
2.734372478381433757e+05
-1.884703539632508997e+06
-2.106808749994853279e+05
-1.167215522629362385e+05
-8.860683824973517039e+04
-8.420490575094819360e+04
-1.104070767373086564e+05
-6.336376687401696108e+05
8.843404807128927496e+04
9.985050029210998036e+04
1.459326563481109042e+05
2.797129899395063403e+05
2.518766665949276648e+06
-4.330639712453307002e+05
-2.527839005119959766e+05
-2.690405487142889760e+05
-1.712236891917153960e+06
1.554797121196388616e+05
5.566450945466084522e+04
8.528173857822781429e+04
1.085399385789106454e+05
1.489809348711707571e+05
2.256447854514041974e+05
3.692529329535566503e+05
4.878077340561968158e+05
3.180498066858882084e+05
1.469342028214789752e+05
7.233004108698377968e+04
4.044389751212891861e+04
7.693855856537850923e+04
9.049064490323304199e+04
1.083305395671595907e+05
1.291226990270542883e+05
1.448553374077639892e+05
1.396750769259495428e+05
1.099058480189861002e+05
7.465614555039434345e+04
4.833853164281962381e+04
3.184724005881262929e+04
7.140775506333074009e+04
7.961504154889409256e+04
8.812441156673974183e+04
9.458908204867878521e+04
9.499219008052696881e+04
8.604038118898226821e+04
6.960006228457269026e+04
5.173261788531753700e+04
3.699074730863133300e+04
2.644034133287697477e+04
6.732154613717492612e+04
7.214171576915122569e+04
7.577737187818565872e+04
7.659355206123378593e+04
7.284811587903856707e+04
6.417207098214589496e+04
5.242721649847278604e+04
4.051105094735544117e+04
3.044068442674957987e+04
2.280282707721130282e+04
