-4.008603766383353104e+03
-1.622717874357308210e+04
-2.640405803899312377e+04
-3.476106504554908315e+04
-4.304783981231794314e+04
-5.304005849603092793e+04
-6.806448617382471275e+04
-9.807851148648104572e+04
-2.053733489777642826e+05
5.284132263272251002e+05
2.645910246446107340e+04
-1.014938890686490777e+04
-2.718198647968419027e+04
-3.858759384209293785e+04
-4.863202235029848816e+04
-6.000397299288998329e+04
-7.658727333409684070e+04
-1.090905197039122431e+05
-2.207256952243691776e+05
7.196480285911962856e+05
3.249221823217165074e+05
1.333286326954092874e+04
-2.456326768888319566e+04
-4.186906663963262690e+04
-5.465063031181224505e+04
-6.807763652716182696e+04
-8.728659521211008541e+04
-1.253658079170647979e+05
-2.631436665278924047e+05
6.374577941946822684e+05
-1.782614112106589309e+05
2.456741522393717605e+05
-1.088346937307495318e+04
-4.397656715599471499e+04
-6.186833861565070401e+04
-7.900626313477489748e+04
-1.036169120813561167e+05
-1.559241258853345935e+05
-4.009668764712410048e+05
3.875252126275319606e+05
-1.156964962838006904e+05
-1.778972105645289412e+05
1.017466382446978241e+05
-4.311122146015638282e+04
-7.325088595252054802e+04
-9.821346195223733957e+04
-1.364490948788241658e+05
-2.372126160867107683e+05
-2.576095749238263816e+06
2.166552876253982831e+05
-1.024127864559280861e+05
-1.156866053903945722e+05
-1.560068384292481060e+05
-1.547976701853290797e+04
-1.059498067642853421e+05
-1.524287092208326503e+05
-2.490866051034911070e+05
-9.845501592734352453e+05
3.540719750006978284e+05
1.258865167648157949e+05
-9.864647944448589988e+04
-1.018313556530386559e+05
-1.006041792709147994e+05
-7.183032017939457728e+04
2.690005992167916265e+05
-1.021131856625097431e+07
8.550632608369188383e+05
2.638420016054245643e+05
1.311381494459828245e+05
7.697913575333869085e+04
-9.790463231694976275e+04
-9.670837990610511042e+04
-8.856322955096422811e+04
-6.343142178517722641e+04
-7.339161360227238220e+03
6.485808206592845818e+04
9.748584264056263783e+04
8.795651156027537945e+04
6.721223560288563021e+04
4.877374516184457752e+04
-9.815934759003642830e+04
-9.426387768357768073e+04
-8.352618898952928430e+04
-6.156762568551064032e+04
-2.723760019178529183e+04
9.650712456898343589e+03
3.365126051741449919e+04
4.088458570757014240e+04
3.793581588824154460e+04
3.130909149517282640e+04
-9.863006958251455217e+04
-9.278321867194186780e+04
-8.073637842748085677e+04
-6.079083725962637254e+04
-3.459871362869262521e+04
-8.592311347003795163e+03
1.013330407464064774e+04
1.938440387718526836e+04
2.151100133334563725e+04
1.976786305067750436e+04
