2.141801305418900029e+03
2.013427690503952590e+03
1.935065613637659908e+03
1.920194493749271260e+03
1.977705253274851884e+03
2.149158006470911005e+03
2.464631647747774423e+03
3.103573700697669665e+03
4.578167419257660185e+03
8.807362971768301577e+03
4.590451727255644983e+03
3.539367974522472196e+03
3.033027241964342011e+03
2.799491464461897067e+03
2.746827965071098333e+03
2.882525100876962824e+03
3.243548570113914593e+03
4.096106426787519013e+03
6.500595449362973341e+03
2.295040056729238859e+04
2.453606320720206713e+04
7.819513357630414248e+03
5.185443125609074741e+03
4.237959753511355302e+03
3.883247109506484776e+03
3.909452593196415819e+03
4.314614978528175925e+03
5.493939551395365925e+03
9.588725307556447660e+03
-1.373156862878641579e+06
-1.080907881234450724e+04
9.887480439102559467e+04
1.148252946356325083e+04
7.122546187094345441e+03
5.861205042400433740e+03
5.584252515642891012e+03
6.094000103489172034e+03
8.101589341756207432e+03
1.845351914559462966e+04
-2.202949837346751156e+04
-5.015820191538857216e+03
-1.172849672409828599e+04
1.878649239264076650e+08
1.673339179865488040e+04
1.044978314643854901e+04
9.174649098406658595e+03
1.013908790210384723e+04
1.600751219855285126e+04
-3.861864063703945721e+05
-1.005929878105983335e+04
-3.428936653176954223e+03
-5.942278581063177626e+03
-1.297934790900141707e+04
-7.478505794461611367e+04
3.934508342359242670e+04
2.469857845304150396e+04
3.188079496802887297e+04
-2.562483539295324008e+05
-1.461148373258173888e+04
-6.042441203931583914e+03
-2.646834878795640179e+03
-4.061230250791114486e+03
-6.653044926324721018e+03
-1.190298137048317585e+04
-2.244654652322700349e+04
-3.347688499485804641e+04
-2.487822602091575027e+04
-1.294062168056848168e+04
-6.939896863515657969e+03
-4.101319247122110028e+03
-2.154656967789822374e+03
-3.081990977479143567e+03
-4.457002905169170845e+03
-6.398225033941476795e+03
-8.527545160950774516e+03
-9.577682673447743582e+03
-8.502339050218482953e+03
-6.313989031741340114e+03
-4.359482749955028339e+03
-3.000728937353071160e+03
-1.802239975703924529e+03
-2.457906876180107702e+03
-3.305397193215730567e+03
-4.294734884266361405e+03
-5.132585629390229769e+03
-5.416695359246358748e+03
-4.957772176019910148e+03
-4.044740008144177409e+03
-3.092775778022110444e+03
-2.318227734719017008e+03
-1.533536136529183750e+03
-2.017602913886463739e+03
-2.599609839647959234e+03
-3.172104782100831926e+03
-3.591962663526699544e+03
-3.688616268361462062e+03
-3.419815144021278684e+03
-2.916398672564703247e+03
-2.360754192129167677e+03
-1.875007520137124402e+03
