1.074940667096228572e+04
9.886404648987994733e+03
9.570412329665210564e+03
9.670454142970413159e+03
1.019187471346508210e+04
1.130410823101386995e+04
1.342756386240193024e+04
1.800396000180586634e+04
3.219678701656374687e+04
2.427262715044188313e+06
2.365802484118278517e+04
1.700829288305783848e+04
1.456234523768696090e+04
1.367789897106301214e+04
1.373587350192959457e+04
1.471765578948192342e+04
1.704765410843397694e+04
2.244498435857731238e+04
3.983279371577446727e+04
-2.980736871149356943e+06
3.811810450713357423e+05
3.883070987626435090e+04
2.463919010175720177e+04
2.037187008600866830e+04
1.909885461834390298e+04
1.964944617024397303e+04
2.226249679096702312e+04
2.922292428787600511e+04
5.442908907723407174e+04
-3.095849156379791093e+05
-3.401291140330646886e+04
-1.138854701954759657e+06
5.628746408274067653e+04
3.421701081648735271e+04
2.859905163954541786e+04
2.792086926056677476e+04
3.120861169919234453e+04
4.238664583304646658e+04
9.867559226999747625e+04
-1.126549299036140583e+05
-1.767737691077998534e+04
-4.275474149747921911e+04
-5.807505899563995190e+05
8.407968835559826402e+04
5.172745730989747972e+04
4.625819953981133585e+04
5.214292742936119612e+04
8.292148882889846573e+04
9.092885580073082447e+07
-5.730682149836960889e+04
-1.231640978211480433e+04
-2.290833108396983152e+04
-5.147312390849007352e+04
-2.385109337737254100e+05
2.292035066005230765e+05
1.338536385691012547e+05
1.751901964209631551e+05
-1.270851626144750509e+06
-8.199498491751785332e+04
-3.455087585674516595e+04
-9.497640729431233922e+03
-1.581206861519505219e+04
-2.730639809464916834e+04
-4.988023164113875828e+04
-9.290676192076402367e+04
-1.377293614029659075e+05
-1.133241688751808106e+05
-6.567272495417264872e+04
-3.761313679200095794e+04
-2.311056181811284478e+04
-7.649593819410809374e+03
-1.197035970930937401e+04
-1.839051250263490874e+04
-2.737058235441843863e+04
-3.744154195518929919e+04
-4.333525897403609270e+04
-4.037702474998119578e+04
-3.178704999643416522e+04
-2.314478785309045270e+04
-1.657982484781408493e+04
-6.275903113994016167e+03
-9.450836572503996649e+03
-1.358066628839660007e+04
-1.839234339437283052e+04
-2.271652054695362676e+04
-2.476422028873631280e+04
-2.358858449643124914e+04
-2.014914023784173696e+04
-1.611163567243338548e+04
-1.251032805022489265e+04
-5.180504772580658027e+03
-7.617427468065674475e+03
-1.051348492902101316e+04
-1.347973297374616959e+04
-1.582975658335894514e+04
-1.680263454982784242e+04
-1.614864322479429757e+04
-1.431836393971711004e+04
-1.202807738646834150e+04
-9.810506661519690169e+03
