1.298823766588597064e+05
1.138481741659360414e+05
1.073304573286273808e+05
1.067599684445117891e+05
1.115174760716446472e+05
1.230779662323771045e+05
1.464615862275053514e+05
1.984336177102536312e+05
3.695435565961435786e+05
-4.084684098739822395e+06
2.991612301924452768e+05
1.999436706841996347e+05
1.656243934225501725e+05
1.526627721174364269e+05
1.516291394975604198e+05
1.614144600725293567e+05
1.868696137202511600e+05
2.475123885610253783e+05
4.504638234277660958e+05
-5.895894410816453397e+06
2.912207895449649170e+07
4.742435882403638680e+05
2.856524177288627252e+05
2.306247425796669850e+05
2.133047265404788486e+05
2.176758120071614976e+05
2.460483026050256449e+05
3.240609379312839010e+05
6.148420584382762900e+05
-2.745228467246288434e+06
-3.964140938878820743e+05
-6.553820850809085183e+06
6.742549869491249556e+05
3.947427854480065289e+05
3.239777538283023168e+05
3.133032470554282190e+05
3.487887162950251368e+05
4.745177654222239507e+05
1.126249151002032449e+06
-1.199039361959887203e+06
-2.190925354323535576e+05
-5.036507882756136823e+05
-5.285272605272688903e+06
1.004953810025026207e+06
5.989336303049996495e+05
5.284971216838653199e+05
5.923964683182151057e+05
9.449021349044475937e+05
-6.160491835967062414e+07
-6.360730889873293927e+05
-1.592856898799607297e+05
-2.817087683687621611e+05
-6.055506821747432696e+05
-2.554625459391705226e+06
2.898207979361199774e+06
1.603149554584902478e+06
2.100065029468213208e+06
-1.087755896517396905e+07
-9.130757381325941533e+05
-3.897785628404360614e+05
-1.280020097235761205e+05
-2.011952438681312487e+05
-3.324539274092786363e+05
-5.840450778784465510e+05
-1.046104271395348245e+06
-1.502580818118596682e+06
-1.243313861261538696e+06
-7.340044322883760324e+05
-4.253821284710502950e+05
-2.633029912654992659e+05
-1.076959153726048389e+05
-1.576081614272176521e+05
-2.304438593566138588e+05
-3.297407401432323386e+05
-4.377210805285956594e+05
-4.966369388520732755e+05
-4.591525697671331000e+05
-3.617686740021836013e+05
-2.645237553313964745e+05
-1.904109765810419631e+05
-9.266205351084978611e+04
-1.290266295109119965e+05
-1.751841534550096840e+05
-2.271401266960329958e+05
-2.718101917149554938e+05
-2.900584306014804752e+05
-2.731262971600806923e+05
-2.323846084500715660e+05
-1.859228725596013828e+05
-1.447147252339859842e+05
-8.058371253705407435e+04
-1.081300323253727984e+05
-1.396205947406209016e+05
-1.706518998733889603e+05
-1.935006000189817569e+05
-2.005060130811706185e+05
-1.899113783126953640e+05
-1.671696231192629202e+05
-1.400765245981621847e+05
-1.141964222095852310e+05
