1.103186818326387584e+04
9.264493071398333996e+03
8.371249843057808903e+03
8.025779426350917674e+03
8.132639720576356012e+03
8.773949217618219336e+03
1.023102590066385528e+04
1.357318773464687001e+04
2.410131021699811390e+04
7.775384506506699836e+05
2.555246867679480783e+04
1.655747924773778141e+04
1.313744990212070115e+04
1.164624874836561139e+04
1.119806504049616706e+04
1.163027393544679944e+04
1.319129204548079178e+04
1.716755846457975713e+04
3.039989135605115007e+04
-1.896929639463077299e+06
5.674703623409845168e+05
3.951051726721419982e+04
2.295111021872466881e+04
1.779506670433960971e+04
1.589993349934561957e+04
1.579909121440899253e+04
1.748223132824072673e+04
2.265849604965556864e+04
4.231225726108214440e+04
-2.118801629393854237e+05
-3.846112464057008765e+04
-7.669772980123446323e+05
5.463795442329809885e+04
3.074523205973696531e+04
2.434841018181988693e+04
2.286510014400196087e+04
2.490180270554630988e+04
3.340219682178191579e+04
7.932282255742508278e+04
-8.118351006981219689e+04
-2.112399294234606350e+04
-4.486291759125340468e+04
-4.534009663522134651e+05
7.895941874951460341e+04
4.530204490494621132e+04
3.875894278224286245e+04
4.251680335024921078e+04
6.736665053174932837e+04
-1.444121272541736253e+06
-4.239157913896250830e+04
-1.548954252779910166e+04
-2.517688107745262823e+04
-5.054601344780784711e+04
-2.012288056832626462e+05
2.213551650923754205e+05
1.184049593188088911e+05
1.533388909151261905e+05
-6.136908284998815507e+05
-6.074752921410409181e+04
-2.599295495934065548e+04
-1.260517933829366666e+04
-1.815018552882821314e+04
-2.796347014070901059e+04
-4.651656141094883787e+04
-7.980350543137858040e+04
-1.105236703239615308e+05
-8.825530426034213451e+04
-5.065799590486694069e+04
-2.880556447718807976e+04
-1.762551159411297704e+04
-1.076998629421628721e+04
-1.438910900493467307e+04
-1.957656343765219935e+04
-2.649712520663625401e+04
-3.365756311137590819e+04
-3.683182112814009452e+04
-3.297471795214664598e+04
-2.526249185226703048e+04
-1.806878325740303990e+04
-1.281243977141993309e+04
-9.440897394012510631e+03
-1.195358969367066311e+04
-1.506314912969201578e+04
-1.844269989088575312e+04
-2.108289968380760547e+04
-2.167451818232096775e+04
-1.976559178717598843e+04
-1.635915648831579347e+04
-1.279904035512940754e+04
-9.805775602936349969e+03
-8.402579147153459417e+03
-1.020265255830169735e+04
-1.220219290575803279e+04
-1.403592113643342418e+04
-1.517368422215132705e+04
-1.512596780472099272e+04
-1.386753641669213903e+04
-1.187575242768301723e+04
-9.734174607939721682e+03
-7.816033253663161304e+03
