1.098253637612439525e+04
8.822843481590236479e+03
7.694913185313303075e+03
7.183708595567704833e+03
7.154556528703725235e+03
7.667039267116140763e+03
8.989437814895120027e+03
1.221943757345191443e+04
2.342230573537477540e+04
-2.071654447559703549e+05
2.773931036185109770e+04
1.678170698703929156e+04
1.271633078005268544e+04
1.089922217160925538e+04
1.023810569749599381e+04
1.049803839219978909e+04
1.189380447725158956e+04
1.572319415310479781e+04
2.956375670756737236e+04
-2.132843013813647849e+05
-3.331157557541617658e+06
4.326071784650864720e+04
2.329755468824948548e+04
1.729014677720419422e+04
1.499636226103479021e+04
1.462738945320919629e+04
1.606724160673999540e+04
2.097629303515526044e+04
4.096017228145697300e+04
-1.353207263936216477e+05
-4.023403843737229181e+04
-4.284413933546415064e+05
5.821806965558267984e+04
3.074693394436141534e+04
2.349009772892122055e+04
2.155023740923290825e+04
2.317097214689361499e+04
3.105354779020137721e+04
7.604784194451090298e+04
-7.105915417380188592e+04
-2.383952281482969920e+04
-4.811838362998627417e+04
-4.444388906176496530e+05
7.934276870690389478e+04
4.397069076682645391e+04
3.669231338487269386e+04
3.951803667191546992e+04
6.158049549970147200e+04
-2.518051864430820104e+06
-4.033817285268787236e+04
-1.837779278330778106e+04
-2.866689277948169183e+04
-5.625719141660580499e+04
-2.473442039331424749e+05
1.863271517473564309e+05
1.045170550219321885e+05
1.286847707006614219e+05
-1.480179484150471399e+06
-6.155542025430945796e+04
-2.552463369082317149e+04
-1.559420210125549238e+04
-2.155215025551824874e+04
-3.225610928786511795e+04
-5.320193193009131937e+04
-9.355157446271584195e+04
-1.334938471914174734e+05
-1.004885945360876212e+05
-5.348277418921492063e+04
-2.924323130830935042e+04
-1.763866632040514742e+04
-1.383008667251561383e+04
-1.770602731344017593e+04
-2.327261612579227221e+04
-3.070866977808322190e+04
-3.827291169171913498e+04
-4.097800926446812082e+04
-3.559761998077006137e+04
-2.646673400912181387e+04
-1.854749444389078781e+04
-1.303638769894625875e+04
-1.254551387794004222e+04
-1.518986489597209220e+04
-1.841118464262993075e+04
-2.179990316019077000e+04
-2.418972183899167430e+04
-2.415935012165131047e+04
-2.142316542520100484e+04
-1.731830451177756913e+04
-1.333811481234334860e+04
-1.014995460100225318e+04
-1.152839421875524567e+04
-1.335990004492094704e+04
-1.531243713948265395e+04
-1.695618554169018898e+04
-1.770636854840071101e+04
-1.710025092153411970e+04
-1.524920561102836291e+04
-1.277849929286978659e+04
-1.032727675052740778e+04
-8.242390049220755827e+03
