1.953969668843555701e+04
1.689551009112810425e+04
1.572777916418379573e+04
1.550434808356249596e+04
1.612082758818542789e+04
1.781379208502709298e+04
2.135260650285323209e+04
2.951701606830684250e+04
5.873872094831693539e+04
-2.519403771773788612e+05
4.767529347947905626e+04
3.088236677632317878e+04
2.501784756474587630e+04
2.271072126169961848e+04
2.234646685866603002e+04
2.371358151885349798e+04
2.753570687208879099e+04
3.701062078372566612e+04
7.115876670715355431e+04
-3.508520136973910267e+05
-1.524296576297896681e+06
7.763935526131957886e+04
4.444656283851774060e+04
3.499059678607756359e+04
3.187776817866389683e+04
3.228170116966596834e+04
3.644125661202931224e+04
4.843983581040393619e+04
9.623048145342651696e+04
-2.798127119712902931e+05
-6.086477697477998299e+04
-6.121069932590610115e+05
1.089197208381425589e+05
6.075404336607082951e+04
4.880702265929340501e+04
4.662937676898340578e+04
5.165100891541665624e+04
7.060359115957020549e+04
1.757636942531639943e+05
-1.587616027414822893e+05
-3.532563111045455298e+04
-7.782667108452838147e+04
-7.011929749437420396e+05
1.548176040891110606e+05
8.980450279461379978e+04
7.813013622178901278e+04
8.686718089221164701e+04
1.383569278797291627e+05
-5.161247997645766474e+06
-9.117821595529551269e+04
-2.650580819890612111e+04
-4.544555117989746213e+04
-9.636263576307093899e+04
-4.343350509353198577e+05
3.868802800028009224e+05
2.222899682376841956e+05
2.837111684451606707e+05
-2.756693448141467292e+06
-1.372872069758437865e+05
-5.736100862778114242e+04
-2.186259176708341329e+04
-3.332879298313826439e+04
-5.423425128491861688e+04
-9.567229317391775839e+04
-1.766270242173940060e+05
-2.615333288881445769e+05
-2.067926956144164724e+05
-1.148454337885869318e+05
-6.434418341706012143e+04
-3.919578767447022983e+04
-1.882977288982620303e+04
-2.666603020388713048e+04
-3.823013880859108031e+04
-5.422630092508361849e+04
-7.169495346453014645e+04
-8.058056745806724939e+04
-7.294755357784236548e+04
-5.605952252581260109e+04
-4.018256547630405839e+04
-2.856468283905429780e+04
-1.656583802514950366e+04
-2.224500881578148255e+04
-2.948450928276361446e+04
-3.763270883841044270e+04
-4.444078445721722528e+04
-4.670751802610242157e+04
-4.317362868748019537e+04
-3.604953875847499148e+04
-2.839860980311668391e+04
-2.187525635429053727e+04
-1.473556102849599301e+04
-1.898732617894087161e+04
-2.384525384221415516e+04
-2.853808618690912044e+04
-3.178602630324131678e+04
-3.236178536836006970e+04
-3.011017435251439383e+04
-2.607059830003813113e+04
-2.155637873855387807e+04
-1.741980944468292000e+04
