2.354077867989787137e+03
2.199431437604577695e+03
2.111464683511176645e+03
2.101790259817290007e+03
2.180056826180275493e+03
2.395036500148924461e+03
2.800143434643356159e+03
3.657346510338324151e+03
5.916581419864491181e+03
1.708660942998632527e+04
5.197049514798386554e+03
3.881196994014446318e+03
3.286332629585250288e+03
3.025504327356565682e+03
2.978308068717843980e+03
3.150217097875716718e+03
3.599729589630589999e+03
4.686507455337409738e+03
8.096246997604373973e+03
7.687198836459731683e+04
4.855461240413605992e+04
9.017715419064314119e+03
5.638680081967918341e+03
4.531965618842290496e+03
4.139959227856980760e+03
4.185708516275032707e+03
4.676296142793748913e+03
6.118127069892450891e+03
1.166442071271170789e+04
-5.308455736147955031e+04
-8.663755049897974459e+03
-1.856328479190604121e+05
1.314136285624862830e+04
7.593592808561367747e+03
6.148184884550777497e+03
5.856364709581906936e+03
6.458650404893092855e+03
8.845921742164226089e+03
2.333807593730513690e+04
-1.743639537621778436e+04
-4.306098525064177011e+03
-9.535760478668820724e+03
-8.979742488052841509e+04
1.868164317917311928e+04
1.089311682358249709e+04
9.473464515178760848e+03
1.060083178906155263e+04
1.772350964472332998e+04
-9.128912722098524682e+04
-9.058255266645222946e+03
-2.919334455343168429e+03
-5.047478519230439815e+03
-1.071370738740674096e+04
-4.644013009367412451e+04
4.654825520236305601e+04
2.640551073372015162e+04
3.589567908144671674e+04
-9.935970267017534934e+04
-1.270122672331533431e+04
-5.519618073454005753e+03
-2.187142669638852112e+03
-3.400908492993733944e+03
-5.618676743353486927e+03
-1.005557469261726510e+04
-1.867508802866807309e+04
-2.729346262694256802e+04
-2.080930346042774181e+04
-1.123018293734369217e+04
-6.159747792970286355e+03
-3.690901314880629798e+03
-1.705543764034375727e+03
-2.495532582076329618e+03
-3.680511440351877354e+03
-5.374408393075089407e+03
-7.256484520094150866e+03
-8.219808778324602827e+03
-7.336639556374063432e+03
-5.476199119237263403e+03
-3.802401525947807841e+03
-2.632955115270361603e+03
-1.351990102999405735e+03
-1.901492630355690153e+03
-2.626305932822943305e+03
-3.492852347462748639e+03
-4.248586478343694580e+03
-4.536159242478516717e+03
-4.177862526549699396e+03
-3.420579673922804432e+03
-2.623929870805841347e+03
-1.975146308474594889e+03
-1.080022097528356653e+03
-1.477504946110124592e+03
-1.970768589062707633e+03
-2.471525202559075296e+03
-2.858793074945137505e+03
-2.978726211659190540e+03
-2.785724880222674074e+03
-2.387887243812146608e+03
-1.940983633118270745e+03
-1.550461695254998631e+03
