2.347498768562246823e+03
2.955466845166702115e+03
3.394630847133728366e+03
3.837707250666088839e+03
4.395340102324501458e+03
5.228627797200686473e+03
6.615097557697629782e+03
9.531720201315112718e+03
1.948050156512342801e+04
-1.025457721304394217e+05
4.408575159034276112e+03
4.847304854864147273e+03
5.043309444529291795e+03
5.350417536900623418e+03
5.871735143507217799e+03
6.773525866366047921e+03
8.392280187351238055e+03
1.195472983722986828e+04
2.485413225768202756e+04
-8.557872647765424335e+04
3.035588641657695916e+04
1.082150000905512024e+04
8.386262363948066195e+03
7.847583340699500695e+03
8.065402706504997695e+03
8.964103055232220868e+03
1.091377712558759958e+04
1.563696196993470039e+04
3.564645368469582900e+04
-6.007232694263966550e+04
-4.983254367795635517e+03
-6.140898395639745286e+04
2.014319460415858339e+04
1.312205078761242657e+04
1.196716464721990269e+04
1.264012419527972270e+04
1.529999646201257019e+04
2.317330995518360214e+04
8.027674786177503120e+04
-3.685491031503675913e+04
-1.684526624370797663e+03
-7.342625330143846440e+03
-5.559272868728396861e+04
3.550882851536125236e+04
2.193858890152445383e+04
2.113089426112625370e+04
2.627257014147121663e+04
5.112506668777284358e+04
-1.290137388398386975e+05
-2.271219633433925264e+04
-5.685167463835236958e+02
-3.381633967454748927e+03
-1.083480966692767288e+04
-4.626303444237174699e+04
1.567042431694162660e+05
7.295773708198551321e+04
1.260280509259454848e+05
-1.241300531436094316e+05
-3.003713131903157773e+04
-1.478652189599467965e+04
-3.673339059649731553e+01
-1.781496980115517090e+03
-5.390744222109915427e+03
-1.275853872792200673e+04
-2.675791925456473473e+04
-4.163286625039010687e+04
-3.759321438439828489e+04
-2.455928279081803703e+04
-1.545384343928899216e+04
-1.019987151054600326e+04
-1.822264724035122526e+03
-8.652152184688112584e+02
-3.135101350064376675e+03
-6.692997710596949219e+03
-1.118342724259533861e+04
-1.466013441144798708e+04
-1.490205895223529478e+04
-1.259156988899622047e+04
-9.753948356582495762e+03
-7.388543699725064471e+03
1.854177626019514037e+03
-2.874280746782453093e+02
-1.855079956942003491e+03
-4.073153912724725615e+03
-6.469421430773119937e+03
-8.221345052339131144e+03
-8.671321147143817143e+03
-7.984088793348116269e+03
-6.788422476357036430e+03
-5.567367297846831207e+03
1.862638599228336943e+03
-4.146233541651492160e+00
-1.036306392030868892e+03
-2.590181249085122090e+03
-4.169492210742419957e+03
-5.323007622114456353e+03
-5.768309470645896909e+03
-5.572340210162930816e+03
-5.008769883077953637e+03
-4.333980024813830823e+03
