2.207924775328993201e+04
1.598740980778031189e+04
1.276088494191643076e+04
1.105366270090961552e+04
1.038687888118734190e+04
1.071891497028245431e+04
1.242726119897120770e+04
1.730063223820306666e+04
3.709238603815656097e+04
-1.074081434088712849e+05
6.097527346728154953e+04
3.194756997107366260e+04
2.193291705427485795e+04
1.736475482844957878e+04
1.533377817531388246e+04
1.508086055739878611e+04
1.681775945470425722e+04
2.268148998683407626e+04
4.781719420920692210e+04
-1.201662271111440641e+05
-4.645223131461457233e+05
9.304835246453755826e+04
4.256614667413077404e+04
2.874602115863599829e+04
2.328263428795790242e+04
2.168714904978343475e+04
2.337670965057325884e+04
3.117544205462266473e+04
7.065932079128712940e+04
-1.008506294955273042e+05
-7.017707130020731711e+04
-3.211953706313442090e+05
1.238986266683239373e+05
5.471636563244232821e+04
3.831561801617643505e+04
3.335964998040901992e+04
3.518850953142387152e+04
4.890096392281301814e+04
1.699863031143154076e+05
-6.830323140411016357e+04
-4.484124301144779747e+04
-7.831084740330495697e+04
-3.168416049309254740e+05
1.754968224555956258e+05
7.921671666530366929e+04
6.153497785632376326e+04
6.567536423304781783e+04
1.168569007087025966e+05
-2.430208010273503314e+05
-4.458961765739904513e+04
-3.591106918660380325e+04
-5.047729968940953404e+04
-8.496123766776121920e+04
-2.253898532830896147e+05
8.364865388177440036e+05
2.545486449599938642e+05
3.911251804319097428e+05
-2.589384584739191050e+05
-6.348082886828274059e+04
-3.038260286736781927e+04
-3.137008528843535169e+04
-3.959506363346862781e+04
-5.325745462684859376e+04
-7.657564874133050034e+04
-1.113734954427506600e+05
-1.320839461159294005e+05
-1.010133498987135972e+05
-5.945508265389817825e+04
-3.477868467508658068e+04
-2.194084702111503066e+04
-2.855372628417482338e+04
-3.361917230484601168e+04
-4.032145212662190897e+04
-4.820872932057105936e+04
-5.448024313455587981e+04
-5.394106956936902861e+04
-4.500067735089750931e+04
-3.316349746248003794e+04
-2.341296003505670160e+04
-1.672561034304263376e+04
-2.655392844289532877e+04
-2.970719136512805926e+04
-3.310585624055118387e+04
-3.597079587003728375e+04
-3.682197252920927713e+04
-3.440419180191873602e+04
-2.912974775880541711e+04
-2.294436890004569068e+04
-1.750260671041118621e+04
-1.336093833751667626e+04
-2.500316156671355202e+04
-2.687533614530962950e+04
-2.844525861877812713e+04
-2.909770288430936853e+04
-2.821094976973182929e+04
-2.557234793842996078e+04
-2.172545846159541179e+04
-1.762283916917839088e+04
-1.399300983307398928e+04
-1.111379892470332197e+04
