3.961413185808266007e+03
3.335540799098016123e+03
2.989858125845938957e+03
2.845931715690013334e+03
2.879776416211997457e+03
3.143216073607924500e+03
3.746051994161924995e+03
5.198636975055573203e+03
1.023883814837961108e+04
-1.277713747140114865e+05
1.035810703848026424e+04
6.519099215118902976e+03
5.024956397281921454e+03
4.359051971295358271e+03
4.140368363173737634e+03
4.310103520183684850e+03
4.971709041227094531e+03
6.792679292384449582e+03
1.406996235786047873e+04
-4.321722809794358909e+04
-1.928764527608444623e+05
1.816435572452179622e+04
9.459216203412213872e+03
6.976514655765299722e+03
6.063063927133171092e+03
5.973399184209131818e+03
6.678914451252596336e+03
9.095557320024490764e+03
2.097994035025942867e+04
-2.826130289845705192e+04
-1.344200666009372617e+04
-7.154763078518070688e+04
2.619288325354285189e+04
1.267678096874648872e+04
9.526930151498070700e+03
8.753622455004098811e+03
9.597523673292582316e+03
1.369867007359170384e+04
5.098764270856835356e+04
-1.802996818939973673e+04
-8.074497547303215470e+03
-1.535183111999959328e+04
-7.239735861385233875e+04
3.686095440178828721e+04
1.827892790868326483e+04
1.505337056818623932e+04
1.672136296909229713e+04
3.049494536454194167e+04
-6.255917529584602016e+04
-1.154186095288235811e+04
-6.187252177201728955e+03
-9.448578928486258519e+03
-1.756724032873634133e+04
-5.629912582636095613e+04
1.133119968148877379e+05
4.962124678995356226e+04
7.261118654210530804e+04
-8.035301620809688757e+04
-1.665857812428917896e+04
-7.730695514170562092e+03
-5.181919354714529618e+03
-7.094500709474459654e+03
-1.046229287967140772e+04
-1.679781610256351269e+04
-2.789625541294557843e+04
-3.702618680495762237e+04
-2.816937638824404348e+04
-1.575696278154100764e+04
-8.893131935842491657e+03
-5.469898955265055520e+03
-4.518953992049590852e+03
-5.758032959564996418e+03
-7.537616768075751679e+03
-9.919303071610172992e+03
-1.230057026230239717e+04
-1.307693135557605819e+04
-1.126303698714285565e+04
-8.310364671131890645e+03
-5.795745469369265265e+03
-4.073010545940952397e+03
-4.023587058277287724e+03
-4.856919644604616224e+03
-5.885225477736309585e+03
-6.992354969120982787e+03
-7.775650026560727383e+03
-7.759665692368886084e+03
-6.840416668972528896e+03
-5.478911645797468736e+03
-4.183864444992786048e+03
-3.173092387689378484e+03
-3.630481134291371291e+03
-4.194121603869777573e+03
-4.820883715650489648e+03
-5.357075682788916311e+03
-5.616737027882973052e+03
-5.431936946131643708e+03
-4.828621631021112080e+03
-4.020179508646862814e+03
-3.229546880996843811e+03
-2.577536548177080931e+03
