7.109618281257269700e+03
5.232579837577803119e+03
4.203528367256644742e+03
3.668409578009149755e+03
3.496891464931641622e+03
3.711931979505473464e+03
4.470427500631835755e+03
6.573934798631072226e+03
1.554347587515705345e+04
-3.640915363893510221e+04
2.085658706579458521e+04
1.116569044989321083e+04
7.682354833838950981e+03
6.095338886893701783e+03
5.428111748123320467e+03
5.452667526212954726e+03
6.291913064729998041e+03
9.009067808989106197e+03
2.230520061859654379e+04
-3.190951139048365440e+04
-1.503169097815207497e+05
3.556903027135876619e+04
1.581460051378757817e+04
1.056934590513093281e+04
8.561010989579575835e+03
8.085098510158246427e+03
8.977737553670873240e+03
1.275584557866581963e+04
3.669540955161411694e+04
-2.744075834260787087e+04
-2.508939640840441280e+04
-9.368282579549952061e+04
5.155998129165910359e+04
2.114958717645280194e+04
1.459078421122356121e+04
1.276575274055784212e+04
1.384814055617036684e+04
2.084537015479634647e+04
1.527228151678464492e+05
-2.074083202734372753e+04
-1.648634524752826110e+04
-2.757913424024745837e+04
-9.128193986385010066e+04
7.783588671966883703e+04
3.167241692769581277e+04
2.439369927011961408e+04
2.701388479348787223e+04
5.840906568123248144e+04
-5.357186084638354077e+04
-1.478290774459687236e+04
-1.347046549704857352e+04
-1.848185800670255048e+04
-2.996997316066887652e+04
-7.145725456220659544e+04
9.374765380459000589e+05
1.228857281941223482e+05
2.786188281347529846e+05
-6.628796485580415174e+04
-2.070745181052820772e+04
-1.063345443780147434e+04
-1.194922992930606415e+04
-1.482190255347254242e+04
-1.956114188679130530e+04
-2.754257989534724402e+04
-3.903177773075876030e+04
-4.515839732653729880e+04
-3.440913000281989662e+04
-2.054666419743093502e+04
-1.226938057643954380e+04
-7.938764038136981071e+03
-1.100788194739172650e+04
-1.277742292987306610e+04
-1.511953113002273494e+04
-1.788094567436362922e+04
-2.002952939662939389e+04
-1.969921217056969181e+04
-1.634969996189899939e+04
-1.203256941587438268e+04
-8.542329266445191024e+03
-6.189381053407472791e+03
-1.033655859513618088e+04
-1.141904032573868972e+04
-1.258236335394766320e+04
-1.355772548771951006e+04
-1.378912457456798620e+04
-1.282309416218260230e+04
-1.081738827503275934e+04
-8.509531960350350346e+03
-6.516489888520452041e+03
-5.032226131297205939e+03
-9.815242056234636038e+03
-1.042625249189426722e+04
-1.093095894125689119e+04
-1.109028653440765993e+04
-1.068908125615789686e+04
-9.649982031779303725e+03
-8.177913581988428632e+03
-6.634280438901778325e+03
-5.293464552287831793e+03
-4.256357434487519640e+03
