9.066759771395478310e+03
9.092308411977917785e+03
9.365191979158624235e+03
9.971384742572516188e+03
1.104646187889473913e+04
1.293279821376457039e+04
1.647882691440397684e+04
2.493636806381482529e+04
6.622775841016636696e+04
-6.778321089099190431e+04
2.202557556004316939e+04
1.648087194447098955e+04
1.472584204128004058e+04
1.443315855151448704e+04
1.514733707929963748e+04
1.706072002000704379e+04
2.111705282256735154e+04
3.121775936644209287e+04
8.121641994497628184e+04
-8.176232502164669859e+04
-1.325164066042061022e+05
4.619822005207740585e+04
2.668096336447875365e+04
2.224239605981027853e+04
2.150020143623714830e+04
2.310618270309500440e+04
2.790495012228581254e+04
4.127754321577397059e+04
1.210798264563136763e+05
-8.051717756292139529e+04
-1.873756202849773399e+04
-9.352030139518283249e+04
7.945773939016702934e+04
4.016833318039197911e+04
3.334909226906996628e+04
3.366395681645917648e+04
4.022215372942179965e+04
6.353904740196275088e+04
4.391971538496444118e+05
-6.332222262678181869e+04
-1.035512836036082626e+04
-2.537179219735757579e+04
-1.091005579358575633e+05
1.394790866792467423e+05
6.687874373751683743e+04
5.993114260667348572e+04
7.391611391469599039e+04
1.679563638980791438e+05
-1.673480793514756660e+05
-4.454993535692439764e+04
-7.038221458706292651e+03
-1.484014222226926358e+04
-3.351102928120601428e+04
-1.019413724658474966e+05
7.322278587227127515e+06
3.048068549384142971e+05
8.603687194314562948e+05
-1.800741084683802910e+05
-5.993129842661806470e+04
-3.091980446882825709e+04
-5.094119064962446828e+03
-1.024910929045963348e+04
-1.947441837114001100e+04
-3.649365599730615941e+04
-6.454688005286284897e+04
-8.872862647213581658e+04
-7.832852546804411395e+04
-5.235439515876448422e+04
-3.336822204227178008e+04
-2.202980035839444827e+04
-3.713826890620313407e+03
-7.492716676208006902e+03
-1.322261973730008685e+04
-2.131149026562178915e+04
-3.043929824855185871e+04
-3.620050745811116940e+04
-3.483657937145950564e+04
-2.861117098840171093e+04
-2.177968631202191682e+04
-1.625547070035662000e+04
-2.631697476640153127e+03
-5.559966900394860204e+03
-9.533718937496358194e+03
-1.434936620877987843e+04
-1.892735875549910270e+04
-2.155227219526746558e+04
-2.124443755384285396e+04
-1.874253994341597718e+04
-1.547614065609797035e+04
-1.239978976974263242e+04
-1.745262149640888765e+03
-4.092307901988649974e+03
-7.056647423765900385e+03
-1.028605776479786437e+04
-1.309055584155076031e+04
-1.465531429187497088e+04
-1.464347460501657042e+04
-1.341101441006278947e+04
-1.160530611275084630e+04
-9.737897578530883038e+03
