1.563396091876284588e-02
2.244498722454763701e-02
9.582663331406786611e-01
8.246457339605731462e+00
2.207321225352500349e+01
1.252470991898589503e+01
3.006031512640000791e+00
6.295786315843324710e-01
2.246933525908072493e-01
1.641806311346575842e-01
1.162290415169361157e+00
1.050896130722477279e-03
4.462821802400706694e+00
1.251839694317913967e+02
-7.134490567721954335e+01
-9.801789228232281914e+01
1.993261537269134820e+01
1.951508985646414729e+00
3.582918506915565571e-01
1.795615628378965656e-01
7.811925637215745566e-02
2.201787930799351756e+00
1.215678416070435652e+01
-3.659644382117634905e+03
-4.776439726057517277e+01
-3.945399175463881392e+01
-1.155567825508540096e+02
2.740341622110449737e+00
2.870151113769302178e-03
1.025365878032119538e-01
1.468978333897279676e+01
1.980095047285246679e+01
3.430970194013236352e+01
-1.668131635603388929e+02
-3.475197105427641020e+01
-2.367199295700455863e+01
-2.269097024208122093e+01
3.195071767128369444e+01
3.196386644609239824e-01
4.535093266989254773e-02
5.092663799234328792e+01
8.182159213224852579e+01
2.116799399383079162e+03
-5.241591602517414827e+01
-2.397650926060723009e+01
-1.759017533430582603e+01
-1.540388635470182876e+01
-2.032748907348570810e+01
2.377453010820205659e+00
9.473624240863527191e-04
1.365773838421555979e+02
8.007408186120250093e+02
-1.091235058221926124e+02
-4.001618615635052123e+01
-2.208024597546255663e+01
-1.598381602590422190e+01
-1.371045407175093445e+01
-1.453449576458402781e+01
8.868261589422779423e+00
2.172381616139290941e-02
4.032427432630643125e+02
-3.274736181015126135e+02
-8.183211326105181627e+01
-3.880777736363146602e+01
-2.347609553190602583e+01
-1.655083026723183792e+01
-1.370963725768300989e+01
-1.423103496687153324e+01
1.075563747109299406e+01
3.347860339468145680e-02
2.101633089655997992e+03
-1.847113678342699075e+02
-7.139477390862676032e+01
-4.031012873089654391e+01
-2.584142144748924608e+01
-1.794253391112785678e+01
-1.455354488689671655e+01
-1.791485387162585141e+01
3.297107814848482921e+00
1.483784076081828916e-03
2.991997021598376705e+02
-1.511488691400411994e+02
-6.685424423533090987e+01
-4.217933382614835836e+01
-2.894200900343600935e+01
-2.089052743251702537e+01
-2.034976631526780722e+01
1.778585685175261943e+01
3.759783667897906301e-01
2.852751257474377827e-02
1.622575052988092281e+01
8.029997646603021622e+01
-1.524515425328350489e+02
-7.182165959975453973e+01
-7.265435558849094377e+01
6.486873806539522036e+01
4.476185617297821828e+00
3.920411679574236086e-01
2.612083857086320605e-03
9.908164797250898492e-02
