9.734817784556760671e+03
8.803769649480993394e+03
8.367975013680610573e+03
8.330850172082904464e+03
8.698578429508816043e+03
9.631593094253692470e+03
1.152868135355665981e+04
1.586799144661576975e+04
3.109262450388470097e+04
-1.627578768662556249e+05
2.170592099445978602e+04
1.551461861601208693e+04
1.301851606660759171e+04
1.202606114519201765e+04
1.197384689526123657e+04
1.286803268323114571e+04
1.520157787268944048e+04
2.118561465226275322e+04
4.664280986980856687e+04
-8.306681756466833758e+04
-1.048254723271497898e+07
4.105800265584281442e+04
2.392465119775768108e+04
1.901004017472697888e+04
1.752820820597427519e+04
1.812820899237209960e+04
2.128423795546839028e+04
3.113504453362428831e+04
9.939351525659936306e+04
-5.050694327480324137e+04
-2.546716922186109514e+04
-1.030274886676059832e+05
8.449066825190128293e+04
3.834138335926887521e+04
2.985143655178213157e+04
2.905304152260157935e+04
3.470851474617921485e+04
6.086222309182632307e+04
-3.135635927061337861e+05
-3.259935771004003982e+04
-1.347679888869111346e+04
-2.492534618565832352e+04
-6.594368653671025822e+04
5.699918683776370017e+05
8.793834509179025190e+04
7.080035617827896203e+04
9.881529167524530203e+04
-1.233750359425439965e+06
-5.238687815692005825e+04
-2.205864995800601901e+04
-9.326771553203761869e+03
-1.451721721524532222e+04
-2.442608293852908537e+04
-4.569094186417705350e+04
-9.345940301550523145e+04
-1.466421841357914382e+05
-1.000295131696839526e+05
-4.919381016840913799e+04
-2.618707122521438214e+04
-1.558338737682057945e+04
-7.124925161821851361e+03
-1.023196323805831162e+04
-1.492943857114933235e+04
-2.170717110768526254e+04
-2.958361035870628621e+04
-3.410307746537779167e+04
-3.097559223020701393e+04
-2.341859160867955870e+04
-1.642000956118967952e+04
-1.143564823193609118e+04
-5.699152833473931423e+03
-7.798683660088704528e+03
-1.056955704403876734e+04
-1.389249615163471026e+04
-1.698411204360055854e+04
-1.846039993010527542e+04
-1.742994094302518351e+04
-1.461648093578338739e+04
-1.141988765151264852e+04
-8.670800633225568163e+03
-4.666323088082863251e+03
-6.180182230599122704e+03
-7.997848451429158558e+03
-9.940006241944509384e+03
-1.152529320222823299e+04
-1.218751314536220343e+04
-1.165291763139174873e+04
-1.021620669921715853e+04
-8.442941933527783476e+03
-6.761524838050637300e+03
-3.868926772894475562e+03
-5.004774463328912134e+03
-6.288868828975273573e+03
-7.528017062548019567e+03
-8.459509881020374451e+03
-8.805089228834176538e+03
-8.468973524644457939e+03
-7.609078006779282987e+03
-6.507722650779976902e+03
-5.404986411996244897e+03
