2.521436527889184731e+02
-1.675555645012761670e+04
-1.528206184311697200e+02
-6.270625722671885427e+01
-3.793733851570262061e+01
-2.656352482771558243e+01
-2.891283245704572380e+01
-4.412849527683476936e+01
-1.205428896789362483e+02
2.202193165080635140e+02
3.376750921068613138e+02
1.372215459610420339e+03
-3.666710103615471894e+02
-1.295376405704978993e+02
-7.306013106866821261e+01
-4.921131057213505500e+01
-4.677216703822210775e+01
-5.871739730686730496e+01
-1.065355741583094584e+02
-9.579073397628808380e+02
4.128434133706063562e+02
8.597284422958053938e+02
-1.494370843360989966e+03
-3.080623338523762413e+02
-1.553770567162205225e+02
-9.904180376928026419e+01
-8.453442435220414097e+01
-9.165904074352850728e+01
-1.325636639856298871e+02
-3.591679800817988166e+02
5.080300013306540450e+02
8.062562613006996344e+02
3.625647677313862459e+03
-9.940852831779448024e+02
-3.698182175127998903e+02
-2.236361734388867148e+02
-1.720704283318701187e+02
-1.641729779880144804e+02
-2.000242268947276045e+02
-3.735243684447628425e+02
6.437635376529364066e+02
8.920991068434788076e+02
1.597433079030166709e+03
2.621674730682870359e+04
-1.465158554078393081e+03
-6.672367734636758314e+02
-4.384669641540638167e+02
-3.605855286627423766e+02
-3.732721971240078460e+02
-5.604680793248129476e+02
8.422570949509679394e+02
1.082658431635669103e+03
1.456941814150642131e+03
2.122211808746319548e+03
3.764259208855755787e+03
8.235289997445380141e+04
-3.224917999555660572e+03
-1.516046548103996201e+03
-1.150382760873056213e+03
-1.495086863346920836e+03
1.135122832269424180e+03
1.396906758548788730e+03
1.609445525564456830e+03
1.618135170585367860e+03
1.492264254142201025e+03
1.356084460312580632e+03
1.356067341333880222e+03
1.626145299704539184e+03
2.331783746152661479e+03
2.502659251414102982e+03
1.565404938632238100e+03
1.879655664262925484e+03
1.936151426846422282e+03
1.620039690085186521e+03
1.236809965143817180e+03
9.500349138702367782e+02
7.922460433365926065e+02
7.396349971815609479e+02
7.572315881765174481e+02
7.530500744467747154e+02
2.166826593400880029e+03
2.572292475153923988e+03
2.403607456419233586e+03
1.758372533127487941e+03
1.206937658533661534e+03
8.572850485442065747e+02
6.629904181424876697e+02
5.643046939716984980e+02
5.163386803601210886e+02
4.701143042560845515e+02
2.855206920296065618e+03
3.383571317050003927e+03
2.847676853612014838e+03
1.919033360688660196e+03
1.231169674881136871e+03
8.338661373956252874e+02
6.145680102564163008e+02
4.916362865023356221e+02
4.152325228297589206e+02
3.476295536499788454e+02
