4.150385074448267915e+03
2.163756961754015265e+03
6.107898616963827862e+02
-6.857606778345648308e+02
-1.834546865002979075e+03
-2.966121744309459700e+03
-4.281239380415184314e+03
-6.146440694537427589e+03
-9.795510296682683475e+03
-2.453976076163541438e+04
9.315080920523985696e+03
5.054073604471351246e+03
2.235569089086726763e+03
1.878995679749942838e+02
-1.465401656326620923e+03
-2.944174813996212379e+03
-4.523445239610452518e+03
-6.603400900351819473e+03
-1.036109378590371671e+04
-2.301692912311197870e+04
2.732686141803871215e+04
1.241420560978159301e+04
5.758989598726952863e+03
1.917601834465342563e+03
-7.125478326136367286e+02
-2.806737801739038787e+03
-4.843149273589616314e+03
-7.354891453022158203e+03
-1.170681574202391857e+04
-2.583210600091432934e+04
-2.143554290045761736e+05
5.520332470729191118e+04
1.683983633121668026e+04
6.217601371869941431e+03
1.016390612559143733e+03
-2.424636042234764318e+03
-5.371643154704403059e+03
-8.819412032801950772e+03
-1.493431583839435552e+04
-3.900708010470599402e+04
-3.309940371935541043e+04
-5.364905383006768534e+04
-1.002343070891323127e+07
2.805766029826539670e+04
6.737969393899852548e+03
-1.266389696868545798e+03
-6.659441851188488727e+03
-1.282972283871733271e+04
-2.651265592762443703e+04
-4.764708555147874285e+05
-2.140562808354262961e+04
-2.395065698917341433e+04
-2.858079959082034111e+04
-3.992869831299008365e+04
-1.475882742847918707e+05
1.100632995394594582e+04
-1.881902236041178548e+04
-6.265769445878791157e+04
1.115804025116303674e+05
2.780881431961785711e+04
-1.731972373814560706e+04
-1.754189218602506298e+04
-1.751846083090125830e+04
-1.682775468939140046e+04
-1.445520902366609153e+04
-8.823412432439545228e+03
4.402292592286913191e+02
8.559030147429153658e+03
1.134279914001227189e+04
1.033863414584715611e+04
-1.531516781052709484e+04
-1.482527854877059144e+04
-1.392023256489835148e+04
-1.236767152690241164e+04
-9.863731175419905412e+03
-6.310595358900566680e+03
-2.124647064015568503e+03
1.669867454900785333e+03
4.107313500520058369e+03
5.022582427064251533e+03
-1.416898162146208233e+04
-1.336954752780528906e+04
-1.218806340825683401e+04
-1.053254414564821309e+04
-8.330035765382031968e+03
-5.679966362305660368e+03
-2.877715679100234865e+03
-3.719177933743576432e+02
1.479184418590773021e+03
2.511126759604672770e+03
-1.346055903518556624e+04
-1.249628847373075041e+04
-1.121752206892132926e+04
-9.575356544549034879e+03
-7.611270549374246912e+03
-5.444119687493003767e+03
-3.281769297158346490e+03
-1.369052275177398997e+03
1.571195987061076949e+02
1.051571162037766953e+03
