3.726982319234909482e+03
3.426380701935381694e+03
3.250295120054678591e+03
3.188819530616888642e+03
3.246430592085738681e+03
3.464677967117913340e+03
3.900986638393949306e+03
4.776785041340808675e+03
6.781790145276110707e+03
1.386033136930787623e+04
6.828485553435346446e+03
5.620183252154113688e+03
4.937355012397139035e+03
4.575897270531439062e+03
4.454405852077932650e+03
4.575313812384291850e+03
4.981973222733733564e+03
5.904590172233734847e+03
8.082504347543914264e+03
1.563934026080360309e+04
1.863885236764884758e+04
1.116573208038501252e+04
8.370946034769202015e+03
7.048703645962814335e+03
6.431444682275456216e+03
6.299135574085934422e+03
6.616143093692142429e+03
7.621759214563861860e+03
1.021350465642572817e+04
1.970853512998552833e+04
-5.249628810149875062e+04
5.278076462750475912e+04
1.936281461205245432e+04
1.286446993295171706e+04
1.043332152675160978e+04
9.511544704247397021e+03
9.587584241026039308e+03
1.084999616452739792e+04
1.479511295897577838e+04
3.363945806050726969e+04
-1.285570866432894218e+04
-2.541497535711810269e+04
-1.756956826895585691e+05
4.546999852141110750e+04
2.351189494775802086e+04
1.820140211948642536e+04
1.722383637324729716e+04
1.971940034261724577e+04
3.153313614170367509e+04
1.516876350948381796e+07
-7.878565084798794487e+03
-1.120547477470263948e+04
-1.785069153960030235e+04
-3.527542552246111882e+04
-1.380456047978945426e+05
1.608309790416120668e+05
9.092297748453861277e+04
1.680982222420788603e+05
-9.884959136483499606e+04
-2.615165116902770751e+04
-5.895334180141378056e+03
-7.485032112871286699e+03
-9.815707090362009694e+03
-1.327042507864265463e+04
-1.809681659347415552e+04
-2.358555892707580279e+04
-2.644920342999631248e+04
-2.347722751692173188e+04
-1.726899645558496923e+04
-1.180008227350222296e+04
-4.804389018644789758e+03
-5.731146781950116747e+03
-6.892000840997440719e+03
-8.282275664794946351e+03
-9.731631675625249045e+03
-1.089075717639110553e+04
-1.124758280882679173e+04
-1.051864891028043348e+04
-8.978444307805049903e+03
-7.210403487017601947e+03
-4.098167839383148930e+03
-4.687826891854710993e+03
-5.349442826568675628e+03
-6.042337612179215284e+03
-6.642610536878690255e+03
-7.013953057277416519e+03
-7.017158800218246142e+03
-6.608668800704313071e+03
-5.884759132606463027e+03
-5.027643587606129586e+03
-3.596126741247139762e+03
-3.985230118318502718e+03
-4.394118022628074868e+03
-4.757451014485277483e+03
-5.025495064618039578e+03
-5.133944074699645171e+03
-5.039489709472884897e+03
-4.744406693071280642e+03
-4.301567757521856038e+03
-3.795505605524122075e+03
