1.781738537911848425e+03
1.759016717610840033e+03
1.776132320613834963e+03
1.842028201298802060e+03
1.969630684668400136e+03
2.198378465417900316e+03
2.566496483526244901e+03
3.233574343775318539e+03
4.657726538188962877e+03
9.110833527998223872e+03
3.275313710446232562e+03
2.864115468814850828e+03
2.670252681217430563e+03
2.616522171370478645e+03
2.679289352478973797e+03
2.883409555220497623e+03
3.265364388424652134e+03
4.000462100457380984e+03
5.610842997237962663e+03
1.079697197972763752e+04
9.540742405270224481e+03
5.725663598009107773e+03
4.497176534184978664e+03
3.993156972917988696e+03
3.834649648140442878e+03
3.941010304092462320e+03
4.316197473280246413e+03
5.159414591501706127e+03
7.135940801498099063e+03
1.402975473264005268e+04
-1.680029918089887360e+04
3.349397650991060073e+04
1.060849184486247941e+04
7.279189476222555641e+03
6.197374235170039356e+03
5.922798764288217171e+03
6.240199352833315970e+03
7.360234304759987026e+03
1.045675891850644257e+04
2.513510056774950135e+04
-4.975711793013886563e+03
-1.041298221146452852e+04
-5.339091990740021720e+04
2.807247452342034012e+04
1.425825617736070853e+04
1.145682129120463287e+04
1.134551668273658470e+04
1.366758170214866914e+04
2.359617305547415162e+04
-2.429518645366927085e+05
-3.033500254228207723e+03
-4.731038561485212995e+03
-8.092220717194280951e+03
-1.649988870311089704e+04
-5.426141677779895690e+04
1.852706176706459082e+05
7.965719022961037990e+04
2.681733212967048748e+05
-4.780918180498884612e+04
-1.633067196555638475e+04
-2.203469024824144071e+03
-3.095579330640894568e+03
-4.424536752744657861e+03
-6.427523901942194243e+03
-9.247965336765555548e+03
-1.252998059435597679e+04
-1.454885664333121713e+04
-1.352349623747368241e+04
-1.051877935933182380e+04
-7.590342155276983249e+03
-1.722123557185690288e+03
-2.288120344037759878e+03
-3.020922447675738567e+03
-3.937497695552810001e+03
-4.944707675705889415e+03
-5.851925339026852271e+03
-6.345427368071777892e+03
-6.208814777575897097e+03
-5.537261158858622366e+03
-4.642109773997268348e+03
-1.395632991637688974e+03
-1.789714671175374406e+03
-2.256803158956462994e+03
-2.784092850463597642e+03
-3.293465216816641714e+03
-3.702878277024481122e+03
-3.912122334788023181e+03
-3.867853373921286675e+03
-3.601590042139904654e+03
-3.211235891304975212e+03
-1.154305792510554966e+03
-1.443452533969322758e+03
-1.776299683276891983e+03
-2.108264333418698243e+03
-2.410927152141166516e+03
-2.637416557107754670e+03
-2.747676623561960241e+03
-2.726741319208940695e+03
-2.593751913820126447e+03
-2.396202188301286697e+03
