1.150734702731744079e+02
1.800968927201751058e+02
2.623859092124766903e+02
3.674127083892433348e+02
6.080755576410981575e+02
6.119554721473621157e+02
1.006822679509605649e+02
1.428192073614646773e+01
2.540309587293909654e+00
7.365922136858495950e-01
1.576844337170946346e+02
2.221492080824608877e+02
3.307210885582479136e+02
6.352028778048743334e+02
-2.657947390062120121e+03
-3.514981959637802902e+02
-2.742375566694161648e+02
6.673979133544833076e+01
5.841944907653398467e+00
1.246225303538422632e-02
1.661950488695640331e+02
2.587366294015353105e+02
4.663309210065585262e+02
1.268129509933072222e+04
-3.559487697362370682e+02
-1.427434457343316012e+02
-8.357112498042066306e+01
-8.973177960585238111e+01
4.673702405572572438e+00
7.294478729798175090e-03
1.810110658571292959e+02
3.448187896644765260e+02
3.107675945516163210e+03
-3.551281191506224673e+02
-1.381305637051503936e+02
-6.824275477802879664e+01
-3.887774851503137796e+01
-2.767292941603792045e+01
1.202576642429249887e+01
4.739041263437342166e-02
2.144184405152683723e+02
1.540246176340731608e+03
-2.966159819711814976e+02
-1.204456910428348095e+02
-6.551312297399761064e+01
-3.663007428948557731e+01
-2.195670927595120503e+01
-1.467697573066730321e+01
3.915551346218488504e+01
5.978037017233273770e-02
4.059575403527611002e+02
-2.447410255471474443e+02
-9.550479672309886325e+01
-5.480517134093604170e+01
-3.270423455180899452e+01
-2.052154863633344561e+01
-1.295348641858088001e+01
-8.917919259460905579e+00
4.685051669481022429e+01
2.730380738718774652e-02
1.139423432410268651e+04
-7.920520316301563923e+01
-4.345269466639883404e+01
-2.678394546603241722e+01
-1.811510188550105838e+01
-1.213225105232175416e+01
-8.144905228336142500e+00
-6.221386848467667541e+00
4.678168083610067640e+00
1.817308255462877532e-04
4.612324818874112964e+01
-4.881142056163521659e+01
-2.140271535267173775e+01
-1.512475904582716879e+01
-1.092760394434785809e+01
-7.822504436913556347e+00
-5.762774176582817098e+00
-6.424315262626819845e+00
5.436976274547122845e-01
2.687388593562712105e-02
4.183453886441597547e+00
3.837978204915286540e+01
-1.621189169972037547e+01
-1.037434989721992551e+01
-7.787552981841315614e+00
-6.139293312892454502e+00
-6.314866670643350055e+00
2.273396017453326312e+00
1.004175260986683860e-02
1.071289096640308108e-01
1.083488215760889384e+00
7.271793746269092917e-01
7.604989715181702969e+00
-4.457595310386833631e+01
-1.926230212622875015e+01
2.226969737569169183e+01
1.003103322286239774e+00
2.230101153916653339e-02
6.341233196397835781e-02
2.034393368909105937e-01
