3.460516721204878081e+02
4.046850298110255721e+02
4.509225550372838143e+02
4.819547286344949839e+02
4.916816157906491185e+02
9.220941977257754729e+01
5.870915954822963911e-01
3.311362232648485393e-01
3.093436210949537454e-02
7.937118833275361163e-02
4.368410229078734801e+02
4.992720802487914398e+02
6.007360555342626185e+02
9.344367405010763150e+02
-1.719696787615094763e+03
-1.730860969619135403e+02
2.202719614258491276e+00
2.941678608003142070e+00
9.981521726802430328e-01
1.532495872537082082e+00
4.899431031120790863e+02
6.122698280170601493e+02
9.391540693343964676e+02
-2.042343195664903396e+04
-3.396767510409313218e+02
-7.210495349168837720e+01
3.864448544204267755e+00
1.577825402213067107e+01
1.008329797868825750e+01
3.218449565831745574e+00
5.558237564525683183e+02
9.014322561675609222e+02
1.477789924921084094e+04
-5.125016228673586056e+02
-1.405836898999808966e+02
-3.119216314296111037e+01
8.683314257662148705e+00
1.955052930972092184e+01
1.584180288071709342e+01
6.057723006723460202e+00
7.406000302590485944e+02
5.858031242348910382e+03
-5.763749844510923594e+02
-1.793130459921880515e+02
-6.160540166789409966e+01
-9.650474215788934274e+00
1.266962299802928804e+01
2.044917743374032071e+01
1.880420911932414185e+01
9.117459273103357020e+00
2.063069799295419216e+03
-6.035719687343944315e+02
-1.832810032534692937e+02
-7.071605003042841986e+01
-1.932155773986940162e+01
5.436473718199017036e+00
1.697745368946069178e+01
2.121751045814817971e+01
1.973052295410786172e+01
1.094019540309698968e+01
-7.835682607058114399e+02
-1.690612738366839949e+02
-6.259187708400079941e+01
-1.719030108966006409e+01
4.536551587471397085e+00
1.578724520940697573e+01
2.090689140245622468e+01
2.220134482627202388e+01
1.968244102563607356e+01
1.087113213648556709e+01
-2.508115884820597046e+02
-5.166808560596099653e+01
3.502464936078040214e+00
1.193189590457781790e+01
1.991248097354874602e+01
2.341280593164097112e+01
2.416026888481446022e+01
2.291844788749392947e+01
1.838998023072164401e+01
8.831367741906912983e+00
1.244379723725478823e-02
1.506214300281250118e+01
2.541166064754700216e+01
2.944053541466793433e+01
3.006142033575359207e+01
2.873149668283614488e+01
2.618047009885484400e+01
2.208684299874875023e+01
1.448039292818570445e+01
5.468084876995842336e+00
1.037604505814075750e+01
3.317398558802810982e+01
3.901430382165480637e+01
3.856628706541251717e+01
3.531851125666837277e+01
3.057509800681373235e+01
2.457736257700772953e+01
1.665351981652646884e+01
7.823122763131807211e+00
2.542188035245881661e+00
