1.685557705661672344e+03
1.971318140041340030e+03
2.298201950663992193e+03
3.059235533791487796e+03
7.084558418905716280e+03
-7.323655266205832959e+03
-8.149987874112413010e+03
2.143944689710425848e+02
1.637229096365760128e+01
1.971985028627903258e+00
1.728271870473514127e+03
2.084367139397956180e+03
2.692960218277418335e+03
4.822913684575857587e+03
-1.317870688930292454e+04
-1.736337405640849511e+03
-7.430884840170531334e+02
-7.445058508476640782e+02
7.219553720336568858e+01
1.178112198949120781e+00
1.750796121415017751e+03
2.352636249092227899e+03
4.016599753757228882e+03
-9.822471683893410955e+04
-2.256475030218962274e+03
-8.282610710920680503e+02
-3.967827435424629243e+02
-2.224972087154052076e+02
-2.978123929254340965e+03
5.260890135555277070e+00
1.876823743247961602e+03
3.336217717996670672e+03
9.558293318855069811e+04
-2.438823656089972701e+03
-9.130717241895976031e+02
-4.344519153441033836e+02
-2.268618873190791021e+02
-1.291837440084284196e+02
-1.092384061234256905e+02
1.499748894673697563e+01
2.416882863666762205e+03
2.396114260953945995e+04
-2.314729051314061962e+03
-8.948076894140690456e+02
-4.519670445244810253e+02
-2.441660308186765462e+02
-1.375059479542632914e+02
-8.210364474468717333e+01
-6.113514666157963262e+01
3.594224794960750557e+01
7.449513150056232917e+03
-2.185213402917602707e+03
-8.169725127776872569e+02
-4.300565332053419070e+02
-2.457167717174410768e+02
-1.448303826152411773e+02
-8.735156395313047994e+01
-5.587153211967397226e+01
-4.332224716164859046e+01
6.337754588714859949e+01
-2.276969178027298767e+03
-7.303506498347002207e+02
-3.888813671652997073e+02
-2.326534687418124747e+02
-1.453146627859977400e+02
-9.190520194660587094e+01
-5.961324854209352253e+01
-4.146946695613291922e+01
-3.587845490512363256e+01
3.849366581446945901e+01
-6.903254137607261782e+02
-3.484252677805153553e+02
-2.127196347201480648e+02
-1.402903127699690344e+02
-9.424021017013683377e+01
-6.399254938622699029e+01
-4.488304112133091195e+01
-3.439001455745123792e+01
-3.748054006504870728e+01
1.130867240289279430e+01
-3.769741638227572480e+02
-1.993780482325400953e+02
-1.348014444459734875e+02
-9.563809625218225108e+01
-6.881614795228618675e+01
-5.017856327498871849e+01
-3.827860573951758738e+01
-3.416559392307751608e+01
-2.859708829855864565e+02
2.446422106104598537e+00
-8.052520744084825992e+02
-1.575210011431385908e+02
-1.039395474688162437e+02
-7.699561158686584861e+01
-5.891389250117016729e+01
-4.675078500295039419e+01
-4.254195141553751824e+01
-1.389943813854987980e+02
6.088617052648039873e+00
2.298110717088112376e-01
