1.319426155624817056e+03
1.861853858309707675e+03
2.355655726886399862e+03
3.054320638883666106e+03
4.909759860153312729e+03
5.392595173219997378e+03
4.361351134741452711e+02
2.843756726566259019e+01
2.520313588442299579e+00
7.081300990403976980e-01
1.459488815577803052e+03
1.893196400390158715e+03
2.475190818387738545e+03
3.824485621566445843e+03
2.806095722237405062e+04
-2.871477148699076224e+03
-1.464371359999935976e+03
2.086551953374776929e+02
9.214595655877522162e+00
1.213313542619842922e+00
1.349323147242686218e+03
1.881053540309462733e+03
2.906744253237871817e+03
8.680556608282724483e+03
-4.070820013743882555e+03
-1.109834540384503043e+03
-4.904934189758691900e+02
-4.077520405763644362e+02
1.668384128240121811e+01
1.986218810728855241e-02
1.246620385704677346e+03
2.128136073192144977e+03
6.656835586900109774e+03
-4.068339626806219712e+03
-1.157809516359381178e+03
-5.057143459082516870e+02
-2.413777472294958670e+02
-1.399074360941033035e+02
1.008742762377608813e+02
6.661451998309479983e-01
1.282478399825628458e+03
4.227344190044807874e+03
-3.127352008995957476e+03
-9.769267277922182302e+02
-4.740671494929480900e+02
-2.461141838388019778e+02
-1.330670180788469281e+02
-8.005762635659256432e+01
-1.444483584531077440e+02
2.416514314654726991e+00
1.876749862901244796e+03
-2.792407124013344401e+03
-7.624781623298040358e+02
-3.953962100524317407e+02
-2.268810525542691323e+02
-1.334195283291523140e+02
-8.046209600642885107e+01
-5.404173365698272136e+01
-6.679319472507384603e+01
4.282403578931916144e+00
-6.569258604244381786e+03
-6.355678042501921254e+02
-3.236737350900455112e+02
-1.977825656581300962e+02
-1.277389331386979023e+02
-8.304288519081848108e+01
-5.599833760526998816e+01
-4.264903586240379951e+01
-6.264925315954010188e+01
3.888431712727743683e+00
-8.425605392165755347e+02
-2.965523337232556855e+02
-1.784653233116663102e+02
-1.234162241329529337e+02
-8.708596319138749209e+01
-6.182454801541947376e+01
-4.595147800037259600e+01
-4.004006528222293326e+01
-4.439480181752975341e+02
1.647286793162620278e+00
-1.259100868312440298e+03
-1.964085630633645110e+02
-1.301529934438220266e+02
-9.649209292502938240e+01
-7.270758539090526540e+01
-5.527856729824974025e+01
-4.544643774405400904e+01
-5.982986292385138682e+01
1.200034820038800021e+01
2.106022159995337428e-01
1.013569752034375995e+02
-3.772668395750865216e+02
-1.367089162975445618e+02
-9.843093292680319450e+01
-7.814413481791740423e+01
-6.903333724038076014e+01
-1.324448688837909174e+02
1.560024501529711038e+01
8.434128101721855009e-01
2.938354326272918718e-02
