8.890136452739332071e+02
1.070994896962010898e+03
1.072980180460598376e+03
8.672763854369767387e+02
2.888381281726551038e+02
5.805352500787233083e+00
2.843305278077636800e+01
7.525419001857169832e+00
2.641853736066892555e-01
1.688398602191067133e-01
1.378980948361309629e+03
1.518705670036341417e+03
1.620845962506601609e+03
1.855947428192823736e+03
8.478083568095105875e+03
6.309922760928287744e+01
9.549290641868275031e+01
4.643261393830514550e+01
6.086422968417264379e+00
3.103221851140980023e-02
1.610964419649216097e+03
1.916128471371414207e+03
2.449156144091465649e+03
5.719192985148505613e+03
-1.547211983646701356e+03
-1.061142789391462600e+02
1.058219755786962679e+02
1.175711846592778613e+02
4.515572155243154384e+01
7.651741736851541908e+00
1.835454338061260387e+03
2.657106165010373388e+03
6.937091627737195267e+03
-3.149847541218448441e+03
-5.703786941829979469e+02
-6.402085715031714130e+01
9.207258122763060726e+01
1.184388834388695244e+02
7.940654749588757966e+01
1.976501546747281779e+01
2.259449078502807879e+03
6.200903173544626043e+03
-3.609996301906792723e+03
-8.404650609028008148e+02
-2.359517028244522976e+02
-3.860255912917564203e+00
8.518014003014769742e+01
1.087798804377882078e+02
9.376813608859076510e+01
3.660120857309940590e+01
3.739844178161437867e+03
-4.178630977223519039e+03
-8.669139478355663186e+02
-2.931577216106209676e+02
-5.892319554884449673e+01
4.865863800575723985e+01
9.334561228333102179e+01
1.058350939775335604e+02
9.657917524478564530e+01
4.814668151288329767e+01
-8.292081425136677353e+03
-7.627987266977105492e+02
-2.326514340898982596e+02
-4.093622560052490655e+01
4.860097139910143937e+01
9.080782092082604606e+01
1.062539981939066109e+02
1.075119115428040999e+02
9.558831757201154744e+01
4.863056714547174408e+01
-8.096464806921786703e+02
-1.028792652358337136e+02
4.693399416412635361e+01
9.914891730237698653e+01
1.200301489138886097e+02
1.237748169621977183e+02
1.188074913549128979e+02
1.097123545922229226e+02
8.916644101625001895e+01
3.744257701565636864e+01
5.071594532478943762e+01
1.664513413599599687e+02
1.870865679652270899e+02
1.826797757566149301e+02
1.676510530456619108e+02
1.475313573414771326e+02
1.272069745990653189e+02
1.058170091670323103e+02
6.814231537816074535e+01
1.957840642088867611e+01
1.147193925987686214e+02
2.398642210285476608e+02
2.476530019494259989e+02
2.251827848928745084e+02
1.924658683724319417e+02
1.558940632384816638e+02
1.189772630226094776e+02
7.683079759654459906e+01
3.039933789331837488e+01
6.683432740399841698e+00
