-2.397420987905414222e+04
-4.444080242993393767e+04
-7.849087390787263575e+04
-1.443919933959989576e+05
-3.412735414337235270e+05
3.874152332617909182e+06
3.018725584298545728e+05
1.392950749363392533e+05
5.604738727937670774e+04
6.182376738813606607e+03
-1.095444840220985679e+04
-2.593883240555875818e+04
-5.326918564163577685e+04
-1.176116065568777994e+05
-5.552637198086208664e+05
2.718537548132771626e+05
1.071947035055241431e+05
6.041544688005209900e+04
3.428483547774851468e+04
9.770148700169689619e+03
-2.337142147008836218e+03
-1.363923014990497541e+04
-3.993560666364055942e+04
-1.682279875497326138e+05
1.789459380297363678e+05
6.427285281907223543e+04
3.687211978192518291e+04
2.312160634096654394e+04
1.444753988325444880e+04
6.682909584616062602e+03
4.384605145312068089e+03
-3.973957551439877989e+03
-4.949330064805012080e+04
6.503205620263431774e+04
2.918333306496453224e+04
1.896105572892229611e+04
1.287858232570753898e+04
8.684208573473510114e+03
5.736008622834402559e+03
3.236502131468257176e+03
1.166631437954397552e+04
1.316156555644424225e+04
8.022324929987287760e+03
8.631634832042907874e+03
7.706047490173215010e+03
6.288800090911771804e+03
4.771534490833356358e+03
3.456545518879354859e+03
2.450611380315022416e+03
1.578748010793485946e+03
2.904250129063610802e+04
-1.998508084254987261e+04
-9.524820870702679940e+02
1.869583425705098762e+03
2.552664428025290363e+03
2.458614800687038041e+03
2.066055389090538029e+03
1.639306729576019279e+03
1.287119220171314055e+03
9.423156435346306807e+02
-5.946270103163616295e+04
-5.712719063098635161e+03
-7.546392987967730051e+02
7.666797013968083547e+02
1.270010596883539165e+03
1.329393503409554114e+03
1.202138025588368919e+03
1.037654589935485546e+03
8.939715505173685415e+02
7.059729579524964720e+02
-8.545707820656107288e+03
-1.741633723575586146e+03
1.709669009217114706e+02
8.633100666694863321e+02
1.076831151880055359e+03
1.062737743575276681e+03
9.617173641039968288e+02
8.558217805393173876e+02
7.628502734266443213e+02
5.786525523247022420e+02
-1.905791066117273658e+03
2.752090484987430727e+02
9.750885442327742112e+02
1.191635271426916461e+03
1.180915717719407667e+03
1.062412960598274594e+03
9.226981491913077207e+02
8.070904513317804003e+02
6.917547165912284299e+02
4.060246075444821372e+02
5.085594386187252667e+02
1.334563586579081857e+03
1.524702591819054305e+03
1.485879685791912607e+03
1.328802629039869998e+03
1.121130108030472229e+03
9.260590480609331507e+02
7.578046813794317131e+02
5.221540996160093755e+02
1.624806010196343777e+02
