2.166782834278816594e+01
4.458392109640071155e+00
3.925070532659140099e+01
3.659356699254891510e+02
4.083127117625448363e+02
2.331660469629356385e+02
7.818960821904947522e+01
1.173655904360638935e+01
2.982542953150612575e-01
1.952756220410061805e-01
1.502871844581410699e+02
1.152220323957078847e+02
3.019845924372717505e+01
5.816062961960005140e+01
3.505843064070277251e+02
2.327868465846447066e+02
1.021028713499795373e+02
2.155735157067237040e+01
1.005344153061416224e+00
1.196316537394215285e+00
2.950096635998712031e+02
2.839686702227519390e+02
2.440539285436596799e+02
1.261344063012133603e+02
1.555601759145890561e+01
6.286981192568602239e+01
4.397113175897899850e+01
2.346225751580745822e+01
4.812766958559842934e+00
1.063813459887481772e+00
4.205334902457398698e+02
5.235936001606737591e+02
1.026491766262883857e+03
-6.417054473931575558e+02
-1.005033554776965730e+02
8.187348340132147165e-04
7.923260948486030131e+00
5.328791608652334588e+00
1.550446848725931526e+00
5.972047381122790322e-01
6.325016157277270850e+02
1.561318571756346500e+03
-8.898381124221693881e+02
-2.052429624247851052e+02
-7.402099961361200542e+01
-2.729347802963327752e+01
-2.256335237936934490e+01
9.515774069862648066e-01
2.708304874875974361e-05
1.806524393379842219e-01
1.334030187965541472e+03
-1.405140669848191692e+03
-3.005367365129898189e+02
-1.210351491549474758e+02
-5.379082992796121232e+01
-2.691144990908420098e+01
-1.684717484596198744e+01
-3.173497581135240608e+01
1.145035222359258142e+00
2.494714432923035921e-02
-4.358570086753897158e+03
-4.252755482853311833e+02
-1.680502191573211235e+02
-7.948285846137478927e+01
-4.186854537847548130e+01
-2.409115977916923867e+01
-1.671113530783475554e+01
-2.313236228408645800e+01
1.959867953476363445e+00
7.759823931191748604e-03
-7.833375222405526301e+02
-2.320660637820467116e+02
-1.067300220111040119e+02
-5.859555642566301970e+01
-3.449580046221120000e+01
-2.221154131098943552e+01
-1.768611776799091828e+01
-1.720726382073852392e+02
8.146997335582856214e-01
4.246025011065955590e-02
-1.212405698579104637e+03
-1.582876906518540068e+02
-8.051250707102161641e+01
-4.857971301731320324e+01
-3.204690642720800042e+01
-2.447290574472494029e+01
-4.317493977955889761e+01
3.686467893219954384e+00
5.035905998109536236e-02
1.618679869042110586e-01
5.920603844067086641e+01
3.142288648360669185e+02
-1.432899790820252974e+02
-7.729607911484136196e+01
-9.103795201624704703e+01
3.113521882327725265e+01
2.594276070862248318e+00
1.065404911091420159e-01
8.046353275528909943e-02
3.242635943668711884e-01
