2.055722501524543020e+02
4.759460689788926970e+02
7.603501910728062967e+02
1.085187643050070164e+03
1.561244902665958534e+03
1.822546922969457228e+03
7.859506312630118146e+02
1.171095953147259507e+02
1.302088518384469218e+01
1.919808588621552792e+00
2.566086446042199896e+02
4.978209020003886280e+02
8.339167742418571834e+02
1.499705179610698451e+03
4.162896595535812594e+03
-5.478166937242671338e+03
-2.191869135067766365e+03
6.699933940133022361e+02
1.767512838065022862e+01
8.969100818766265193e-02
2.224280498080128154e+02
4.589708552158523389e+02
9.659589614862812823e+02
3.788159877537321336e+03
-2.322930157532121029e+03
-8.103204124409654696e+02
-4.277655117874523967e+02
-3.842813809643810146e+02
4.078058155291655140e+01
3.339449779232321336e-01
1.515457710045459123e+02
4.349247369224673889e+02
2.417356100680671716e+03
-1.216819939850290439e+03
-5.015587101378403645e+02
-2.788776862022355090e+02
-1.686199422195317084e+02
-1.165150152331419520e+02
6.746926278901591445e+01
2.711987026562950875e-01
7.989317256453425387e+01
6.814771601534271213e+02
-5.742614944075986614e+02
-2.691174253356816735e+02
-1.740556400354210211e+02
-1.121843108393147190e+02
-7.206623895734048801e+01
-4.889023632100060723e+01
4.184317967131548244e+01
2.443422803478547886e-02
2.037440346846873807e-01
-2.665495887102547954e+02
-1.147324393969874308e+02
-8.816711948466438287e+01
-6.529821601581875257e+01
-4.704985464489118385e+01
-3.181224231545881409e+01
-2.375438011418392747e+01
4.400203257210806740e+00
7.431054650612656243e-02
3.455006398890333230e+01
4.365019454492945483e-01
-3.753353478652911690e+01
-3.027415674491625452e+01
-2.666836857351722401e+01
-2.093639625013296524e+01
-1.589629329837793925e+01
-1.034263617436519809e+02
3.955507201857805244e-02
3.204021451199538517e-01
1.769751242619138765e+01
4.922536649733967984e+00
1.256146895826731891e-01
4.361838427643230176e+01
-2.232406481671600318e+01
-2.270491034453742074e+01
8.032171804325468401e+00
6.550847621121930198e-02
2.315266401577733002e-01
4.950674021598714947e-01
4.118285608950564836e+00
6.732275387854532944e+00
2.258355989130791386e+00
2.650139619105639777e-01
9.175083247275428108e-03
1.752326266559228046e-02
4.361665786533901190e-02
2.908279602919063289e-01
4.944551567171402984e-01
5.595935655625139393e-01
8.815720114620687053e-02
2.879444907947432242e+00
1.853539127652814811e+00
9.496475266021773276e-01
5.213458479096515497e-01
4.233297896320203368e-01
4.732508341917351924e-01
5.403858375561649829e-01
5.686619534971942835e-01
5.709146836874409159e-01
