-7.830784823179536943e+03
-1.640667629704579667e+04
-2.742755670900140467e+04
-4.289666473270774441e+04
-7.190325465577030263e+04
-1.949677840714508202e+05
1.839124177747593203e+05
4.129325881551064958e+04
8.689768230713445519e+03
5.855897485420813382e+02
-1.266509534240172570e+03
-9.488530148997548167e+03
-2.163106472969764945e+04
-4.330566529326092859e+04
-1.224070482605606085e+05
1.711448311540100258e+05
4.285867751762881380e+04
1.982984430883759342e+04
8.716361418903590675e+03
1.399099360189703702e+03
4.680567577700028778e+03
-2.506950056366361423e+03
-1.696255702972340805e+04
-7.493823157257406274e+04
9.074888765464680910e+04
2.864759828850304621e+04
1.477697623396072231e+04
8.288375458029604488e+03
4.466211064211242046e+03
1.351652804049622773e+03
1.113775023739946300e+04
7.109978056005349572e+03
-1.550365980763120569e+04
2.611036784834606806e+04
1.382725107391451820e+04
8.837160775278853180e+03
5.573018947726913211e+03
3.373370745149410141e+03
1.909047801877918573e+03
7.292682604792084931e+02
2.117053911882604370e+04
5.090658097969578375e+04
-7.389448367975058318e+03
2.148447166540780472e+03
3.332861633819352392e+03
2.896400273800046762e+03
2.063451137341349749e+03
1.297336296096120350e+03
7.243114483596100399e+02
2.610953701643265390e+02
5.988608978854019369e+04
-2.957018343500702395e+04
-5.701133371423406970e+03
-9.992807550040611204e+02
4.778110278565099520e+02
7.949705550282064905e+02
6.637135628288890530e+02
4.236281799040250462e+02
2.092336898104074692e+02
3.809234506860839531e+01
-5.731224088726073387e+04
-1.112729703317983149e+04
-4.000321572884067336e+03
-1.427277180647187834e+03
-3.531039994677294658e+02
3.872070419662145468e+01
1.098777075698277343e+02
6.358469632027854601e+01
1.704300302448070736e+00
1.903232590143799285e+01
-1.499562626526916029e+04
-5.893165295365332895e+03
-2.703528472645458805e+03
-1.246220655379758909e+03
-5.333444324536812928e+02
-2.124115792031510637e+02
-9.973344207365350655e+01
-8.184010089512642594e+01
-1.167584756017047027e+02
8.484968340294635425e+01
-6.926098940599211346e+03
-3.397282344892630135e+03
-1.805299576131425056e+03
-9.694789952239842705e+02
-5.131952584418182823e+02
-2.780034314172347081e+02
-1.741118510536673512e+02
-1.446150134181152396e+02
-2.587702408979649249e+02
2.892902142207523397e+01
-4.047622145335341884e+03
-2.104324795916152652e+03
-1.235872932108478608e+03
-7.467701634822735741e+02
-4.562158699828864883e+02
-2.909500937150374398e+02
-2.152241634743276961e+02
-2.645979632147790426e+02
8.925889385412938282e+01
4.543446179548387143e+00
