4.604925848382990807e+03
-1.254358609836520827e+03
-1.756887097323319495e+03
-2.676303996361819372e+03
-4.840261410462014283e+03
2.195574033398334577e+05
2.118975372115902246e+03
3.353417552086197588e+02
2.733274889068807667e+01
3.925135652919657936e-01
8.980961407108765115e+01
-6.250090794007048771e+02
-1.307238381673504364e+03
-2.524936432959182639e+03
-7.532591537497959507e+03
7.344161524677451780e+03
1.836504965398076820e+03
5.719952884055757067e+02
1.062470944091747498e+02
9.555330970791112932e+00
3.246511055206331662e+02
-1.564031941991767951e+02
-1.033342839468466991e+03
-4.546804922078890741e+03
4.980903216394055562e+03
1.580394844540396434e+03
8.103132451312189914e+02
4.093938095321905735e+02
1.274211285644940261e+02
1.452084795857193811e+01
8.415768010848145195e+02
5.080906704377181882e+02
-1.152761411580291906e+03
1.558484886145610290e+03
8.273851059891428577e+02
5.310873257270742442e+02
3.362294443700171769e+02
2.013883241165779907e+02
9.022500856964245486e+01
1.542671512061653161e+01
1.725905918333611226e+03
3.739102447825097443e+03
-5.072701390150062366e+02
1.584429874907586964e+02
2.277661638622484759e+02
1.984213779987792918e+02
1.449790406345898930e+02
9.641868312339573777e+01
5.222997306382240623e+01
1.277593641227155707e+01
5.268615152870645034e+03
-2.284253883634988142e+03
-3.784981329688056348e+02
-3.708216138487614444e+01
6.309195010016286886e+01
7.863160269897986154e+01
6.707483170693812724e+01
4.972005931808479318e+01
3.066807111316241574e+01
9.595602577694927859e+00
-5.550827053816104126e+03
-8.953717819849280204e+02
-2.630896287102269753e+02
-5.887369261332154480e+01
1.492926277550371417e+01
3.582924242515127844e+01
3.630053524007389854e+01
3.003732674165481598e+01
2.000879104278775245e+01
6.968096755780035068e+00
-1.583426374293254639e+03
-4.861485174351358296e+02
-1.643742130293208561e+02
-4.390942840995560914e+01
7.339954031578194815e+00
2.300908485169640372e+01
2.517990280936593450e+01
2.170647376118899885e+01
1.375688656224371798e+01
4.639252361902155286e+00
-8.811313678856627121e+02
-2.739183053608483647e+02
-9.502186751736219605e+01
-3.315406605319220290e+01
1.207086882298015063e+01
2.104040695726093446e+01
2.102848732656639186e+01
1.619762021796362106e+01
8.173645176522972733e+00
2.657145397312175472e+00
1.401757863109140999e+03
-3.455486461914991310e+02
3.320752537205400472e+02
4.790489368400919545e+00
1.717725532373502517e+01
1.941684677712247975e+01
1.538480101011311518e+01
8.788787266329055825e+00
3.594929089069107242e+00
1.406046651534441194e+00
