1.110853104915735940e+02
-9.735283473334038717e+02
-1.171763067677267372e+03
-1.833996395355224877e+03
-3.668294363859621171e+03
9.646786790325810216e+03
9.269882414650272722e+02
1.399862212472734768e+02
9.704741430626951271e+00
1.645359080133192500e-02
2.840926957830623678e+01
-3.197331953699751352e+02
-7.440665849700731087e+02
-1.528685887056178444e+03
-4.982811851417546677e+03
4.030551631560268561e+03
1.016409352773625415e+03
2.733200205140580579e+02
4.743659738964406358e+01
4.815706346160800955e+00
3.084473460342179010e+02
4.780148072090431555e+01
-4.731788101025499031e+02
-2.550480310716903205e+03
2.809006194251211582e+03
9.286211450140957595e+02
4.799293247317960436e+02
2.262111926686430081e+02
5.768897608769353269e+01
6.447049850276282079e+00
6.329660188687688560e+02
5.164780108940290120e+02
3.348825566434449286e+01
6.771525606890843392e+02
4.337888769654241514e+02
2.971306830207360008e+02
1.901731235499870252e+02
1.091374464930456156e+02
4.038611908493354719e+01
5.960344090927200078e+00
1.185817022896271055e+03
3.070520243854743967e+03
-5.519429848942580747e+02
1.102190626728930667e+01
9.583496630250824921e+01
9.804423697303127483e+01
7.352595808044227965e+01
4.668400531454791746e+01
2.062036040999501907e+01
4.067156034032801237e+00
3.490878713391206475e+03
-1.544819388881909845e+03
-3.114039577292186323e+02
-7.047684899437406614e+01
9.850060433043184460e+00
2.882778282287398497e+01
2.707249555930461682e+01
1.898654928425610322e+01
9.198000194708388477e+00
2.406729444464927870e+00
-3.386127792760793909e+03
-5.960088405992399885e+02
-2.038182179437389436e+02
-6.776421532186873264e+01
-1.714158150781235079e+01
5.613959723130006019e+00
9.355814780795048691e+00
7.706204019082131040e+00
4.100822308238257996e+00
1.476751055103308730e+00
-9.995404548193897654e+02
-3.278715616838644564e+02
-1.300101419788758790e+02
-5.265023370625078769e+01
-1.962903812085481903e+01
3.881712618978085394e-01
3.477986697741607625e+00
3.515069833288968049e+00
2.088383221978172610e+00
1.027831109914895347e+00
-6.683558987316218918e+02
-1.977102516338807163e+02
-8.611956477787248332e+01
-3.910497821830593779e+01
-3.551410147520493865e+01
2.576289963254709825e-01
1.960528234321261110e+00
1.959970153073217203e+00
1.256489459664730246e+00
7.963892759182417125e-01
2.272009413216105145e+02
-7.305623446330490651e+02
-1.489037053450891506e+02
5.545825824699960549e+01
1.913317939286890701e-01
8.327886522052304619e-01
1.422543608113082447e+00
1.195031125970756891e+00
8.570973901850460486e-01
6.679496482026506810e-01
