1.697833252803001969e+01
-1.101820034286921327e+03
-1.785994103969844446e+03
-2.984382385074432932e+03
-6.182815682895661666e+03
3.545575610761377902e+04
2.486973161551640715e+03
4.760510872064872387e+02
4.733182537282639402e+01
1.268590376525954744e+00
3.360209046971858697e+02
-2.761228398565695556e+02
-1.099614295767161138e+03
-2.940393352142301410e+03
-2.030926816033149589e+04
4.572044565416638761e+03
1.642161096853611070e+03
6.117396935696184528e+02
1.378377641094119213e+02
1.334960155967321960e+01
9.093993139423813545e+02
4.969720896847588847e+02
-4.894034358069712880e+02
-2.072777293435851243e+04
2.378807242742698691e+03
1.176724588121424858e+03
6.902255181156577919e+02
3.776238841497347494e+02
1.347089534357966158e+02
1.742999242074995436e+01
1.585196631189155596e+03
1.844470305930580253e+03
-2.672561755629337495e+04
3.432022591705949139e+02
4.565629537683976196e+02
3.800562454332060724e+02
2.695677920679977433e+02
1.698764010445167969e+02
7.909480870333321434e+01
1.429021680121891080e+01
2.977009629254935135e+03
-8.646496660104472539e+04
-9.683040722558603193e+02
-1.321460559629813076e+02
7.266262885366431590e+01
1.156061125473561191e+02
9.979038559919375473e+01
6.914551583029219728e+01
3.560502442668386891e+01
7.868427340005466952e+00
1.721653051946928099e+04
-2.065420179710249613e+03
-5.709946969315668639e+02
-1.765674128482214940e+02
-2.883755832520673934e+01
2.276271127722823806e+01
3.152283697520764960e+01
2.486003892156089279e+01
1.310837615668733314e+01
3.265638749868470470e+00
-3.623469014907272140e+03
-9.467488912491016890e+02
-3.715947516827443451e+02
-1.474073945788598792e+02
-5.011588256671431907e+01
-2.008252186118681237e+01
5.758078284284142256e+00
6.837629869273017746e+00
3.751001965998600252e+00
1.252529857242478339e+00
-1.377336678226544564e+03
-5.388842651034143501e+02
-2.416872203069806346e+02
-1.106168460338398205e+02
-4.681640161900515551e+01
-1.836153610043477258e+01
1.379745583967433298e-01
1.021824018401584766e+00
9.518965819900790937e-01
6.363491430165265639e-01
-7.930982635318094935e+02
-3.262579154213095194e+02
-1.601554545249516366e+02
-7.951864289483027903e+01
-3.846365331754428496e+01
-2.172255026000713229e+01
1.401992241914425064e+00
1.675725497626895100e-01
4.484691758013983343e-01
5.054089261532523913e-01
-1.794282883726755699e+03
-2.624611007958630466e+02
-1.222750988558269540e+02
-6.639527786526809905e+01
-4.850254916945906558e+01
9.947138921506130771e+00
2.504362287467660000e-02
2.417501159624091955e-01
4.392023258554538789e-01
5.050552699468933149e-01
