3.303423782981407157e+02
5.267673563448320238e+02
6.442014441143363683e+02
7.520217872204032119e+02
7.722612749692966645e+02
5.321848904111232059e+02
1.366739857184595621e+02
1.971517884965138734e+01
3.076929162111444516e+00
9.284128645855161954e-01
4.078248812086736734e+02
6.083671893571682858e+02
8.634658249806642516e+02
1.343668353320295182e+03
5.250587759388936320e+03
-1.837017086354449248e+03
-2.978459959365109626e+03
7.560368496135431826e+01
1.255966700240120248e+00
1.029570455141994301e-01
3.663899453952657836e+02
6.320489286278723284e+02
1.271086890925651005e+03
-2.914052703071870928e+04
-8.630315031063231572e+02
-3.464350481108929216e+02
-1.782423867951496277e+02
-8.572745152721391833e+02
4.031959175595452471e+00
1.965335530575855472e-02
2.716682301950607439e+02
7.616735314439592912e+02
-4.779213886662043478e+03
-5.740117204242411617e+02
-2.624004730423039859e+02
-1.360357570959249358e+02
-7.807680496332719144e+01
-6.391133627063835121e+01
7.006724316140039654e+00
1.038148014593746156e-03
1.637793269387313444e+02
-3.683173654726342193e+03
-3.257506789785959995e+02
-1.737439044663704806e+02
-1.067163116034532777e+02
-6.351284780184901280e+01
-3.961904447763910753e+01
-3.056196202750325241e+01
6.995698497221019885e+00
4.500053786327117304e-04
4.126359801518550086e+00
-1.223829347749800576e+02
-8.825346311326985926e+01
-6.706356764149299465e+01
-4.650467116107209620e+01
-3.237727420707383175e+01
-2.251238846566993956e+01
-2.042512004187898356e+01
3.582921579370506926e+00
7.320935375151866806e-03
6.039194626534551702e+01
1.902796298737636227e-01
-3.428974336186587379e+01
-2.874043492060177485e+01
-2.457661273111433786e+01
-1.945426763705933837e+01
-1.580264435513706189e+01
-2.694864896285794487e+01
1.083243857266192212e+00
3.983675858330013725e-02
2.993926042493453110e+01
3.404662584771811940e+00
1.015428342600731071e+01
-2.224503857010276420e+01
-1.866041880180124579e+01
-1.642800202243406105e+01
-1.859274814696076561e+01
8.793951548464816526e+00
1.549446874672518737e-01
1.195736280456892453e-01
6.586211324967593761e+00
2.971422254680497144e+00
7.938287573860411950e-01
6.751917723373109936e+01
-4.115941715687112890e+01
-6.041581144304603157e+01
9.933474571694723920e+00
6.521545872614948891e-01
7.316614516119947058e-03
2.458803547167669745e-01
4.290192672571508520e-02
4.183629365896553431e-01
4.335775377714690682e-01
3.480069370042295329e+00
4.945255264721945210e+00
2.284090943263150209e+00
3.746436601274355516e-01
1.057540028605030713e-03
1.743744286315384862e-01
3.782873479506260739e-01
