3.881738029510153751e+02
6.077499816206810692e+02
7.571705975004887250e+02
9.003989216156160182e+02
9.369072342545193806e+02
6.592314029594417661e+02
1.744776243454398070e+02
2.495356456132785539e+01
3.624969612318873491e+00
9.872939022671547438e-01
5.209817317193828785e+02
7.315363671336446032e+02
1.052950020985114634e+03
1.762553264375166691e+03
1.233313891056717330e+04
-1.837390157692643470e+03
-1.639150002580231103e+03
1.318672371123560652e+02
3.051115245856484304e+00
2.798884763942075665e-02
5.326943330744508103e+02
8.136782257221709642e+02
1.684979279068173582e+03
-7.904785737908429837e+03
-9.391946253238580766e+02
-4.157074413835315454e+02
-2.252823378632540710e+02
-2.859191293665869580e+02
1.326832429355482645e+01
5.799888050347019181e-02
5.428831264195334825e+02
1.248011349697522292e+03
-3.223542671728759160e+03
-6.305639142356627644e+02
-3.106806126659424194e+02
-1.745877953194625434e+02
-1.075125484598813443e+02
-8.016865540981032723e+01
4.737739788759296999e+01
4.206834010446936500e-01
9.716698256983545434e+02
-1.379860373932041057e+03
-3.820694065849953063e+02
-2.102844666042485358e+02
-1.348431763296247254e+02
-8.701041212887601262e+01
-5.884173576304652897e+01
-4.389591574324067835e+01
-7.143828394451463737e+02
9.008424989553239781e-01
-3.849831365928956188e+02
-1.909058540739215744e+02
-1.255139970732549557e+02
-9.095361812037305071e+01
-6.546516423412242602e+01
-4.856489648463319497e+01
-3.617325560710874299e+01
-2.924297577404698245e+01
-9.040607756936013573e+01
1.084654290444562408e+00
-8.211181836633809894e+01
-6.716378652863099319e+01
-5.826510351353941530e+01
-4.697087718279716029e+01
-3.931240662126941743e+01
-3.200796478240075515e+01
-2.605100251889672691e+01
-2.346177227955494615e+01
-6.865621956009360929e+02
7.321319521149054488e-01
1.861241315435044044e+02
-5.037740155961850519e+01
-3.703045665505922557e+01
-3.415711137291894772e+01
-3.019892605262198870e+01
-2.591329803829893663e+01
-2.258472481817349475e+01
-2.458039532528025362e+01
1.470083930593097499e+01
2.038765673117410582e-01
1.452660515526022067e+01
-9.197557459678590419e+01
-3.988245637824059742e+01
-3.368807930979005505e+01
-2.942733003721042095e+01
-2.596687141804958543e+01
-2.597688345869892501e+01
-2.410397397638636448e+03
1.925791761349448405e+00
1.288809560955292613e-05
1.502503405385192448e+00
2.414461237035966334e+01
-1.355011288752683924e+02
-5.378009965602804954e+01
-4.490870072737295260e+01
-5.741453063380250654e+01
3.704012702106324895e+01
2.561239670924893463e+00
6.050671630664148509e-02
1.354769144098328104e-01
