0.904
0.904
0.904
0.904
0.904
0.904
0.904
0.904
0.904
0.904
0.932
0.932
0.932
0.932
0.932
0.932
0.932
0.932
0.932
0.932
0.93
0.93
0.93
0.93
0.93
0.93
0.93
0.93
0.93
0.93
0.928
0.928
0.928
0.928
0.928
0.928
0.928
0.928
0.928
0.928
0.928
0.928
0.928
0.928
0.928
0.928
0.928
0.928
0.928
0.928
0.928
0.928
0.928
0.928
0.928
0.928
0.928
0.928
0.928
0.928
0.926
0.926
0.926
0.926
0.926
0.926
0.926
0.926
0.926
0.926
0.924
0.924
0.924
0.924
0.924
0.924
0.924
0.924
0.924
0.924
0.922
0.922
0.922
0.922
0.922
0.922
0.922
0.922
0.922
0.922
0.922
0.922
0.922
0.922
0.922
0.922
0.922
0.922
0.922
0.922
0.922
0.922
0.922
0.922
0.922
0.922
0.922
0.922
0.922
0.922
0.922
0.922
0.922
0.922
0.922
0.922
0.922
0.922
0.922
0.922
0.922
0.922
0.922
0.922
0.922
0.922
0.922
0.922
0.922
0.922
0.922
0.922
0.922
0.922
0.922
0.922
0.922
0.922
0.922
0.922
0.922
0.922
0.922
0.922
0.922
0.922
0.922
0.922
0.922
0.922
0.922
0.922
0.922
0.922
0.922
0.922
0.922
0.922
0.922
0.922
0.922
0.922
0.922
0.922
0.922
0.922
0.922
0.922
0.922
0.922
0.936
0.936
0.936
0.936
0.936
0.936
0.936
0.936
0.936
0.936
0.934
0.934
0.934
0.934
0.934
0.934
0.934
0.934
0.934
0.934
0.934
0.934
0.934
0.934
0.934
0.934
0.934
0.934
0.934
0.934
0.938
0.938
0.938
0.938
0.938
0.938
0.938
0.938
0.938
0.938
0.928
0.928
0.928
0.928
0.928
0.928
0.928
0.928
0.928
0.928
0.928
0.928
0.928
0.928
0.928
0.928
0.928
0.928
0.928
0.928
0.93
0.93
0.93
0.93
0.93
0.93
0.93
0.93
0.93
0.93
0.934
0.934
0.934
0.934
0.934
0.934
0.934
0.934
0.934
0.934
0.934
0.934
0.934
0.934
0.934
0.934
0.934
0.934
0.934
0.934
0.938
0.938
0.938
0.938
0.938
0.938
0.938
0.938
0.938
0.938
0.934
0.934
0.934
0.934
0.934
0.934
0.934
0.934
0.934
0.934
0.936
0.936
0.936
0.936
0.936
0.936
0.936
0.936
0.936
0.936
0.932
0.932
0.932
0.932
0.932
0.932
0.932
0.932
0.932
0.932
0.932
0.932
0.932
0.932
0.932
0.932
0.932
0.932
0.932
0.932
0.932
0.932
0.932
0.932
0.932
0.932
0.932
0.932
0.932
0.932
0.934
0.934
0.934
0.934
0.934
0.934
0.934
0.934
0.934
0.934
0.936
0.936
0.936
0.936
0.936
0.936
0.936
0.936
0.936
0.936
0.938
0.938
0.938
0.938
0.938
0.938
0.938
0.938
0.938
0.938
0.934
0.934
0.934
0.934
0.934
0.934
0.934
0.934
0.934
0.934
0.934
0.934
0.934
0.934
0.934
0.934
0.934
0.934
0.934
0.934
0.936
0.936
0.936
0.936
0.936
0.936
0.936
0.936
0.936
0.936
0.934
0.934
0.934
0.934
0.934
0.934
0.934
0.934
0.934
0.934
0.934
0.934
0.934
0.934
0.934
0.934
0.934
0.934
0.934
0.934
0.934
0.934
0.934
0.934
0.934
0.934
0.934
0.934
0.934
0.934
0.932
0.932
0.932
0.932
0.932
0.932
0.932
0.932
0.932
0.932
0.938
0.938
0.938
0.938
0.938
0.938
0.938
0.938
0.938
0.938
0.934
0.934
0.934
0.934
0.934
0.934
0.934
0.934
0.934
0.934
0.934
0.934
0.934
0.934
0.934
0.934
0.934
0.934
0.934
0.934
0.94
0.94
0.94
0.94
0.94
0.94
0.94
0.94
0.94
0.94
0.934
0.934
0.934
0.934
0.934
0.934
0.934
0.934
0.934
0.934
0.934
0.934
0.934
0.934
0.934
0.934
0.934
0.934
0.934
0.934
