0.904
0.904
0.904
0.904
0.904
0.904
0.904
0.904
0.904
0.904
0.922
0.922
0.922
0.922
0.922
0.922
0.922
0.922
0.922
0.922
0.932
0.932
0.932
0.932
0.932
0.932
0.932
0.932
0.932
0.932
0.93
0.93
0.93
0.93
0.93
0.93
0.93
0.93
0.93
0.93
0.936
0.936
0.936
0.936
0.936
0.936
0.936
0.936
0.936
0.936
0.93
0.93
0.93
0.93
0.93
0.93
0.93
0.93
0.93
0.93
0.934
0.934
0.934
0.934
0.934
0.934
0.934
0.934
0.934
0.934
0.934
0.934
0.934
0.934
0.934
0.934
0.934
0.934
0.934
0.934
0.922
0.922
0.922
0.922
0.922
0.922
0.922
0.922
0.922
0.922
0.924
0.924
0.924
0.924
0.924
0.924
0.924
0.924
0.924
0.924
0.936
0.936
0.936
0.936
0.936
0.936
0.936
0.936
0.936
0.936
0.934
0.934
0.934
0.934
0.934
0.934
0.934
0.934
0.934
0.934
0.936
0.936
0.936
0.936
0.936
0.936
0.936
0.936
0.936
0.936
0.932
0.932
0.932
0.932
0.932
0.932
0.932
0.932
0.932
0.932
0.93
0.93
0.93
0.93
0.93
0.93
0.93
0.93
0.93
0.93
0.93
0.93
0.93
0.93
0.93
0.93
0.93
0.93
0.93
0.93
0.93
0.93
0.93
0.93
0.93
0.93
0.93
0.93
0.93
0.93
0.932
0.932
0.932
0.932
0.932
0.932
0.932
0.932
0.932
0.932
0.934
0.934
0.934
0.934
0.934
0.934
0.934
0.934
0.934
0.934
0.932
0.932
0.932
0.932
0.932
0.932
0.932
0.932
0.932
0.932
0.934
0.934
0.934
0.934
0.934
0.934
0.934
0.934
0.934
0.934
0.934
0.934
0.934
0.934
0.934
0.934
0.934
0.934
0.934
0.934
0.934
0.934
0.934
0.934
0.934
0.934
0.934
0.934
0.934
0.934
0.934
0.934
0.934
0.934
0.934
0.934
0.934
0.934
0.934
0.934
0.932
0.932
0.932
0.932
0.932
0.932
0.932
0.932
0.932
0.932
0.934
0.934
0.934
0.934
0.934
0.934
0.934
0.934
0.934
0.934
0.934
0.934
0.934
0.934
0.934
0.934
0.934
0.934
0.934
0.934
0.934
0.934
0.934
0.934
0.934
0.934
0.934
0.934
0.934
0.934
0.934
0.934
0.934
0.934
0.934
0.934
0.934
0.934
0.934
0.934
0.934
0.934
0.934
0.934
0.934
0.934
0.934
0.934
0.934
0.934
0.934
0.934
0.934
0.934
0.934
0.934
0.934
0.934
0.934
0.934
0.934
0.934
0.934
0.934
0.934
0.934
0.934
0.934
0.934
0.934
0.934
0.934
0.934
0.934
0.934
0.934
0.934
0.934
0.934
0.934
0.934
0.934
0.934
0.934
0.934
0.934
0.934
0.934
0.934
0.934
0.936
0.936
0.936
0.936
0.936
0.936
0.936
0.936
0.936
0.936
0.936
0.936
0.936
0.936
0.936
0.936
0.936
0.936
0.936
0.936
0.94
0.94
0.94
0.94
0.94
0.94
0.94
0.94
0.94
0.94
0.94
0.94
0.94
0.94
0.94
0.94
0.94
0.94
0.94
0.94
0.936
0.936
0.936
0.936
0.936
0.936
0.936
0.936
0.936
0.936
0.936
0.936
0.936
0.936
0.936
0.936
0.936
0.936
0.936
0.936
0.936
0.936
0.936
0.936
0.936
0.936
0.936
0.936
0.936
0.936
0.938
0.938
0.938
0.938
0.938
0.938
0.938
0.938
0.938
0.938
0.936
0.936
0.936
0.936
0.936
0.936
0.936
0.936
0.936
0.936
0.936
0.936
0.936
0.936
0.936
0.936
0.936
0.936
0.936
0.936
0.934
0.934
0.934
0.934
0.934
0.934
0.934
0.934
0.934
0.934
0.934
0.934
0.934
0.934
0.934
0.934
0.934
0.934
0.934
0.934
0.936
0.936
0.936
0.936
0.936
0.936
0.936
0.936
0.936
0.936
0.934
0.934
0.934
0.934
0.934
0.934
0.934
0.934
0.934
0.934
