0.904
0.904
0.904
0.904
0.904
0.904
0.904
0.904
0.904
0.904
0.924
0.924
0.924
0.924
0.924
0.924
0.924
0.924
0.924
0.924
0.924
0.924
0.924
0.924
0.924
0.924
0.924
0.924
0.924
0.924
0.916
0.916
0.916
0.916
0.916
0.916
0.916
0.916
0.916
0.916
0.898
0.898
0.898
0.898
0.898
0.898
0.898
0.898
0.898
0.898
0.904
0.904
0.904
0.904
0.904
0.904
0.904
0.904
0.904
0.904
0.904
0.904
0.904
0.904
0.904
0.904
0.904
0.904
0.904
0.904
0.902
0.902
0.902
0.902
0.902
0.902
0.902
0.902
0.902
0.902
0.902
0.902
0.902
0.902
0.902
0.902
0.902
0.902
0.902
0.902
0.896
0.896
0.896
0.896
0.896
0.896
0.896
0.896
0.896
0.896
0.898
0.898
0.898
0.898
0.898
0.898
0.898
0.898
0.898
0.898
0.918
0.918
0.918
0.918
0.918
0.918
0.918
0.918
0.918
0.918
0.922
0.922
0.922
0.922
0.922
0.922
0.922
0.922
0.922
0.922
0.918
0.918
0.918
0.918
0.918
0.918
0.918
0.918
0.918
0.918
0.91
0.91
0.91
0.91
0.91
0.91
0.91
0.91
0.91
0.91
0.92
0.92
0.92
0.92
0.92
0.92
0.92
0.92
0.92
0.92
0.92
0.92
0.92
0.92
0.92
0.92
0.92
0.92
0.92
0.92
0.924
0.924
0.924
0.924
0.924
0.924
0.924
0.924
0.924
0.924
0.924
0.924
0.924
0.924
0.924
0.924
0.924
0.924
0.924
0.924
0.928
0.928
0.928
0.928
0.928
0.928
0.928
0.928
0.928
0.928
0.926
0.926
0.926
0.926
0.926
0.926
0.926
0.926
0.926
0.926
0.924
0.924
0.924
0.924
0.924
0.924
0.924
0.924
0.924
0.924
0.926
0.926
0.926
0.926
0.926
0.926
0.926
0.926
0.926
0.926
0.926
0.926
0.926
0.926
0.926
0.926
0.926
0.926
0.926
0.926
0.93
0.93
0.93
0.93
0.93
0.93
0.93
0.93
0.93
0.93
0.932
0.932
0.932
0.932
0.932
0.932
0.932
0.932
0.932
0.932
0.936
0.936
0.936
0.936
0.936
0.936
0.936
0.936
0.936
0.936
0.936
0.936
0.936
0.936
0.936
0.936
0.936
0.936
0.936
0.936
0.936
0.936
0.936
0.936
0.936
0.936
0.936
0.936
0.936
0.936
0.936
0.936
0.936
0.936
0.936
0.936
0.936
0.936
0.936
0.936
0.936
0.936
0.936
0.936
0.936
0.936
0.936
0.936
0.936
0.936
0.936
0.936
0.936
0.936
0.936
0.936
0.936
0.936
0.936
0.936
0.936
0.936
0.936
0.936
0.936
0.936
0.936
0.936
0.936
0.936
0.936
0.936
0.936
0.936
0.936
0.936
0.936
0.936
0.936
0.936
0.936
0.936
0.936
0.936
0.936
0.936
0.936
0.936
0.936
0.936
0.932
0.932
0.932
0.932
0.932
0.932
0.932
0.932
0.932
0.932
0.932
0.932
0.932
0.932
0.932
0.932
0.932
0.932
0.932
0.932
0.934
0.934
0.934
0.934
0.934
0.934
0.934
0.934
0.934
0.934
0.932
0.932
0.932
0.932
0.932
0.932
0.932
0.932
0.932
0.932
0.938
0.938
0.938
0.938
0.938
0.938
0.938
0.938
0.938
0.938
0.936
0.936
0.936
0.936
0.936
0.936
0.936
0.936
0.936
0.936
0.934
0.934
0.934
0.934
0.934
0.934
0.934
0.934
0.934
0.934
0.936
0.936
0.936
0.936
0.936
0.936
0.936
0.936
0.936
0.936
0.936
0.936
0.936
0.936
0.936
0.936
0.936
0.936
0.936
0.936
0.938
0.938
0.938
0.938
0.938
0.938
0.938
0.938
0.938
0.938
0.932
0.932
0.932
0.932
0.932
0.932
0.932
0.932
0.932
0.932
0.932
0.932
0.932
0.932
0.932
0.932
0.932
0.932
0.932
0.932
0.93
0.93
0.93
0.93
0.93
0.93
0.93
0.93
0.93
0.93
