0.938
0.938
0.938
0.938
0.938
0.938
0.938
0.938
0.938
0.938
0.94
0.94
0.94
0.94
0.94
0.94
0.94
0.94
0.94
0.94
0.96
0.96
0.96
0.96
0.96
0.96
0.96
0.96
0.96
0.96
0.96
0.96
0.96
0.96
0.96
0.96
0.96
0.96
0.96
0.96
0.974
0.974
0.974
0.974
0.974
0.974
0.974
0.974
0.974
0.974
0.976
0.976
0.976
0.976
0.976
0.976
0.976
0.976
0.976
0.976
0.974
0.974
0.974
0.974
0.974
0.974
0.974
0.974
0.974
0.974
0.978
0.978
0.978
0.978
0.978
0.978
0.978
0.978
0.978
0.978
0.978
0.978
0.978
0.978
0.978
0.978
0.978
0.978
0.978
0.978
0.972
0.972
0.972
0.972
0.972
0.972
0.972
0.972
0.972
0.972
0.972
0.972
0.972
0.972
0.972
0.972
0.972
0.972
0.972
0.972
0.974
0.974
0.974
0.974
0.974
0.974
0.974
0.974
0.974
0.974
0.976
0.976
0.976
0.976
0.976
0.976
0.976
0.976
0.976
0.976
0.978
0.978
0.978
0.978
0.978
0.978
0.978
0.978
0.978
0.978
0.978
0.978
0.978
0.978
0.978
0.978
0.978
0.978
0.978
0.978
0.98
0.98
0.98
0.98
0.98
0.98
0.98
0.98
0.98
0.98
0.978
0.978
0.978
0.978
0.978
0.978
0.978
0.978
0.978
0.978
0.98
0.98
0.98
0.98
0.98
0.98
0.98
0.98
0.98
0.98
0.98
0.98
0.98
0.98
0.98
0.98
0.98
0.98
0.98
0.98
0.982
0.982
0.982
0.982
0.982
0.982
0.982
0.982
0.982
0.982
0.982
0.982
0.982
0.982
0.982
0.982
0.982
0.982
0.982
0.982
0.982
0.982
0.982
0.982
0.982
0.982
0.982
0.982
0.982
0.982
0.976
0.976
0.976
0.976
0.976
0.976
0.976
0.976
0.976
0.976
0.98
0.98
0.98
0.98
0.98
0.98
0.98
0.98
0.98
0.98
0.982
0.982
0.982
0.982
0.982
0.982
0.982
0.982
0.982
0.982
0.982
0.982
0.982
0.982
0.982
0.982
0.982
0.982
0.982
0.982
0.982
0.982
0.982
0.982
0.982
0.982
0.982
0.982
0.982
0.982
0.982
0.982
0.982
0.982
0.982
0.982
0.982
0.982
0.982
0.982
0.984
0.984
0.984
0.984
0.984
0.984
0.984
0.984
0.984
0.984
0.984
0.984
0.984
0.984
0.984
0.984
0.984
0.984
0.984
0.984
0.984
0.984
0.984
0.984
0.984
0.984
0.984
0.984
0.984
0.984
0.984
0.984
0.984
0.984
0.984
0.984
0.984
0.984
0.984
0.984
0.984
0.984
0.984
0.984
0.984
0.984
0.984
0.984
0.984
0.984
0.984
0.984
0.984
0.984
0.984
0.984
0.984
0.984
0.984
0.984
0.984
0.984
0.984
0.984
0.984
0.984
0.984
0.984
0.984
0.984
0.984
0.984
0.984
0.984
0.984
0.984
0.984
0.984
0.984
0.984
0.984
0.984
0.984
0.984
0.984
0.984
0.984
0.984
0.984
0.984
0.984
0.984
0.984
0.984
0.984
0.984
0.984
0.984
0.984
0.984
0.984
0.984
0.984
0.984
0.984
0.984
0.984
0.984
0.984
0.984
0.984
0.984
0.984
0.984
0.984
0.984
0.984
0.984
0.984
0.984
0.984
0.984
0.984
0.984
0.984
0.984
0.984
0.984
0.984
0.984
0.984
0.984
0.984
0.984
0.984
0.984
0.984
0.984
0.984
0.984
0.984
0.984
0.984
0.984
0.984
0.984
0.984
0.984
0.984
0.984
0.984
0.984
0.984
0.984
0.984
0.984
0.984
0.984
0.984
0.984
0.984
0.984
0.984
0.984
0.984
0.984
0.984
0.984
0.984
0.984
