0.938
0.938
0.938
0.938
0.938
0.938
0.938
0.938
0.938
0.938
0.93
0.93
0.93
0.93
0.93
0.93
0.93
0.93
0.93
0.93
0.928
0.928
0.928
0.928
0.928
0.928
0.928
0.928
0.928
0.928
0.928
0.928
0.928
0.928
0.928
0.928
0.928
0.928
0.928
0.928
0.93
0.93
0.93
0.93
0.93
0.93
0.93
0.93
0.93
0.93
0.974
0.974
0.974
0.974
0.974
0.974
0.974
0.974
0.974
0.974
0.978
0.978
0.978
0.978
0.978
0.978
0.978
0.978
0.978
0.978
0.984
0.984
0.984
0.984
0.984
0.984
0.984
0.984
0.984
0.984
0.986
0.986
0.986
0.986
0.986
0.986
0.986
0.986
0.986
0.986
0.986
0.986
0.986
0.986
0.986
0.986
0.986
0.986
0.986
0.986
0.984
0.984
0.984
0.984
0.984
0.984
0.984
0.984
0.984
0.984
0.984
0.984
0.984
0.984
0.984
0.984
0.984
0.984
0.984
0.984
0.984
0.984
0.984
0.984
0.984
0.984
0.984
0.984
0.984
0.984
0.984
0.984
0.984
0.984
0.984
0.984
0.984
0.984
0.984
0.984
0.984
0.984
0.984
0.984
0.984
0.984
0.984
0.984
0.984
0.984
0.984
0.984
0.984
0.984
0.984
0.984
0.984
0.984
0.984
0.984
0.984
0.984
0.984
0.984
0.984
0.984
0.984
0.984
0.984
0.984
0.984
0.984
0.984
0.984
0.984
0.984
0.984
0.984
0.984
0.984
0.984
0.984
0.984
0.984
0.984
0.984
0.984
0.984
0.984
0.984
0.984
0.984
0.984
0.984
0.984
0.984
0.984
0.984
0.984
0.984
0.984
0.984
0.984
0.984
0.984
0.984
0.984
0.984
0.984
0.984
0.984
0.984
0.984
0.984
0.984
0.984
0.984
0.984
0.984
0.984
0.984
0.984
0.984
0.984
0.984
0.984
0.984
0.984
0.984
0.984
0.984
0.984
0.984
0.984
0.984
0.984
0.984
0.984
0.984
0.984
0.982
0.982
0.982
0.982
0.982
0.982
0.982
0.982
0.982
0.982
