4.012058361978300125e-01
4.012058361978300125e-01
4.012058361978300125e-01
4.012058361978300125e-01
4.012058361978300125e-01
4.012058361978300125e-01
4.012058361978300125e-01
4.012058361978300125e-01
4.012058361978300125e-01
4.012058361978300125e-01
4.012058361978300125e-01
4.012058361978300125e-01
4.012058361950291974e-01
4.012058361978300125e-01
4.012058361978300125e-01
4.012058361978300125e-01
4.012058361978300125e-01
4.012058361978300125e-01
4.012058361978300125e-01
4.012058361978300125e-01
4.012058361978300125e-01
4.012058361978300125e-01
4.012058361978300125e-01
4.012058361978300125e-01
4.012058361978300125e-01
4.012058361978300125e-01
4.012058361978300125e-01
4.012058361978300125e-01
4.012058361978300125e-01
4.012058361978300125e-01
4.012058361978300125e-01
4.012058361978300125e-01
4.012058361978300125e-01
4.012058361978300125e-01
4.012058361978300125e-01
4.012058361978300125e-01
4.012058361978300125e-01
4.012058361978300125e-01
4.012058361978300125e-01
4.012058361978300125e-01
4.012058361978300125e-01
4.012058361978300125e-01
4.012058361964295217e-01
4.012058361978300125e-01
4.012058361978300125e-01
4.012058361978300125e-01
4.012058361978300125e-01
4.012058361978300125e-01
4.012058361978300125e-01
4.012058361978300125e-01
4.012058361978300125e-01
4.012058361978300125e-01
4.012058360852135408e-01
4.012058361978300125e-01
4.012058361978300125e-01
4.012058361978300125e-01
4.012058361978300125e-01
4.012058361978300125e-01
4.012058361978300125e-01
4.012058361978300125e-01
4.012058361978300125e-01
4.012058361978300125e-01
4.012058361978300125e-01
4.012058361978300125e-01
4.012058361978300125e-01
4.012058361978300125e-01
4.012058361978300125e-01
4.012058361978300125e-01
4.012058361978300125e-01
4.012058361978300125e-01
4.012058361978300125e-01
4.012058361978300125e-01
4.012058361978300125e-01
4.012058361978300125e-01
4.012058361978300125e-01
4.012058361978300125e-01
4.012058361978300125e-01
4.012058361978300125e-01
4.012058361978300125e-01
4.012058361978300125e-01
4.012058361978300125e-01
4.012058361978300125e-01
4.012058361978300125e-01
4.012058361978300125e-01
4.012058361978300125e-01
4.012058361978300125e-01
4.012058361978300125e-01
4.012058361978300125e-01
4.012058361978300125e-01
4.012058361978300125e-01
4.012058361978300125e-01
4.012058361978300125e-01
4.012058361978300125e-01
4.012058361978300125e-01
4.012058361978300125e-01
4.012058361978300125e-01
4.012058361978300125e-01
4.012058361978300125e-01
4.012058361978300125e-01
4.012058361978300125e-01
