7.641499018169060908e-02
6.990254889192493160e-02
7.165135439754452551e-02
9.461841666380170490e-02
1.742961580201446425e-01
3.622245505902224605e-01
6.397486603135520422e-01
7.166016231664996683e-01
6.837388069131903334e-01
6.559892866625377517e-01
4.897326878261960836e-02
4.198929073839921533e-02
4.422338737331546477e-02
6.749198768996600428e-02
1.659679780747172206e-01
4.485553361839473285e-01
5.383505068089661227e-01
5.139814432225093821e-01
5.178574895686484103e-01
5.297149274941164165e-01
2.704714152978888314e-02
2.210247044975622438e-02
2.649944894167448675e-02
4.884825854525595701e-02
1.574770280427953695e-01
2.953792242459095108e-01
2.689247982054734920e-01
2.828837625820637691e-01
3.283360771107381448e-01
3.807130326957879340e-01
1.420387986681189048e-02
1.149555708647202051e-02
1.777445383993147415e-02
3.562185102130002029e-02
9.109855508594907891e-02
1.014583460885345872e-01
9.688530890360604053e-02
1.255688724657924582e-01
1.843796081537886211e-01
2.552827735084099992e-01
9.651543399146211150e-03
7.915763794810343548e-03
1.492377958077486730e-02
3.702859229338258118e-02
3.169814555540254736e-02
3.295939021115639606e-02
3.392039388681821616e-02
5.662201615526310516e-02
1.065821749608053814e-01
1.755461175529278439e-01
1.257202357906454966e-02
1.171015116488682145e-02
1.938404140956973346e-02
3.386006276364623285e-02
2.684758354359957286e-02
1.736023416806999412e-02
1.869933340363585592e-02
3.623629080912686706e-02
7.734624866055397896e-02
1.386686952786318761e-01
2.548915977919101808e-02
2.844806240533340885e-02
4.994869444866316399e-02
6.118962098078182393e-02
3.318930561220656550e-02
1.958760011273654247e-02
2.129238839279631174e-02
3.916285881772571531e-02
7.840422214421548242e-02
1.344757048380072206e-01
5.776441419692797397e-02
7.246220106729246713e-02
1.315070059772333877e-01
1.437209484444260665e-01
5.989194647608619276e-02
3.701760160901701457e-02
3.958222859093572105e-02
6.136388652727025467e-02
1.021169470417087194e-01
1.540003995354021493e-01
1.198814210091861537e-01
1.559082485385494543e-01
2.538055365421093557e-01
2.277834986235880155e-01
1.124477318843766505e-01
7.836342966845248614e-02
8.015175456419693090e-02
1.040093308094088842e-01
1.433455686752098945e-01
1.874243337685081168e-01
2.019171978030994130e-01
2.563120511272966584e-01
3.644746472639707746e-01
2.964330693714324894e-01
1.820372941120698695e-01
1.407434659048645564e-01
1.384532514713901763e-01
1.584896072384327781e-01
1.900362120514340336e-01
2.220305899093162338e-01
