6.409611535658935044e-02
6.124648056713113964e-02
6.802375529898874174e-02
9.861437971816110204e-02
1.906797451642453234e-01
3.952516487792099298e-01
6.418195008372616917e-01
5.900325369907066797e-01
5.605191147888362035e-01
5.423271681730335025e-01
3.950719018022010726e-02
3.574206258098492489e-02
4.159474870120804385e-02
7.121335999838714070e-02
1.824172961077757948e-01
4.810677757980812430e-01
4.324860765432400056e-01
4.026227644998527921e-01
4.056687885400721005e-01
4.214524986143872720e-01
2.128971725181138044e-02
1.858373993006174132e-02
2.483209338863956103e-02
5.072148438547085386e-02
1.662029942341734512e-01
2.461597127527702378e-01
2.082360042648070952e-01
2.114053583871998987e-01
2.459893990632550653e-01
2.919954538679282452e-01
1.126137233229855712e-02
9.881136848387721619e-03
1.671715553210246022e-02
3.488990591696443377e-02
8.647741028256063223e-02
8.649046083868955348e-02
7.506403532011958479e-02
9.148166236178059685e-02
1.335992301435537932e-01
1.900458761065092761e-01
8.078613373163694503e-03
7.152493624176609055e-03
1.453527594305001162e-02
3.465164996899068595e-02
3.096207476209415083e-02
3.012296000963371467e-02
2.753455006306818748e-02
4.150660897966214347e-02
7.629055774232422482e-02
1.285266744087270596e-01
1.123629241984120709e-02
1.103989816317288084e-02
1.884378329843098068e-02
3.200980180309601075e-02
2.789336904355654845e-02
1.712938047126382965e-02
1.594946749345496975e-02
2.725720346736878325e-02
5.588596708822063386e-02
1.017085288872566357e-01
2.407977392599091812e-02
2.782512758965715455e-02
4.882531186140064844e-02
6.477967321964371583e-02
3.439750470417093919e-02
1.937806907582976038e-02
1.846428772774026672e-02
3.038263690172088652e-02
5.812097113625258604e-02
1.004149047605760875e-01
5.658632366081119136e-02
7.278167463907196655e-02
1.314594072226034360e-01
1.445623206995618470e-01
5.940422259762512258e-02
3.468198941656219086e-02
3.369692373630370913e-02
4.842212787336603458e-02
7.813402764416485513e-02
1.181159495613862132e-01
1.192794800574529523e-01
1.578924435960818162e-01
2.564772210181646139e-01
2.207555942689592432e-01
1.059705854823229931e-01
7.005776372455467527e-02
6.737736834220446613e-02
8.362749493335713824e-02
1.130274616833105428e-01
1.479120649386831132e-01
2.024554621148425826e-01
2.602461457618694407e-01
3.709131847380877089e-01
2.816480650072487046e-01
1.675874226989589877e-01
1.241280511539685633e-01
1.173413206767529998e-01
1.305139299038926837e-01
1.544535940253632111e-01
1.805799950921357921e-01
