6.247751199309100473e-02
5.948149443378560053e-02
6.586294916932906862e-02
9.563408748468306408e-02
1.867419491266772147e-01
3.918466664117858933e-01
6.533928850230548147e-01
5.997077006982933778e-01
5.686470407025004947e-01
5.493273926211063030e-01
3.817436610107999978e-02
3.432745684965367305e-02
3.984885581038995206e-02
6.853116456517280297e-02
1.788566738261881395e-01
4.801794629252673086e-01
4.400517620787870454e-01
4.085480697474226930e-01
4.107251928486429504e-01
4.259731989361767446e-01
2.030790629886618584e-02
1.759991354051558196e-02
2.350413887665268875e-02
4.884707573707538358e-02
1.646405251802887659e-01
2.496203428523816603e-01
2.100411615663173859e-01
2.128441116552576284e-01
2.476115016200557128e-01
2.937018730550653989e-01
1.057397635598407090e-02
9.229173631269044220e-03
1.584504510018912293e-02
3.414560877510698644e-02
8.686609706359503524e-02
8.597307066598869341e-02
7.396436303589130901e-02
9.048907026423701205e-02
1.328631965148762140e-01
1.895507684585710784e-01
7.464281848195291474e-03
6.590415217273388158e-03
1.386058497748708304e-02
3.475305547191762795e-02
3.044948441509386441e-02
2.880632808308184606e-02
2.602567664880451118e-02
3.994058030116613700e-02
7.451012330040032716e-02
1.265890312131929818e-01
1.043524834024217758e-02
1.030472932470481023e-02
1.820359651291571929e-02
3.220053401461162729e-02
2.611159408908225038e-02
1.551018817440770817e-02
1.448868670970169907e-02
2.540835444533466256e-02
5.342675115486281850e-02
9.865522084992527085e-02
2.260608065041058712e-02
2.658884142414348964e-02
4.860116486691932330e-02
6.230825749233544902e-02
3.094405910188481601e-02
1.688642544264819592e-02
1.630430499987431392e-02
2.771878518496833158e-02
5.458424191576852907e-02
9.594887827915356271e-02
5.406032087498085364e-02
7.093475765763550267e-02
1.322963011782009035e-01
1.393706639465925323e-01
5.355544373826295890e-02
3.031116461645266477e-02
2.974636049332924151e-02
4.397116949504586286e-02
7.271677260138738330e-02
1.117972727121287341e-01
1.157118528588505085e-01
1.558066035598913435e-01
2.585800069914415689e-01
2.131479938035939770e-01
9.738462849201331983e-02
6.272622631645612123e-02
6.058131612320706572e-02
7.652818166310690340e-02
1.051794632541736829e-01
1.396477936562324496e-01
1.985149538352044829e-01
2.582859167387673294e-01
3.730552377521647034e-01
2.736020673047042107e-01
1.575403493905433439e-01
1.143658933270167294e-01
1.078632158059285723e-01
1.208952069639328830e-01
1.445385168516770680e-01
1.705328255974443430e-01
