6.513669673221768319e-02
6.102265767947556013e-02
6.587363932444195713e-02
9.331836595459136463e-02
1.811197031197269713e-01
3.835056000535954079e-01
6.797884868651259405e-01
6.321642194507849366e-01
6.001149011411788248e-01
5.785999900525021777e-01
4.012161464717280829e-02
3.526783060374944628e-02
3.964561008038669510e-02
6.639750003200549366e-02
1.737396536419327231e-01
4.753482568702829814e-01
4.647605544935154431e-01
4.342665957739938465e-01
4.372183107908084176e-01
4.523056118564110495e-01
2.133269654563259288e-02
1.793131061711401159e-02
2.322430491146881826e-02
4.751743645831983665e-02
1.624753762084863717e-01
2.590719731531407888e-01
2.209317344550442430e-01
2.267356859612352227e-01
2.651356408361376094e-01
3.139413190339584991e-01
1.094364257517692340e-02
9.180519151080776194e-03
1.550941148691662060e-02
3.399220461513728642e-02
8.668610899319645346e-02
8.687272781138519195e-02
7.604283313593952764e-02
9.569582547203156486e-02
1.425129444449751148e-01
2.035227230877260929e-01
7.540812554015455076e-03
6.394648980193692010e-03
1.334966069718157566e-02
3.519730405139016166e-02
2.957286254790513977e-02
2.788816123399471408e-02
2.594638465412044820e-02
4.169930701854607236e-02
7.982049283540373907e-02
1.363210207774273874e-01
1.032709447360504254e-02
9.956125528932050633e-03
1.775154819436348605e-02
3.202391020514304409e-02
2.471530252712077561e-02
1.454067252455469410e-02
1.419711306721993874e-02
2.637800220471734139e-02
5.716309210009904579e-02
1.062773906245414457e-01
2.233070291985519637e-02
2.586057815373474580e-02
4.820805881346980348e-02
6.123806898698274520e-02
2.960837447310734824e-02
1.601852672401670244e-02
1.616959784467241618e-02
2.887755908671637423e-02
5.842274996575618634e-02
1.033384051853030866e-01
5.344901743866493915e-02
6.952698388789070594e-02
1.314684958531753267e-01
1.393503523004258615e-01
5.255241992790392336e-02
2.986575829159343609e-02
3.027455771970789106e-02
4.625055624035805807e-02
7.780996220979993772e-02
1.200628119198577926e-01
1.151058164727530586e-01
1.541391711182621138e-01
2.574920014901611043e-01
2.152457662152311990e-01
9.802899621264644925e-02
6.383864043754063078e-02
6.297927090975252717e-02
8.093107538587097916e-02
1.123472190697459433e-01
1.493061102214615077e-01
1.981997988558154844e-01
2.569248801862833442e-01
3.716774107850443487e-01
2.778473661131979355e-01
1.607149468840665119e-01
1.179691351938118998e-01
1.127612723485259538e-01
1.277235023285842042e-01
1.534927744776873049e-01
1.811635646052374149e-01
