6.434621244177131383e-02
6.021133444975790977e-02
6.516514920925571552e-02
9.310928355464546946e-02
1.824766661761314523e-01
3.888547109210061525e-01
6.719430754461704902e-01
6.176488180752595092e-01
5.862466933606027553e-01
5.660402356825952053e-01
3.951382900663615722e-02
3.462552684348853965e-02
3.901831721381336660e-02
6.636395346551127172e-02
1.761829607642911022e-01
4.857887248520554868e-01
4.490476399776718308e-01
4.187832535186067906e-01
4.232804535332681528e-01
4.400739601407704926e-01
2.091896141496564845e-02
1.741238607806033789e-02
2.267699809302727368e-02
4.760809748274649755e-02
1.650580748692712929e-01
2.469898861254662681e-01
2.075326705669975069e-01
2.142155979547752387e-01
2.536927863910035663e-01
3.036452117019381447e-01
1.065829591532603711e-02
8.767418059229644539e-03
1.494957072684381660e-02
3.410273266673260334e-02
8.209288195103546515e-02
7.983973724780403514e-02
6.905631969768045997e-02
8.864597225929260471e-02
1.352181438348220577e-01
1.962808754995341576e-01
7.291726464865351184e-03
6.069602001715239392e-03
1.272453351094528576e-02
3.536770653151993099e-02
2.775292086948329823e-02
2.514986250393343517e-02
2.328882432932031024e-02
3.862805068262049196e-02
7.596396670191501999e-02
1.319794406523722152e-01
1.009934667090663617e-02
9.576893032188201274e-03
1.726055263111420449e-02
3.190162872136921568e-02
2.401380551387042456e-02
1.343952748701274062e-02
1.312938699234810803e-02
2.509211492743652211e-02
5.544012538144321711e-02
1.042325628004875382e-01
2.207527238179900556e-02
2.519577699819641747e-02
4.755221686020207061e-02
6.128536497467880484e-02
2.929162473718044737e-02
1.552380871261752060e-02
1.570399833125045788e-02
2.849229741002196059e-02
5.814967861566290586e-02
1.031709871664515249e-01
5.351130148381388896e-02
6.879136658020156003e-02
1.304854133432431507e-01
1.408248425998523123e-01
5.281502834154510467e-02
2.998241991825366728e-02
3.057239177438588265e-02
4.692827896100221913e-02
7.908817493822886679e-02
1.217052562021085360e-01
1.162142730663338619e-01
1.544342483419659795e-01
2.574776508356189098e-01
2.180357538665508021e-01
9.950940819430528772e-02
6.521188752355280838e-02
6.463985305706264339e-02
8.325326824433749995e-02
1.152907449873895596e-01
1.525883801833988473e-01
2.010259732479016126e-01
2.591380601757309332e-01
3.734576851147649035e-01
2.810764018649152263e-01
1.634469574292227723e-01
1.208406523610957573e-01
1.160786167402403229e-01
1.315962576506223281e-01
1.578143735248312973e-01
1.855928609461716117e-01
