5.426302136810091936e-02
5.104832622657367452e-02
5.679899561735276409e-02
8.554779896262973415e-02
1.770692214544552501e-01
3.896309559528229327e-01
6.379561566156887187e-01
5.760343531533983485e-01
5.417966790736998828e-01
5.224487590168950257e-01
3.234347027644159794e-02
2.837850824075732400e-02
3.297908451556479104e-02
6.001468095852551671e-02
1.711663898387796312e-01
4.873598156182949448e-01
4.189524156077606976e-01
3.814888451665093827e-01
3.819848392550649341e-01
3.977064518027633722e-01
1.675628118356798507e-02
1.396646410493242868e-02
1.884990437513624911e-02
4.270564297233109263e-02
1.610953377819568655e-01
2.371779302088101449e-01
1.894225118906590621e-01
1.893213019093734073e-01
2.224641983552924085e-01
2.679393487965763265e-01
8.578830882915784717e-03
7.106697059182603624e-03
1.267175835999258260e-02
3.069649323753620429e-02
8.345529903705740937e-02
7.615458356725463007e-02
6.146441509888905114e-02
7.571889144203687583e-02
1.149304915496439927e-01
1.689706015580356990e-01
6.122241893346661891e-03
5.143003748106883891e-03
1.151393962012512220e-02
3.324627417245297478e-02
2.761454257758462483e-02
2.352115741235493579e-02
2.014711517143415523e-02
3.192581651009063909e-02
6.280681342666394329e-02
1.111243036650813587e-01
8.994736334735537603e-03
8.682373447069293218e-03
1.637696217581975297e-02
3.076334137777219854e-02
2.303801080975439661e-02
1.215864343566699923e-02
1.104780468279479601e-02
2.033596965867874584e-02
4.505639842336450762e-02
8.655625124942474546e-02
2.051586143221363276e-02
2.396279246703948013e-02
4.673393901460663746e-02
6.149764691087961782e-02
2.731910772676667334e-02
1.360097927622841950e-02
1.299186299525992294e-02
2.306052503112737684e-02
4.725355963636609924e-02
8.551011093274253627e-02
5.120453635900597961e-02
6.741756164881353153e-02
1.310619070459212998e-01
1.377344554955115818e-01
4.851190927434025774e-02
2.592531221559806268e-02
2.543868212666116832e-02
3.852323730908091548e-02
6.511883751968458589e-02
1.017933713917040933e-01
1.131365841560566105e-01
1.532119259777084408e-01
2.599923114348565156e-01
2.103790404389805080e-01
9.121014833998083993e-02
5.699425461257891928e-02
5.490584771625022648e-02
6.993117671951915026e-02
9.702294242399463198e-02
1.296713790689507095e-01
1.975132693382874449e-01
2.581362029690868476e-01
3.766973174785396283e-01
2.710534838689329096e-01
1.515922699545594887e-01
1.080352067576065000e-01
1.012938743220249682e-01
1.135577692006821404e-01
1.359528200623148497e-01
1.606520100316649879e-01
