5.024266932966440363e-02
4.839599043850127680e-02
5.592874716512226396e-02
8.743790749983763877e-02
1.832787324711660226e-01
3.997318218348717700e-01
5.927431265883373879e-01
5.303029430606610584e-01
4.972303531788242470e-01
4.804161394339109825e-01
2.945378011908222210e-02
2.667511128839215873e-02
3.254376859686591156e-02
6.178969305012042140e-02
1.765616297535625989e-01
4.703323888589115431e-01
3.851050378152185427e-01
3.465713419574020793e-01
3.456697295093027478e-01
3.609023056424041087e-01
1.516940249033556232e-02
1.320852736521810865e-02
1.877340696712285345e-02
4.371900393684684250e-02
1.627043372487484985e-01
2.241694725056948279e-01
1.751128154143599680e-01
1.711822287491760741e-01
1.992132544422605123e-01
2.404006039552796792e-01
7.857352309903380475e-03
6.914938328390147354e-03
1.284310436912902351e-02
3.058261793363388839e-02
8.377964624821206130e-02
7.484773108311423839e-02
5.853840997778779476e-02
6.896221579966420323e-02
1.022846582887360356e-01
1.501593064468070560e-01
5.778237614533139090e-03
5.216922235993393803e-03
1.201740165444975007e-02
3.248018261169870885e-02
2.797459634138620838e-02
2.421439251924276809e-02
1.978007886337543667e-02
2.930423604222712197e-02
5.560604424001033136e-02
9.795217580952744751e-02
8.676596440995892542e-03
8.791146965144561176e-03
1.672571199916680212e-02
3.008961331286834698e-02
2.318644683001577778e-02
1.267681416982062090e-02
1.078134226548619831e-02
1.848857893465014751e-02
3.960700056450047746e-02
7.576350504199828861e-02
2.010274479121062705e-02
2.423148431363012639e-02
4.685748130276055912e-02
6.277742997670830716e-02
2.767749252198855453e-02
1.373888818992026473e-02
1.235593263303984279e-02
2.063454278610897877e-02
4.121415448073282445e-02
7.456612948848796718e-02
5.054136473682032532e-02
6.802814914156636583e-02
1.315779221386736697e-01
1.373339190542957888e-01
4.834690420294840418e-02
2.514872399197773389e-02
2.345538560754534957e-02
3.411006970234873453e-02
5.682828734540194826e-02
8.895354288362361528e-02
1.118792501214969232e-01
1.538261687454411386e-01
2.609014527780402215e-01
2.063448239596616940e-01
8.847825939658197913e-02
5.357612669606490186e-02
4.979810491749942641e-02
6.197660165975053814e-02
8.527894920239607879e-02
1.143081606752392038e-01
1.958211630610451615e-01
2.584840914944861456e-01
3.784101498071368308e-01
2.635019870708411038e-01
1.450645159943884377e-01
1.007296177979418311e-01
9.216868849891118876e-02
1.017326914480729538e-01
1.211157322938722219e-01
1.433568704657164072e-01
