8.162008857693060782e-02
8.508243063253766170e-02
1.029110179166157213e-01
1.536995089720295526e-01
2.803812193123454977e-01
4.567531699533554090e-01
4.021698370158542368e-01
3.794382186358224995e-01
3.777345937536925047e-01
3.835922548680388844e-01
4.633281119940960147e-02
4.641984962293647238e-02
5.998583426373563926e-02
1.049688179398688970e-01
2.430934836918023922e-01
3.102246360417521553e-01
2.624254170329030078e-01
2.534919759693022301e-01
2.704847216097139850e-01
2.967195818101744376e-01
2.234511854245835663e-02
2.179556765290448575e-02
3.233609819622786097e-02
6.529572791833639089e-02
1.834498712073902860e-01
1.561325286565801440e-01
1.289220759859125431e-01
1.347187761505921622e-01
1.651072059684014770e-01
2.062706908163330910e-01
1.044733391520068569e-02
1.035329500798951724e-02
1.919878608611029144e-02
3.845857723793566496e-02
6.447781577042742407e-02
6.137535016245682790e-02
5.072862276085391559e-02
6.086967741748860322e-02
9.108833162515597714e-02
1.348137696529310148e-01
6.574498714531072999e-03
6.652378000331020391e-03
1.479404638501273864e-02
3.292977419226524732e-02
2.785369451664647389e-02
2.453712131466629157e-02
2.029673968384187663e-02
2.866253435497296762e-02
5.238859932278906728e-02
9.082877163518730812e-02
8.539212050012224414e-03
9.288160219232557621e-03
1.744956809748563278e-02
2.778435675295870544e-02
2.436990192936060520e-02
1.424952248100517030e-02
1.182467282004621804e-02
1.865225893488773115e-02
3.780259019416080252e-02
7.070161639617227045e-02
1.952209623930806909e-02
2.470190334012522387e-02
4.728081871266371500e-02
6.385278551621424714e-02
2.806421176070683643e-02
1.457325249153495865e-02
1.262765114901782428e-02
1.976008481376761300e-02
3.809430216807476594e-02
6.824784130701951057e-02
5.083946780950468480e-02
7.088341106636580902e-02
1.345565272774894849e-01
1.286363389369771515e-01
4.499737828945644252e-02
2.324241792449422556e-02
2.110431277245589793e-02
3.002671511546926852e-02
4.987651014466989996e-02
7.891913746253215178e-02
1.159861649469791645e-01
1.630698288232632354e-01
2.720079120134525352e-01
1.810035801391241261e-01
7.499384337940515066e-02
4.418401638791630975e-02
4.075044319654988478e-02
5.115541461577806370e-02
7.190436867692803768e-02
9.870621720680587685e-02
2.058561630543404852e-01
2.756333436083146515e-01
3.995406259547017447e-01
2.229501507755370371e-01
1.176791734851948407e-01
7.955397257376906062e-02
7.282477357363784098e-02
8.201105063112960891e-02
1.004235465102269326e-01
1.222711682997742050e-01
