5.287194253313461101e-02
5.643720278922077088e-02
7.359225958214005159e-02
1.245170968927210159e-01
2.557850842082162179e-01
4.315482669156286977e-01
3.579452334576778694e-01
3.224097867736704370e-01
3.131875397411923445e-01
3.161762240998269857e-01
2.777236784368285541e-02
2.842927494107106920e-02
4.026845417426186402e-02
8.289013965842491338e-02
2.229099920840618698e-01
2.887155137541781436e-01
2.257185731422994834e-01
2.058182475544597934e-01
2.142791675302939125e-01
2.350224077684721913e-01
1.262688281104653101e-02
1.275455402738044468e-02
2.122320589391200191e-02
5.115893731498211833e-02
1.709322268964447999e-01
1.430709694335180748e-01
1.066608463328074241e-01
1.038251216395505577e-01
1.243329668456213816e-01
1.566230746284024422e-01
5.902968699020890407e-03
6.217775926718275073e-03
1.331996414736103147e-02
3.047354673534158342e-02
6.453570616433960960e-02
5.497341613064294502e-02
4.020942194053550578e-02
4.442557243911142428e-02
6.518809103565513519e-02
9.824406154685477732e-02
4.001969620633451068e-03
4.449932984606320280e-03
1.175082723136659443e-02
2.935223284671570690e-02
2.676015146929583421e-02
2.104260861195447405e-02
1.528474720818983820e-02
1.986814868166045592e-02
3.587002190319588807e-02
6.387464984376961530e-02
6.107179208204279244e-03
7.287060449003108717e-03
1.557415264506292578e-02
2.687741531604604175e-02
2.153091836723317401e-02
1.141410405894391876e-02
8.395318479411490245e-03
1.239526564245412368e-02
2.506567757754200529e-02
4.853564434023130425e-02
1.590466854594162552e-02
2.188195831902021646e-02
4.558563711997852541e-02
6.200361840270326302e-02
2.335357143706871114e-02
1.092819887058466867e-02
8.597493956299677789e-03
1.290011169128293771e-02
2.510497772543164932e-02
4.654887023168122889e-02
4.521019016941329322e-02
6.724600899976920787e-02
1.342849669818520220e-01
1.209019563086364546e-01
3.700716592625399176e-02
1.691366153742861547e-02
1.429299505827107304e-02
1.988560710920113384e-02
3.340051586369376102e-02
5.449344885302726677e-02
1.089430762684470561e-01
1.601695627433310509e-01
2.755409698334432833e-01
1.664073383711936194e-01
6.153872701492459074e-02
3.260203071938403557e-02
2.840484939664943143e-02
3.510916254751310361e-02
4.979266549508795658e-02
6.990852180893898649e-02
1.997025547470353823e-01
2.755230456087207069e-01
4.076259830233915915e-01
2.036601287166253382e-01
9.834719858089505107e-02
6.117222775907633914e-02
5.333095465257729761e-02
5.899046878911733127e-02
7.236235954528878744e-02
8.933971285924163785e-02
