5.684187663964422599e-02
5.964228127600553625e-02
7.585213980035422632e-02
1.255852188247485735e-01
2.567802390377949551e-01
4.494337721885099945e-01
3.785181811649998562e-01
3.450384222421185587e-01
3.372654504980127088e-01
3.407108237296881392e-01
2.994079660533715062e-02
2.992384698336738452e-02
4.116039913242024173e-02
8.315237562968810781e-02
2.253115446309273684e-01
3.000519660023802104e-01
2.382755563782203156e-01
2.207323994526140531e-01
2.319617002787323079e-01
2.548119009353222442e-01
1.340230003095640825e-02
1.303450815163676758e-02
2.117813929307131582e-02
5.106112323700239680e-02
1.744423855826392755e-01
1.461882927004567456e-01
1.103856138857913782e-01
1.101760272094351317e-01
1.343486341620786229e-01
1.702001143843925590e-01
5.928233579299971474e-03
5.986712773477348946e-03
1.281896988814656101e-02
3.051527745675089789e-02
6.395961958693610616e-02
5.417737059911877096e-02
3.994561218591829305e-02
4.602205775949759492e-02
6.978461995487775238e-02
1.065028270662651960e-01
3.753919049594913338e-03
3.954868582098507689e-03
1.080181595851686764e-02
2.970676906446837948e-02
2.558399545101040437e-02
1.967302363894980755e-02
1.447422553378997431e-02
2.001212257046379797e-02
3.789876415956303091e-02
6.889936979478754331e-02
5.430190158893519539e-03
6.241085680733747532e-03
1.387490667354537854e-02
2.632936821772606517e-02
2.037447375638172173e-02
1.032437229071794978e-02
7.769770978495471776e-03
1.232332404611093633e-02
2.633967009807916190e-02
5.212225204821490515e-02
1.418996997150364162e-02
1.921259179805719433e-02
4.224736443203180175e-02
6.187643941216879745e-02
2.253245488022526458e-02
1.009789571787936963e-02
8.100361408649600636e-03
1.298962946197564777e-02
2.640485681753765995e-02
4.989003466576667767e-02
4.141928711089248177e-02
6.141269913212064196e-02
1.281926088171787548e-01
1.233256116041210604e-01
3.649966700647828965e-02
1.635227423912067810e-02
1.414065097874683298e-02
2.045905072802306837e-02
3.538136274578439905e-02
5.834141841324897576e-02
1.026869790213089662e-01
1.513972728280005564e-01
2.674626085230027428e-01
1.708722941291479225e-01
6.213983467075535200e-02
3.284067953337280882e-02
2.907815293786344263e-02
3.675076152040276239e-02
5.292281742815343332e-02
7.470865941300482149e-02
1.920471319606239236e-01
2.656949991945157796e-01
3.985843693064516913e-01
2.095514321662175772e-01
1.008438717552857661e-01
6.296749120909458930e-02
5.550218452151104570e-02
6.214465383249682950e-02
7.683964345291799392e-02
9.503944360300821403e-02
