5.866367320980813566e-02
6.080964983725922063e-02
7.599643249472470830e-02
1.240959883581827794e-01
2.536389079765508092e-01
4.655741258299905816e-01
3.967105876995185576e-01
3.642360092228614787e-01
3.569568936262578207e-01
3.602872691411477257e-01
3.113690791557198467e-02
3.058800495558113008e-02
4.121396802295864553e-02
8.211302647321924719e-02
2.239527033918365106e-01
3.111207604704764873e-01
2.503710102843638707e-01
2.341325585322699410e-01
2.469429470696354045e-01
2.710109686917942518e-01
1.393391778057944536e-02
1.326917986541860384e-02
2.116201307085812180e-02
5.063831499084669313e-02
1.754239044078276522e-01
1.503017815691355952e-01
1.150950007294712779e-01
1.166727450601232896e-01
1.433760049528781111e-01
1.817094347694927781e-01
6.121341872510306821e-03
5.992266450695921988e-03
1.274627484150067311e-02
3.064725614645831195e-02
6.398030048319269802e-02
5.453567272055657306e-02
4.077623722578729154e-02
4.825918269183634979e-02
7.438241057868895389e-02
1.139277266724692400e-01
3.785279888515585660e-03
3.887340384260194390e-03
1.062638061784385718e-02
3.025318789251897622e-02
2.489211186110496660e-02
1.921448781427136446e-02
1.440983770366584607e-02
2.075726988208662430e-02
4.027624141949834313e-02
7.379203284763130588e-02
5.395863828907070461e-03
6.074210768041872315e-03
1.362084448718513773e-02
2.639053361567662154e-02
1.963838904519266473e-02
9.897604542239583914e-03
7.690583360249498603e-03
1.276777473723538815e-02
2.802521965551155181e-02
5.591643826333678874e-02
1.403852560967046130e-02
1.876717417097862814e-02
4.180622151465363673e-02
6.156575486448746110e-02
2.217025274848018548e-02
9.871995921234683752e-03
8.209407848834573973e-03
1.359436770158400920e-02
2.824367886313290665e-02
5.361559068846519921e-02
4.094294651571280669e-02
6.022097067530633729e-02
1.269966196192454932e-01
1.241958742457324461e-01
3.660262409168944797e-02
1.654499669743703799e-02
1.464346694335453072e-02
2.171395071299655338e-02
3.802694597800659188e-02
6.283438234697147351e-02
1.016255728462364949e-01
1.490155583097515501e-01
2.647247955382329709e-01
1.737946782139713486e-01
6.357421334196321216e-02
3.407428745981569418e-02
3.075052324085961186e-02
3.935164013804045430e-02
5.697018768307872405e-02
8.036185389370134602e-02
1.900770667077744391e-01
2.620104365706383276e-01
3.938258664095242167e-01
2.146763676029449230e-01
1.043938387840563781e-01
6.612570817758388342e-02
5.900386022993752561e-02
6.654153439589087504e-02
8.245459186436052135e-02
1.018115299151338554e-01
