5.246201682721243764e-02
5.571863825437129575e-02
7.255516782640582252e-02
1.236775082936065612e-01
2.574722985676298759e-01
4.275537729868538195e-01
3.521906307394315205e-01
3.165945238417966490e-01
3.078623311445027877e-01
3.113469023472175690e-01
2.703802879433628292e-02
2.731265506528880380e-02
3.860904353232925967e-02
8.095498929233312102e-02
2.237942497390834340e-01
2.852039506694734050e-01
2.201628792049764027e-01
2.003382375843414664e-01
2.093000959457991805e-01
2.305153049154481104e-01
1.190658112106470802e-02
1.170061839285616891e-02
1.955977639919955977e-02
4.914192778345731483e-02
1.715446189543774758e-01
1.398862937383567595e-01
1.020088227443173706e-01
9.928845405298225568e-02
1.200808701512603716e-01
1.525878882906061829e-01
5.267111372940737855e-03
5.389668087050206689e-03
1.180943691807582151e-02
2.897782155958657582e-02
6.434910117107946192e-02
5.248658648355303963e-02
3.716949371092428955e-02
4.135740028975449373e-02
6.193614130198857315e-02
9.480054571489403281e-02
3.425012042371032746e-03
3.673060681679853751e-03
1.019944340684995204e-02
2.786837959570313480e-02
2.544163270753566422e-02
1.923027911967116477e-02
1.352570137497745642e-02
1.793710639831847323e-02
3.344800214255628373e-02
6.097244270586178044e-02
5.147272572418553141e-03
6.020953840593951979e-03
1.360503826934425162e-02
2.526454961331687024e-02
2.014313107848320766e-02
1.002548102770318798e-02
7.212416632653971885e-03
1.098853919326059012e-02
2.310648082922170388e-02
4.595441787668709532e-02
1.388679494231668220e-02
1.908461539638599963e-02
4.225988033466342858e-02
6.244257076472137236e-02
2.198110959122010627e-02
9.577022499789223167e-03
7.411515655604315224e-03
1.149147010732360676e-02
2.311768377723034257e-02
4.397451419547002832e-02
4.147932027581716780e-02
6.222799044506286542e-02
1.298356351144622500e-01
1.208621139265412953e-01
3.484987197432117684e-02
1.511675211241445861e-02
1.268470741506355810e-02
1.804842506925939671e-02
3.109887998741735562e-02
5.161086048304096979e-02
1.042068237987427981e-01
1.548568822288584335e-01
2.730339909677349519e-01
1.642119546498846949e-01
5.813973485984259837e-02
2.986596994396735136e-02
2.595517557942883524e-02
3.252642593880490651e-02
4.683499730937938643e-02
6.655012500535334441e-02
1.959996480836503907e-01
2.726121731844994844e-01
4.103013056011128867e-01
1.995287372390554814e-01
9.375803467423669824e-02
5.726842950368719182e-02
4.981504444472760473e-02
5.549438939204132115e-02
6.871575704047891420e-02
8.542184418496415188e-02
