5.308379852062627968e-02
5.581314423681430631e-02
7.190136836022034683e-02
1.219762903517450509e-01
2.552462364325022159e-01
4.363082029454189437e-01
3.610557403029384105e-01
3.255839479584685114e-01
3.170305394887496520e-01
3.204792979782145612e-01
2.742772736050418103e-02
2.732226276975958934e-02
3.812031019487273353e-02
7.979724992081628498e-02
2.233913061373782871e-01
2.900190902891756073e-01
2.246890644012576044e-01
2.054161302898759589e-01
2.153459687479329920e-01
2.373741787046266538e-01
1.203025050243056344e-02
1.160650042326419676e-02
1.919232419981277762e-02
4.856997760706860401e-02
1.728797295436856618e-01
1.403859980187203982e-01
1.024548672458457516e-01
1.007168828776071334e-01
1.228951686462958354e-01
1.568110628722874655e-01
5.279242925653850407e-03
5.252178128429882756e-03
1.153695951564041519e-02
2.887727144815477667e-02
6.369248929249197999e-02
5.136617808783953271e-02
3.630611809083960501e-02
4.121232807868244891e-02
6.286459162272088619e-02
9.712168027853955443e-02
3.369578414071220263e-03
3.528539444903229082e-03
9.873552875661476338e-03
2.816396456865264547e-02
2.444772150052068604e-02
1.822628728077848453e-02
1.285664773729245855e-02
1.760401698729718162e-02
3.372252062376117354e-02
6.234222788837837093e-02
5.057561773595510048e-03
5.778982717538128089e-03
1.322302929391666951e-02
2.527311797185211040e-02
1.933180606666257476e-02
9.392757339852514029e-03
6.812319480527641823e-03
1.077789365661438459e-02
2.337052579792077422e-02
4.710130973508993429e-02
1.364028488671680320e-02
1.847981161367298272e-02
4.155512126258681382e-02
6.231992081443327863e-02
2.157000314028491988e-02
9.198446252508114124e-03
7.207737586427169496e-03
1.150516096513781207e-02
2.370051164329874463e-02
4.538041214969264214e-02
4.089311835222762814e-02
6.085085391910053515e-02
1.283958066818509380e-01
1.218205607277504515e-01
3.478231301357845306e-02
1.503921058971248274e-02
1.278970279670061869e-02
1.852370894052257286e-02
3.224299043403905385e-02
5.367572186211419516e-02
1.032369447150705694e-01
1.526487772061393133e-01
2.706226889739618002e-01
1.667303248331365728e-01
5.904565726515077079e-02
3.054006269164111220e-02
2.681705315633757525e-02
3.386903714714601527e-02
4.897769634592397114e-02
6.950712895481946096e-02
1.946155141172687675e-01
2.697289209786331021e-01
4.047676326470709962e-01
2.036271357697064799e-01
9.625081928721275493e-02
5.930083386020985198e-02
5.196189676957811698e-02
5.813384867858054084e-02
7.198130030369458143e-02
8.928444906492986888e-02
