4.625930232317466279e-02
4.880229496288383817e-02
6.388018709882185842e-02
1.113228963870199484e-01
2.389514189874949734e-01
4.451629252325134956e-01
3.668551756455500912e-01
3.274616884232754432e-01
3.157652925227731333e-01
3.172664690265482590e-01
2.402338468797891174e-02
2.422799662188618655e-02
3.462087767830990953e-02
7.452173654826475813e-02
2.127535049209242912e-01
2.951477448511840573e-01
2.279694645293856570e-01
2.056585545584121710e-01
2.129557377912221494e-01
2.331946309750151380e-01
1.089354258099472020e-02
1.082948220041497246e-02
1.845528345009681340e-02
4.718872791836083158e-02
1.692098240387056307e-01
1.425345414164069791e-01
1.038722416243968577e-01
1.003307605096728367e-01
1.205741651399649256e-01
1.528309848530700066e-01
5.065861187967775521e-03
5.329214867852244582e-03
1.196195747120449952e-02
2.890134635096608742e-02
6.392730955896450129e-02
5.191137233818789859e-02
3.676031680422411907e-02
4.083854559684631930e-02
6.120377144695347826e-02
9.395213703675596439e-02
3.499453161910334991e-03
3.890061412769788615e-03
1.087628171349539104e-02
2.850854392326388972e-02
2.361521426619316022e-02
1.827767000958295529e-02
1.297203988235198086e-02
1.735874682676882830e-02
3.267455316189331327e-02
6.004337677692918318e-02
5.510771314038769193e-03
6.627030142052844214e-03
1.445022395492122184e-02
2.522568443456610701e-02
1.850889224306102518e-02
9.401410385768239203e-03
6.846704231183756498e-03
1.061377146663227723e-02
2.260650691309480306e-02
4.533468896087668176e-02
1.483170546706377713e-02
2.074641462484225554e-02
4.466233271697232776e-02
5.890400278440355991e-02
2.120322122429556602e-02
9.289248257640088033e-03
7.262863309883536844e-03
1.134095626740902127e-02
2.300002120065237216e-02
4.386767031953230089e-02
4.315563486610981409e-02
6.512219833943928837e-02
1.335049820740806248e-01
1.169509904682582008e-01
3.484331411937486439e-02
1.537824316653627760e-02
1.293364771085838208e-02
1.839395810969985182e-02
3.160486075193017635e-02
5.235466217626680296e-02
1.052157681253721166e-01
1.559929194489573234e-01
2.725404039395390443e-01
1.645104226304620887e-01
6.030503040333063530e-02
3.156052996211906880e-02
2.740488905230034633e-02
3.400976246871235259e-02
4.859656134801051269e-02
6.852393609037314703e-02
1.937421152837147109e-01
2.682534275245192501e-01
4.002162381919004419e-01
2.059407457786998075e-01
9.956315388825383306e-02
6.168897721307823462e-02
5.350791067593625022e-02
5.900829619758714978e-02
7.218887256171786782e-02
8.887545057702415929e-02
