4.215669468821296034e-02
4.452843414841525793e-02
5.914272185076494687e-02
1.060996598318087736e-01
2.344163355528597337e-01
4.419740703252636460e-01
3.594611753866737147e-01
3.177919386367037413e-01
3.050909273162611401e-01
3.063049028438989407e-01
2.145843408765619673e-02
2.154757780120407015e-02
3.130174072902708327e-02
7.024822908865489823e-02
2.088210579291067126e-01
2.923889487342738458e-01
2.217036481062527598e-01
1.976941649127664791e-01
2.039710338781897392e-01
2.236248888957557968e-01
9.577455475106987082e-03
9.444204392835517034e-03
1.640240865334880935e-02
4.424435657936152955e-02
1.668307871140942977e-01
1.402790675631283013e-01
9.972619744977034850e-02
9.515363743926598394e-02
1.142847375427615553e-01
1.454849092819020251e-01
4.456218079726476794e-03
4.631564189004145141e-03
1.068621431890804351e-02
2.701841000504963744e-02
6.396943516980596600e-02
5.040175328092870444e-02
3.465828979920944353e-02
3.814028725894575561e-02
5.743994341540648030e-02
8.887720888124603369e-02
3.174612872828804725e-03
3.502066995030336631e-03
1.004898797548765994e-02
2.749611489481293761e-02
2.339414774052523197e-02
1.741104314281294654e-02
1.204375791517779681e-02
1.603930474067577841e-02
3.045925708208703855e-02
5.660322603065547770e-02
5.232884208003363812e-03
6.281632305591029579e-03
1.400020528545257471e-02
2.491502130222435218e-02
1.812313112271985924e-02
8.857888204729286868e-03
6.337254230895775220e-03
9.812152324397045017e-03
2.111679694086447331e-02
4.280595254053188442e-02
1.448561991282333421e-02
2.034587152989093123e-02
4.449112247621413857e-02
5.867257519324475118e-02
2.050978970764989057e-02
8.751623900607225989e-03
6.762527293116668906e-03
1.061446376924988361e-02
2.168445126725373692e-02
4.168465981624717293e-02
4.298497194818603345e-02
6.509654135226682070e-02
1.344437741196743696e-01
1.156677332195261976e-01
3.360530495923604727e-02
1.457901279743756794e-02
1.223520756662168849e-02
1.745174070031552810e-02
3.018653315448344490e-02
5.023049038204060318e-02
1.058199297290608465e-01
1.573284673614623597e-01
2.755895152287647365e-01
1.621533901979580194e-01
5.842578687005176713e-02
3.026729909411633376e-02
2.628497656231766622e-02
3.273177183744845065e-02
4.685791461727044360e-02
6.624142153661312371e-02
1.955018828727317914e-01
2.710831649483045891e-01
4.046214755915995553e-01
2.032782522434824490e-01
9.726494259161881650e-02
5.991429850164840809e-02
5.191563336882942109e-02
5.727038598955837972e-02
7.014521484020141973e-02
8.641264107561863472e-02
