4.390624355940363904e-02
4.623413602650833926e-02
6.098333996768071780e-02
1.084304300021245032e-01
2.380874101247148489e-01
4.421675163556314514e-01
3.607256154654909230e-01
3.203486680808245723e-01
3.086607695288846043e-01
3.104922139178576956e-01
2.228543477910917281e-02
2.223550937499907398e-02
3.202859473020909509e-02
7.136849571396779168e-02
2.116497432130172995e-01
2.922121388061352243e-01
2.221166824790739847e-01
1.992535013444392822e-01
2.066679722057866431e-01
2.271532657376960085e-01
9.792905095119751671e-03
9.533156711176096407e-03
1.646894004561662642e-02
4.453765225488123813e-02
1.684582032056463619e-01
1.395653415054347313e-01
9.929808966727950159e-02
9.562502439306712343e-02
1.157804917218036855e-01
1.479810522161841835e-01
4.424511870334261153e-03
4.521155984390162058e-03
1.043598261558654171e-02
2.696877177548824903e-02
6.364945686656696411e-02
4.973003268244204772e-02
3.415887591917258354e-02
3.810043131901089813e-02
5.806711966060499469e-02
9.037490628489709688e-02
3.009119585174834140e-03
3.267392427236666223e-03
9.497218835165726486e-03
2.717654257538448456e-02
2.326479972395036760e-02
1.698241380991604571e-02
1.171037886731588970e-02
1.590704007046339977e-02
3.069477940796322760e-02
5.747263928537507671e-02
4.869415035419069789e-03
5.770081436184025352e-03
1.310614554782579821e-02
2.427104644611775830e-02
1.799262690325172803e-02
8.548426026481648066e-03
6.124404958398020626e-03
9.680133785518171829e-03
2.121736600229357991e-02
4.337858417670704958e-02
1.364243547591478291e-02
1.906755180838423658e-02
4.288747131382085465e-02
5.902359889061103981e-02
2.023767327376687838e-02
8.464845231849364715e-03
6.552306785020541556e-03
1.045788334807227701e-02
2.173920032737674396e-02
4.216827417775069475e-02
4.132546880494293584e-02
6.266362678423369192e-02
1.320358621102586671e-01
1.165630453333598299e-01
3.313013430437985324e-02
1.416712847068473703e-02
1.195254713237938089e-02
1.728371816002246056e-02
3.025569112693490131e-02
5.062902250070950433e-02
1.036821303494743080e-01
1.546446813529324116e-01
2.737733643177445719e-01
1.625862619914298923e-01
5.765961980014354393e-02
2.964399153175217502e-02
2.582949569257587952e-02
3.248218122811697556e-02
4.688018477648710214e-02
6.658244935729956682e-02
1.939440914438016195e-01
2.695482095127687550e-01
4.043297138026291648e-01
2.028267583834937327e-01
9.613981090274058283e-02
5.897565699494054098e-02
5.125537639872383699e-02
5.689971653324966960e-02
7.007704123978511501e-02
8.665206574345941937e-02
