3.276424838329961009e-02
3.535229208162226494e-02
4.918059279922336324e-02
9.334011853326744379e-02
2.141382384789954352e-01
4.438758200925721487e-01
3.558439698562215203e-01
3.082050277713131448e-01
2.906376445349750370e-01
2.887636058930013738e-01
1.659280231058343769e-02
1.742192328176604341e-02
2.716266341815172514e-02
6.521360181534736900e-02
1.982718828459167082e-01
2.854802658245434444e-01
2.130399085495556788e-01
1.853424541230376255e-01
1.877184626773139853e-01
2.042818711817073474e-01
7.549384846416196809e-03
8.083957666008586077e-03
1.535701329987402240e-02
4.358636798201158402e-02
1.644990736024085909e-01
1.326978662409294685e-01
9.231015569014246192e-02
8.535499835657213430e-02
1.007058936638679930e-01
1.280444952416431026e-01
3.644898526123116576e-03
4.298549588154654787e-03
1.074706456126490149e-02
2.658236715747360271e-02
6.056415488158775617e-02
4.629962396141813069e-02
3.087876745608902213e-02
3.260795606868936714e-02
4.827630261406548606e-02
7.520502635249626255e-02
2.661981728883795230e-03
3.409263404962065234e-03
1.046101426786366986e-02
2.647882951073124089e-02
2.120882547612296803e-02
1.564218679536696216e-02
1.037500297030782490e-02
1.311212409359907051e-02
2.454311143554837107e-02
4.618643273269303767e-02
4.265272638732496222e-03
5.813340949204067951e-03
1.346443389184098262e-02
2.429545435583124399e-02
1.633905398406040183e-02
7.893290979148861672e-03
5.313857163983558458e-03
7.766842185336920654e-03
1.648950160625193423e-02
3.399268030795548484e-02
1.126658364422837393e-02
1.756877404355619565e-02
4.061043631741417803e-02
5.590438666494782632e-02
1.971997071248203851e-02
7.930420608022872159e-03
5.649460095259078649e-03
8.312147609514028423e-03
1.675816204951491653e-02
3.277041240098851893e-02
3.248951580047195614e-02
5.344268513707351592e-02
1.188672591635570319e-01
1.143453889810834567e-01
3.383883312709233537e-02
1.364125259874984612e-02
1.041186494083801324e-02
1.396298245353928824e-02
2.368941317244219538e-02
3.979349597322240362e-02
8.016789950618218030e-02
1.269636373314538824e-01
2.391172453105433193e-01
1.674320993315544792e-01
6.043212801781344679e-02
2.914909473894884348e-02
2.316308598181530259e-02
2.721418587225889890e-02
3.802412856857862594e-02
5.374496396751073102e-02
1.522730439430640681e-01
2.217740006931409047e-01
3.518017792314073744e-01
2.150334398070697928e-01
1.017033050376827952e-01
5.903594197915094932e-02
4.757572635093831187e-02
4.972326669028229174e-02
5.921994246620018720e-02
7.240655429557102396e-02
