2.780542395704397457e-02
3.117045697758287839e-02
4.651760139613472789e-02
9.559460231035973865e-02
2.292084991378497139e-01
3.880853211908737999e-01
2.947873259451572747e-01
2.498582495210719678e-01
2.363125296691725441e-01
2.380054967324542470e-01
1.272109023155145249e-02
1.376821636031254348e-02
2.364576547233692913e-02
6.459038779446654721e-02
2.097361547590908815e-01
2.410425203315420539e-01
1.668293338521253111e-01
1.423279969401400891e-01
1.466639477760302845e-01
1.640239065638489369e-01
5.077778150795886868e-03
5.530755226740095495e-03
1.199046569127977871e-02
4.134600858797841949e-02
1.691017241647033154e-01
1.066105144126024695e-01
6.706544712448322954e-02
6.132855215566217211e-02
7.525511717605624928e-02
1.001131758512078390e-01
2.149797239656852255e-03
2.555518897134580279e-03
7.586976498985463675e-03
2.346050762669037518e-02
5.418928430751623893e-02
3.504055957883697031e-02
2.073050443999058939e-02
2.197261214515418976e-02
3.466802684421847053e-02
5.750361181622347384e-02
1.467771887262808240e-03
1.908452812303232209e-03
7.118311288381312316e-03
2.280313993895712391e-02
1.861849451292331425e-02
1.115651926619018811e-02
6.537287733465905332e-03
8.464249010105118209e-03
1.720083867828775190e-02
3.488549652653030048e-02
2.571882281540920946e-03
3.667424830293184324e-03
1.014329070626193187e-02
2.135840930856879732e-02
1.381717492112994293e-02
5.389009634408161581e-03
3.270724478910023644e-03
4.982854253959583500e-03
1.159491328343819662e-02
2.576358531390490411e-02
7.936140254898371021e-03
1.316124730407559201e-02
3.611380539982210480e-02
5.602786856836463464e-02
1.605665340390307130e-02
5.405784255897261130e-03
3.594310689082124560e-03
5.574303817011207023e-03
1.216811747082971462e-02
2.529969552675565697e-02
2.676676515359592209e-02
4.645696456528647378e-02
1.142067756719773869e-01
1.116765524941928100e-01
2.781746711441088551e-02
9.637248879115996314e-03
7.104361665007889910e-03
9.952768324838169242e-03
1.793923542952617634e-02
3.157270977203718160e-02
7.438535287647765615e-02
1.223853615535353684e-01
2.417812241444120269e-01
1.576656342667525634e-01
5.007233375223785199e-02
2.181653117445987028e-02
1.699595788012695646e-02
2.057863651525665763e-02
2.992594736482112952e-02
4.368257296890329378e-02
1.514098674003613587e-01
2.257537955071518554e-01
3.654677609125920879e-01
1.978971313677332644e-01
8.604090148530135762e-02
4.685851533709253086e-02
3.714523781957403820e-02
3.941250684057433229e-02
4.807100225685398409e-02
6.002324859433618570e-02
