3.024533598813161639e-02
3.425490741380907839e-02
5.116094174150167401e-02
1.033977413152530611e-01
2.411185702503614858e-01
3.731033100554440596e-01
2.842904217947890277e-01
2.432002720728620171e-01
2.322332914321803832e-01
2.355425110017142221e-01
1.389826155906658846e-02
1.528161757836402415e-02
2.632085904102518525e-02
7.024209107255641182e-02
2.195374428856544935e-01
2.298864146783416718e-01
1.600922146730663631e-01
1.385778270794978950e-01
1.446698910836652363e-01
1.631528772657105386e-01
5.529958605839857197e-03
6.121035560740019019e-03
1.330618660408278316e-02
4.453646480131915469e-02
1.706170242157300232e-01
1.012894180712285430e-01
6.446908679173003753e-02
6.011596166363229743e-02
7.486594247943523239e-02
1.003504872160390082e-01
2.297547386964985273e-03
2.772947355385206505e-03
8.189736547609483344e-03
2.463109753389248341e-02
5.177113990022515211e-02
3.360110083460441516e-02
2.023524931554070497e-02
2.188816541213949723e-02
3.496519160854404118e-02
5.825197796549166918e-02
1.518959071207152435e-03
1.993330746690421922e-03
7.364382450354443888e-03
2.308631480385958321e-02
1.836717506640254960e-02
1.100919900605931354e-02
6.560846030695314732e-03
8.632103349991629773e-03
1.765248876861168909e-02
3.577955671699366985e-02
2.558048043598506148e-03
3.682721215248308672e-03
1.020978359388841766e-02
2.139296020879656590e-02
1.396650678545360326e-02
5.520854851242897737e-03
3.388944367513390451e-03
5.200605367583891782e-03
1.208052009473400100e-02
2.670721887478755274e-02
7.822943407271435931e-03
1.300197560748130900e-02
3.578802652269040541e-02
5.633698150978578428e-02
1.640981160701495550e-02
5.633604160122518065e-03
3.792612297097415573e-03
5.876030831710512062e-03
1.276817682016761525e-02
2.640352057932659341e-02
2.637454534573643525e-02
4.581950100017233296e-02
1.128709433605945694e-01
1.129228831175533715e-01
2.857250884036022578e-02
1.005758786676702946e-02
7.468565891387261672e-03
1.047378530201168410e-02
1.880784391525621921e-02
3.291926464749287545e-02
7.372611644535119468e-02
1.212819554863808491e-01
2.397979254699462159e-01
1.592954445470179947e-01
5.117909752980299293e-02
2.254358305895570042e-02
1.765695843870952741e-02
2.143595678964113280e-02
3.114698641878971275e-02
4.535617105154750306e-02
1.509418592334306475e-01
2.249788094591264886e-01
3.642283739283734278e-01
1.989043094613975327e-01
8.711284543576568173e-02
4.783043347799730005e-02
3.814650920493337788e-02
4.063332431029726549e-02
4.962445010181253807e-02
6.194641143865954602e-02
