2.678252919121143147e-02
3.064792634219390410e-02
4.697268146525524629e-02
9.853960990996393776e-02
2.370549670447146817e-01
3.694455278203815918e-01
2.771120417849528561e-01
2.344552089988540811e-01
2.228016550464470003e-01
2.258535476362551475e-01
1.188701803783019130e-02
1.317102281082380838e-02
2.347649744329755733e-02
6.618019796001615995e-02
2.157194684257739969e-01
2.270974635906965466e-01
1.547510011924077555e-01
1.321998657263849519e-01
1.374834944049322105e-01
1.553151677430714417e-01
4.573886090864565969e-03
5.114446992786140546e-03
1.163130428742880848e-02
4.186699645787363144e-02
1.715850756131862553e-01
9.928372926172919499e-02
6.142228513330684481e-02
5.651166709764809948e-02
7.034674545674628188e-02
9.477547503634212167e-02
1.883993573445900396e-03
2.299797399908694393e-03
7.201725507282885803e-03
2.319422843789257019e-02
5.168612144267920733e-02
3.234884018146891999e-02
1.884751548723002240e-02
2.019532645919447367e-02
3.243357003963211194e-02
5.453961715260938203e-02
1.283075297307907734e-03
1.714259051034648174e-03
6.747353173534254879e-03
2.239387348858454599e-02
1.808900037025295421e-02
1.028516719435590768e-02
5.930856778966960355e-03
7.792274411690307788e-03
1.614984606086456928e-02
3.319714224726515867e-02
2.307821025334679064e-03
3.409967978169656244e-03
9.926646534793788154e-03
2.127116261013254142e-02
1.326363543366514998e-02
4.938352451162891787e-03
2.970914402864318574e-03
4.602497132741977665e-03
1.091891880102301149e-02
2.456767529042071241e-02
7.406666410070178452e-03
1.271111298235244255e-02
3.621619146453739641e-02
5.444169294500535161e-02
1.477858441413039750e-02
4.855347455184403499e-03
3.245783701358186286e-03
5.138127311087347000e-03
1.143288012223864225e-02
2.411129653725330516e-02
2.591935452789661046e-02
4.619990218155217016e-02
1.159505438994620358e-01
1.075575458642201443e-01
2.539882234780584461e-02
8.570995036120005947e-03
6.384664526610696854e-03
9.156682205472261790e-03
1.682743346244655949e-02
2.999280989778049453e-02
7.396535973104043094e-02
1.239581989222500041e-01
2.473571747757496997e-01
1.503052350896088851e-01
4.574719606528763333e-02
1.952406458122909680e-02
1.533937817548627382e-02
1.892528927671575933e-02
2.799706967430515281e-02
4.138091978417138966e-02
1.528710059475015259e-01
2.304839785160189003e-01
3.748102821267869089e-01
1.880557341922644843e-01
7.938451976610971794e-02
4.257387997565049292e-02
3.387188518817624283e-02
3.639790254037407469e-02
4.498968956545188608e-02
5.676609225165665795e-02
