2.743944344625508930e-02
3.108781997668576616e-02
4.711421412204914311e-02
9.828084704654681258e-02
2.371783768430131278e-01
3.742861388958956814e-01
2.824278058300997429e-01
2.405394144811106583e-01
2.296785565616591140e-01
2.332960081015524878e-01
1.210895318181578681e-02
1.320279199398454763e-02
2.321308458824346277e-02
6.547091428712042971e-02
2.161513321337294458e-01
2.300061778170469640e-01
1.575660815252798441e-01
1.358212127022058457e-01
1.422807462025491576e-01
1.611623873392437900e-01
4.582099567413527690e-03
4.985083688966633272e-03
1.126574582422005567e-02
4.121663839656983241e-02
1.728139612796380786e-01
9.971823074832047995e-02
6.187731555041028897e-02
5.778087547169591387e-02
7.284197906877343254e-02
9.864349607563302480e-02
1.832443646424043639e-03
2.164199684109484670e-03
6.843634826080334695e-03
2.286039472359109939e-02
5.164161321450282810e-02
3.187974022279822794e-02
1.857951114492311512e-02
2.040764476517232737e-02
3.349130175460029307e-02
5.682885197281131034e-02
1.212316805171528367e-03
1.567035438465768727e-03
6.298855500641765796e-03
2.215852570735958246e-02
1.775396256138819448e-02
9.859599932781515363e-03
5.700356450053714955e-03
7.776820361341682530e-03
1.661703298710125523e-02
3.458971940376342341e-02
2.178719325982601991e-03
3.163966564452894408e-03
9.439728619289319139e-03
2.080629754836145831e-02
1.277914810878614041e-02
4.615537462373905074e-03
2.813678603733289502e-03
4.575452199176816351e-03
1.121531481657676160e-02
2.558280630081691959e-02
7.116845158800371406e-03
1.212868200930809770e-02
3.569020287948734133e-02
5.441322046094418385e-02
1.419441358717590980e-02
4.547681184805788326e-03
3.111881238242367610e-03
5.132992332195052999e-03
1.176701454208610269e-02
2.510522197753792956e-02
2.539697153304044594e-02
4.522689020867023263e-02
1.157303687060215053e-01
1.073085721721804275e-01
2.451831475082658779e-02
8.187879068493462975e-03
6.244743325008669799e-03
9.247955087969725665e-03
1.734310562958333093e-02
3.117098554490415133e-02
7.358439955862261517e-02
1.233491240279478568e-01
2.482567708656712724e-01
1.496908362402389059e-01
4.472934142413712011e-02
1.908620366808202670e-02
1.527337593103039390e-02
1.923925308011466620e-02
2.885243138451676695e-02
4.288112505048744666e-02
1.531044117849727770e-01
2.307586748924456976e-01
3.762850549639069064e-01
1.875292903613023920e-01
7.859466330345589447e-02
4.230283771139878302e-02
3.407129436229185127e-02
3.709667401896932920e-02
4.623921898242903256e-02
5.855290689607311333e-02
