5.321938817030812396e-01
5.398070592203870754e-01
4.915713813544487221e-01
4.692720442085910326e-01
5.161025303962589739e-01
6.189705135721951246e-01
7.260602213568413399e-01
7.875558256303344384e-01
7.775802538761571459e-01
6.771864329077120770e-01
4.986416070858978866e-01
4.595777733192771830e-01
3.696334284868794673e-01
3.368380952596384259e-01
4.223225072246452605e-01
6.043778949065341521e-01
7.928836765440251400e-01
9.042860414558763216e-01
9.051083132456437808e-01
7.811235853456318656e-01
3.742877323000159961e-01
3.037581962675792169e-01
2.000490566037662621e-01
1.768894165706793309e-01
3.250989465253705246e-01
6.031522963579423191e-01
8.557085267404420659e-01
9.234099081196474046e-01
9.020052975052164079e-01
8.016233863159035744e-01
2.286693910137984620e-01
1.593250827363147382e-01
8.728085434665150411e-02
9.003568006829204551e-02
3.615233077348337654e-01
5.888830129808453329e-01
6.345539977388798825e-01
7.320960804655135545e-01
8.105607189353472020e-01
7.726034019069166758e-01
1.150440731885513795e-01
6.798506643661016147e-02
5.425202082152889849e-02
1.514182166389721196e-01
1.364538088624714651e-01
1.514753152087025545e-01
2.885191866662567550e-01
5.049990830605215475e-01
6.910132083682030135e-01
7.259085421412967420e-01
1.042698244761642717e-01
5.949020253515932555e-02
7.325993300930021268e-02
1.945385321222843078e-01
3.600853414299371585e-02
1.827426953705760942e-02
1.155738211713391722e-01
3.628411389608549031e-01
6.088820090399096330e-01
6.909059334328020441e-01
1.878731912455288144e-01
1.409645164665841721e-01
1.892153205145988837e-01
3.512033804280756955e-01
9.408158297377948454e-02
3.424058587897546579e-02
1.127207843212580662e-01
3.524214691053036419e-01
6.003507642029713987e-01
6.856057264711619137e-01
3.305911439016361864e-01
3.108434502296058555e-01
3.877407161207324093e-01
6.390947055600473270e-01
3.244212969208081776e-01
1.954872932352311188e-01
2.564110067636469203e-01
4.599826031445988228e-01
6.569573046643202296e-01
7.042954093831816920e-01
4.819522441377512845e-01
5.065918605396260155e-01
5.743875618395559712e-01
7.496306495536599890e-01
5.834201504553401252e-01
4.613143964861922131e-01
4.819572309651203312e-01
6.050462729135354101e-01
7.189260285168841413e-01
7.095474804816138681e-01
5.384883263883778470e-01
5.971117373571024345e-01
6.464821568717706857e-01
7.291283219342624689e-01
6.719490174000287697e-01
5.976914947812791423e-01
5.973441600617904745e-01
6.522292171291826923e-01
6.929899875602186787e-01
6.419788833569584074e-01
