2.386164865839305801e-02
2.886425952135123624e-02
4.752049245646632059e-02
1.048292213308632675e-01
2.522952701389385433e-01
3.126675737785856724e-01
2.222342534869369834e-01
1.829566740881664044e-01
1.732976412175583347e-01
1.774916676039939301e-01
1.002658498778069389e-02
1.193288916852770602e-02
2.338059531387103387e-02
6.997098342891357181e-02
2.241869882584132667e-01
1.888726179583112563e-01
1.206454690240981453e-01
1.000530719181581124e-01
1.041902057088648637e-01
1.196737857253434706e-01
3.663041474941260926e-03
4.456759586316430544e-03
1.128338607241258056e-02
4.328565537754735376e-02
1.562212583263386800e-01
8.292320008584729008e-02
4.776358200148349969e-02
4.227244581781897104e-02
5.257597546761283436e-02
7.222879196863006557e-02
1.458153407919500705e-03
1.968135083822344662e-03
6.717110350466904724e-03
2.296000085844158989e-02
4.820283679769293839e-02
2.783700795218506732e-02
1.509734434006684486e-02
1.527060190722753265e-02
2.425966702444165568e-02
4.152328054701638627e-02
1.012067711796712241e-03
1.486473391837288185e-03
6.114015764286029851e-03
1.984216950857038697e-02
1.662253500101488687e-02
9.220657359306142289e-03
4.934064935334221691e-03
6.013914088949020437e-03
1.221499049211486124e-02
2.547561851444299016e-02
1.952014974829228153e-03
3.120112335594267192e-03
9.403353649512544155e-03
1.890636805846991272e-02
1.229374479155908098e-02
4.548846569758793583e-03
2.510249748602865882e-03
3.611539502545101435e-03
8.392260493169731092e-03
1.913483146554002118e-02
6.813549960282750360e-03
1.236962689944998486e-02
3.591281250640709216e-02
5.528594539411939984e-02
1.420627846810599421e-02
4.465134025757286872e-03
2.739748269147332209e-03
4.093249437159226546e-03
8.994486356273310654e-03
1.919344421105012924e-02
2.554847450046398780e-02
4.698332581993252405e-02
1.169745544653113672e-01
1.049729446466640959e-01
2.425226614576314263e-02
7.675184179727993598e-03
5.339061666653288976e-03
7.390114144661947930e-03
1.353344006731758802e-02
2.440101161227271193e-02
7.611902577426903072e-02
1.293618068804654464e-01
2.543160478859949891e-01
1.413020900036457417e-01
4.178923038499487985e-02
1.691910747125677933e-02
1.274112885953482092e-02
1.546884378928783770e-02
2.295916139254619223e-02
3.433360361002033012e-02
1.607823255175950816e-01
2.437835927424483462e-01
3.803229657980439216e-01
1.717878609264718581e-01
7.032195921174894115e-02
3.641422771818985521e-02
2.829956111123716617e-02
3.023341600680445884e-02
3.757359391825294825e-02
4.789774055612417564e-02
