1.853300394800347708e-02
2.281680521621390692e-02
3.928855655051358836e-02
9.273996991490669750e-02
2.371915680356908862e-01
3.126604599856801503e-01
2.151831059807996216e-01
1.716843889053372985e-01
1.592424579638152815e-01
1.614769423544146487e-01
7.407290876010581317e-03
9.002356598211120817e-03
1.875701748655502626e-02
6.168409002825189780e-02
2.129234767204788714e-01
1.861344515341019079e-01
1.135326088042535736e-01
9.043909016990625549e-02
9.217393053526887203e-02
1.052743536778027733e-01
2.585331320005987595e-03
3.262507971639189673e-03
8.990919145901634518e-03
3.866952969383959798e-02
1.564117923521549380e-01
7.957550683569759864e-02
4.287514401553028237e-02
3.614342887269662852e-02
4.418688637266337399e-02
6.090482501412588373e-02
9.979900616098799897e-04
1.438905880251680012e-03
5.539961847916490857e-03
2.093899055799965450e-02
4.753168724573078596e-02
2.551798191169692490e-02
1.263832162179637925e-02
1.211809934344989029e-02
1.912413117822929845e-02
3.330272932660020141e-02
6.699169818895358251e-04
1.101418307068371006e-03
5.404861766066102434e-03
1.923522187087699231e-02
1.552739109698572303e-02
7.839234047268108310e-03
3.755694297047475552e-03
4.361441197794501887e-03
8.948174618955887991e-03
1.931081530067847024e-02
1.270331476082475720e-03
2.260594914420522693e-03
8.006026409170747052e-03
1.895657831154368492e-02
1.077989679461851397e-02
3.451815407706622808e-03
1.701025556569265608e-03
2.369245718306686125e-03
5.700328092436360815e-03
1.369730767820591909e-02
4.631365803608143705e-03
9.405559236092268099e-03
3.155963815305544429e-02
5.247025125457571715e-02
1.186457770063146198e-02
3.100458193996802943e-03
1.704272152527459795e-03
2.514996831348447794e-03
5.787540541450551801e-03
1.313153759895509427e-02
1.874525433210938452e-02
3.829955270728812450e-02
1.075374712195033139e-01
9.925670716887796674e-02
2.012764719154888637e-02
5.282140873305284264e-03
3.312726112030981059e-03
4.542319517607952550e-03
8.651893808433784236e-03
1.647363941430409276e-02
6.062470898284573473e-02
1.120051537053300822e-01
2.398392731485313734e-01
1.329731240775149093e-01
3.492758325256438423e-02
1.217196510083531219e-02
8.369239604139027539e-03
9.976508909674731626e-03
1.516198031385832153e-02
2.355255570630032658e-02
1.368882787079499230e-01
2.204079135767393338e-01
3.764489842759169980e-01
1.617789079233554195e-01
6.030950163055654595e-02
2.798018583508176532e-02
2.013606348588401970e-02
2.090352767925565680e-02
2.611002156453151590e-02
3.398021372472549706e-02
