1.717689478178443044e-02
2.130248841644826266e-02
3.705964460966734708e-02
8.808882784521808451e-02
2.261027400486308736e-01
3.220316799910588612e-01
2.228521894292626593e-01
1.765336476416494715e-01
1.618299073296485258e-01
1.625479060598434278e-01
7.013426327964937881e-03
8.702167119716351651e-03
1.840299098165239580e-02
6.026709714598706136e-02
2.055964925171977209e-01
1.917789028621832981e-01
1.180801484867856355e-01
9.292829357397579260e-02
9.306294671615317204e-02
1.050000897694069596e-01
2.556179915284690924e-03
3.357667239687451254e-03
9.337042748809004644e-03
3.901140006159889428e-02
1.564770587175890182e-01
8.245643605640580465e-02
4.499571604839516792e-02
3.713421451843736121e-02
4.423833159566785411e-02
6.006946820104283602e-02
1.050329710429057616e-03
1.594793631196889409e-03
6.013486111081580744e-03
2.138041173792476143e-02
4.825825775050442829e-02
2.674346247678287269e-02
1.342655781253685593e-02
1.245028379112608947e-02
1.895724941936784147e-02
3.245070844007731659e-02
7.553772415095619166e-04
1.294448684159280570e-03
5.939444508490997893e-03
1.890788218040497307e-02
1.567789825910279392e-02
8.334053395166960906e-03
4.037245006276993751e-03
4.468225288058200705e-03
8.780173212061197219e-03
1.860607187502357623e-02
1.451861341463233160e-03
2.660679419037064591e-03
8.745061134754327642e-03
1.888446841462224079e-02
1.094031933378351341e-02
3.733280480657121154e-03
1.828313304389305892e-03
2.408205049756598215e-03
5.533120682141911412e-03
1.306461380542929714e-02
5.062954670061667328e-03
1.040790801901850596e-02
3.291319108362170121e-02
5.196510737068674168e-02
1.249743507875735078e-02
3.391910419879487666e-03
1.817305325689222081e-03
2.527966921657115191e-03
5.582289462497775148e-03
1.252081401675735756e-02
1.924617988575849994e-02
3.934736053258776345e-02
1.068965836725347396e-01
9.942305078652734218e-02
2.150456304258388865e-02
5.793355488255394481e-03
3.503227839916615675e-03
4.550054700722633988e-03
8.377864093123943076e-03
1.572478531472967442e-02
5.923282136161280714e-02
1.092718235439424784e-01
2.317791762724233928e-01
1.364234125101710382e-01
3.755638889788355528e-02
1.321348728754771079e-02
8.786001807801743779e-03
1.004832418745416761e-02
1.483158678217567049e-02
2.273680389066146806e-02
1.305469412745898505e-01
2.104832492502133057e-01
3.589243068950391802e-01
1.686333993877691395e-01
6.457387447004621361e-02
2.999988683234223324e-02
2.107023456559976859e-02
2.120979736132266869e-02
2.588500427973673690e-02
3.325491579530785030e-02
