1.744050246802443874e-02
2.161826885420633712e-02
3.755014083975996564e-02
8.908789143587821091e-02
2.283579503715301162e-01
3.206251094045530770e-01
2.219250812731730638e-01
1.763276867072422482e-01
1.622226479954634593e-01
1.633537805784580632e-01
7.057420768400658219e-03
8.741486059291867991e-03
1.848265579143473780e-02
6.065036696427651697e-02
2.073278222947770311e-01
1.906557590093023447e-01
1.173074375260236418e-01
9.274025099462321342e-02
9.336899772483467363e-02
1.057082242496942132e-01
2.525949211711486005e-03
3.302449631217117473e-03
9.236437883662636239e-03
3.903254986037812957e-02
1.563399264112944331e-01
8.166700999121417892e-02
4.446648858578612640e-02
3.695228809466775954e-02
4.438243402791039460e-02
6.055989421430472974e-02
1.007704345619355509e-03
1.525180447050003248e-03
5.842517938536814434e-03
2.128890293752698851e-02
4.801290278090238756e-02
2.632476841019672567e-02
1.316201207366532455e-02
1.233651801495127577e-02
1.900685065487502101e-02
3.274212604297788848e-02
7.037850506507485268e-04
1.197754193722085558e-03
5.664925609013835364e-03
1.871298288880602831e-02
1.558128849420027835e-02
8.138002081183428119e-03
3.926722456952830287e-03
4.404408285607500605e-03
8.785203319653184240e-03
1.876423380960310847e-02
1.343673486113331102e-03
2.470378386349800313e-03
8.324799794950446530e-03
1.856186881521603924e-02
1.084331834022257864e-02
3.615491165180661007e-03
1.764474965155155266e-03
2.365928515286517663e-03
5.524775504324180506e-03
1.315937539242309669e-02
4.777437466290675172e-03
9.899461977243811939e-03
3.223882990612295801e-02
5.217854106949398885e-02
1.228661397000839137e-02
3.303855495914202137e-03
1.758685956103309004e-03
2.483139811113708410e-03
5.567238377679118409e-03
1.254159020277985023e-02
1.856140533970214793e-02
3.828254656127384054e-02
1.059812663366246771e-01
9.968178215339139336e-02
2.112470656420897472e-02
5.601038261073706948e-03
3.393017089121539050e-03
4.478415179978031957e-03
8.337972318327084228e-03
1.575953140360689814e-02
5.820985762870024144e-02
1.080634934836059158e-01
2.314495622464636249e-01
1.361484455411506866e-01
3.689403399983190446e-02
1.284687985325262682e-02
8.566062958368010974e-03
9.896995335940904012e-03
1.474642957953724992e-02
2.271822628003983963e-02
1.297151463593652354e-01
2.099518986717764657e-01
3.596568185392389760e-01
1.676672790726157214e-01
6.355052383254256032e-02
2.935042140142393383e-02
2.065224760302750151e-02
2.092571865148068824e-02
2.568908497180572709e-02
3.314146271155265361e-02
