1.612754002417898097e-02
2.013980695960523176e-02
3.563547741080799053e-02
8.667257504817918456e-02
2.263880516879848426e-01
3.174173808016746978e-01
2.170246186451963155e-01
1.709323701412331642e-01
1.566768731559524674e-01
1.577549331846830882e-01
6.386348139697418588e-03
7.957911068883969513e-03
1.725223624326930466e-02
5.872353722562000111e-02
2.056443825970584727e-01
1.880920173413027363e-01
1.137818148251747846e-01
8.903909153160555201e-02
8.945309534399978335e-02
1.014816206073373556e-01
2.242001858933177164e-03
2.946046058289751406e-03
8.515466445338773852e-03
3.776301861317107184e-02
1.563068390297880916e-01
8.003875997811571441e-02
4.263852793657642304e-02
3.507702962871458996e-02
4.216367912880240876e-02
5.781846148259070506e-02
8.879157109576424475e-04
1.351899961962184111e-03
5.374757196120841761e-03
2.053114500017105479e-02
4.778420006393580000e-02
2.552868722675358595e-02
1.245342653857361460e-02
1.158040699490936291e-02
1.793454420011987918e-02
3.113570067486921139e-02
6.341494321139025782e-04
1.090690870109409499e-03
5.320009688141935471e-03
1.822667281948759516e-02
1.542408937706354205e-02
7.800594130474240023e-03
3.676884669213465514e-03
4.111568297248872558e-03
8.269136950103516542e-03
1.783568758733956178e-02
1.270373122230564200e-03
2.354193091109577866e-03
8.134961180929317984e-03
1.838526835064474216e-02
1.068211209965899341e-02
3.449117469757060316e-03
1.653094751738120672e-03
2.215532124118743586e-03
5.222204696345857967e-03
1.255869733425755280e-02
4.648057946555901945e-03
9.710241349687825235e-03
3.214183972816679613e-02
5.209315212532241585e-02
1.199152904153557610e-02
3.124753823948961222e-03
1.658452976381997969e-03
2.352567938357916829e-03
5.318455284750346276e-03
1.206370877333198290e-02
1.843192679143560234e-02
3.820262232616621761e-02
1.064477545159903255e-01
9.894237495740561272e-02
2.057260190234128094e-02
5.370200703142943496e-03
3.248740817588491661e-03
4.298621679287650300e-03
8.053976414306910844e-03
1.529173340978856599e-02
5.844020034845639339e-02
1.087618411757108328e-01
2.333065093796168887e-01
1.346170509424594874e-01
3.598643560396724145e-02
1.242230856237286005e-02
8.278078171485198783e-03
9.602617689050350555e-03
1.435564805500321069e-02
2.218379340906090000e-02
1.307732499484181299e-01
2.118694616768789785e-01
3.628014667864739029e-01
1.656646527124112367e-01
6.228586852503072840e-02
2.863511234041668518e-02
2.014682215921604139e-02
2.045297159922119731e-02
2.515967038422165653e-02
3.250475905545331667e-02
