1.587156133164353486e-02
1.973495226354501572e-02
3.491695744459204914e-02
8.547990873486564778e-02
2.252162350283184733e-01
3.184942591275331525e-01
2.173596667641792268e-01
1.711239242731838750e-01
1.569353070314880583e-01
1.580928495135921485e-01
6.274423162896121398e-03
7.764117944711503537e-03
1.685934650405029878e-02
5.807973573526744454e-02
2.058635145652685239e-01
1.875953885725146764e-01
1.129865440474174532e-01
8.846437548706449772e-02
8.914796923835048570e-02
1.014071700347949356e-01
2.193927011310082241e-03
2.856276988225214808e-03
8.307396561407727476e-03
3.752218540883072578e-02
1.559244028484304823e-01
7.885327758422795708e-02
4.164746074197499953e-02
3.439592925410591556e-02
4.169546096228125137e-02
5.754924108001533561e-02
8.631492120249135893e-04
1.302758889072743375e-03
5.245905071355078456e-03
2.044925858750754402e-02
4.714891631248512016e-02
2.470108507882143659e-02
1.191502486189957924e-02
1.119112808987186326e-02
1.760405703460457896e-02
3.089427933447622468e-02
6.133864804023736418e-04
1.045589033553531244e-03
5.200843478114470023e-03
1.830675302134431373e-02
1.494134025234212376e-02
7.413743936809833249e-03
3.467360580933174889e-03
3.943736746769250373e-03
8.094066966680845202e-03
1.770352497584817483e-02
1.231594238418122836e-03
2.278791439930915111e-03
7.983429225033707166e-03
1.837933415928570680e-02
1.041267780377080725e-02
3.280903715534340057e-03
1.568844498644918336e-03
2.143836967190161820e-03
5.161748689067768847e-03
1.254939989520685931e-02
4.550882610573523182e-03
9.468218358415993532e-03
3.176207753674031159e-02
5.219105692638737609e-02
1.190704903424415033e-02
3.053044231101449159e-03
1.623804452495047901e-03
2.337342274622677962e-03
5.352135541339567842e-03
1.220336909023970844e-02
1.812644780122347685e-02
3.748947647495552010e-02
1.054872977431374620e-01
9.974623169453471216e-02
2.066029721502467970e-02
5.386031797459371433e-03
3.277098146350216224e-03
4.380255026968477364e-03
8.244726330933590391e-03
1.564751177571782267e-02
5.776023131015733947e-02
1.072759068144647915e-01
2.313743154404776792e-01
1.364622200215168391e-01
3.657328933078295152e-02
1.269609505548669783e-02
8.527366805891624033e-03
9.923715413219963075e-03
1.484609332585958529e-02
2.287622736959409042e-02
1.295800825253963506e-01
2.095499853807075985e-01
3.597578499992189482e-01
1.685833179815881822e-01
6.376023715979893536e-02
2.951489681334855050e-02
2.087770345484248752e-02
2.123910262269122079e-02
2.609379334317515203e-02
3.360455650630168878e-02
