1.461563979927936983e-02
1.823777065801733543e-02
3.272023551754194015e-02
8.184819020386924215e-02
2.200004746720269355e-01
3.212620020480741467e-01
2.183221716004448698e-01
1.711145923575001226e-01
1.564623418691407919e-01
1.574002549522844630e-01
5.736376706005241743e-03
7.145429035014404587e-03
1.583613108717779952e-02
5.612187651418604900e-02
2.031639031175780374e-01
1.878383808137422950e-01
1.123744242131289733e-01
8.758883734394663778e-02
8.818354649379586685e-02
1.004038336861569763e-01
2.002735973851651943e-03
2.640110644134961281e-03
7.901459175556313844e-03
3.682513468413409208e-02
1.553717951979322054e-01
7.783995949391633862e-02
4.068470740587419587e-02
3.353642728926029687e-02
4.081597174817223200e-02
5.662175708651621259e-02
7.955947235947951387e-04
1.218785735984557377e-03
5.083652212056287596e-03
2.032524455299922900e-02
4.640725214532428339e-02
2.388077404553125976e-02
1.138103576021052242e-02
1.073295209255194400e-02
1.706535806146555409e-02
3.025225588355445056e-02
5.788139508970109419e-04
1.000921181687370546e-03
5.115149000789693222e-03
1.833515324651623091e-02
1.439758736990693656e-02
7.027263707951676187e-03
3.260727479077576811e-03
3.748623952035342894e-03
7.836154548787837779e-03
1.733482998075668718e-02
1.197014033528700149e-03
2.239230407243974694e-03
7.904644788513087023e-03
1.821591442919421114e-02
1.008706685702635483e-02
3.123568719886515160e-03
1.489715742472675101e-03
2.061528725512910137e-03
5.039169171897550474e-03
1.238388896124019943e-02
4.462673391712810959e-03
9.414976816685039288e-03
3.191761123582075727e-02
5.179327235600401924e-02
1.176268364453974744e-02
2.987037271838689258e-03
1.593071679468577480e-03
2.311076408396686710e-03
5.323460580711516545e-03
1.221210433951717446e-02
1.787624630265136419e-02
3.721905996214663892e-02
1.054862076920455721e-01
9.961049000621380323e-02
2.066554465491336409e-02
5.407902951898543517e-03
3.308308574203912104e-03
4.438745200169917117e-03
8.375000953827383895e-03
1.588924476999586249e-02
5.689313994484240106e-02
1.060227169317234236e-01
2.298260850168171443e-01
1.376692618609403340e-01
3.716372134369285568e-02
1.300670620249765735e-02
8.784653272038731725e-03
1.023440853693948285e-02
1.527070155384028204e-02
2.345447266012689463e-02
1.274721564870748280e-01
2.065009255699434554e-01
3.557358770365595668e-01
1.716399307430312438e-01
6.548478269293205034e-02
3.054370814492663247e-02
2.168624520188738511e-02
2.205360184718690303e-02
2.699984123007351591e-02
3.462558149484390446e-02
