1.391787945282689509e-02
1.746379559926346595e-02
3.173851400761437680e-02
8.072670492194701508e-02
2.196266780688420905e-01
3.178457027164514614e-01
2.140000538026471111e-01
1.668132814606821390e-01
1.523410951973835359e-01
1.534248545934829566e-01
5.356734434672856017e-03
6.702527316338018071e-03
1.513215241142649124e-02
5.506130340344571328e-02
2.026679230388744313e-01
1.853080707327645071e-01
1.094202784031354375e-01
8.479444551436676747e-02
8.541998338608415564e-02
9.755311142964123716e-02
1.835100668452005436e-03
2.423295471697803436e-03
7.448270570854699339e-03
3.604701359804551863e-02
1.552264751903933981e-01
7.636032231003338222e-02
3.924387774366424469e-02
3.219943599159142550e-02
3.934021666848018517e-02
5.487322565853260808e-02
7.191073761588602162e-04
1.102928162283983975e-03
4.749173454626383177e-03
1.982441630450879413e-02
4.616228458588041150e-02
2.321831963775085328e-02
1.086422928951060948e-02
1.023193950542916619e-02
1.639893420801116081e-02
2.928512863529861635e-02
5.305140444174324564e-04
9.155281332834352666e-04
4.813954321835589058e-03
1.789536211649659855e-02
1.427446613086395463e-02
6.765502821911883666e-03
3.083112447023289310e-03
3.569184571184681135e-03
7.529618288573415238e-03
1.680397097253098770e-02
1.135351277947916574e-03
2.134657701749314348e-03
7.705636756672733234e-03
1.800322813727606164e-02
9.973628259556107517e-03
2.997670933076787298e-03
1.411504741308610908e-03
1.971644564576875529e-03
4.871133288447439258e-03
1.206008348320354064e-02
4.347305502781744282e-03
9.227461290656553683e-03
3.180861616834376737e-02
5.176272483067472646e-02
1.150069259781811605e-02
2.868494442692218465e-03
1.525020316706096873e-03
2.230754225622286202e-03
5.195561110364231225e-03
1.197592794947788600e-02
1.777727922987810960e-02
3.715498163911708229e-02
1.059570201016765689e-01
9.898190051465936834e-02
2.015694187593901690e-02
5.213785041360151709e-03
3.198094731481986377e-03
4.331302336320504848e-03
8.228727743279911494e-03
1.567475873529768776e-02
5.724424413632835107e-02
1.068427545868386452e-01
2.318076657595176393e-01
1.361899992226806300e-01
3.629432445587243983e-02
1.263185416489878005e-02
8.561082761828210999e-03
1.004825981906738719e-02
1.508286412468869651e-02
2.322327280996967780e-02
1.288183645496329688e-01
2.087110583772748273e-01
3.591795424027653949e-01
1.695580781505715007e-01
6.421745145403619237e-02
2.987717565527988131e-02
2.128837837380717982e-02
2.174418711014262928e-02
2.672701498171736051e-02
3.434230439743960611e-02
