1.295471260169940748e-02
1.618626995468800192e-02
2.955285760318685992e-02
7.648296798112685924e-02
2.127169906679154121e-01
3.233957658743113472e-01
2.168531196751908585e-01
1.676983235051196230e-01
1.520191553053782396e-01
1.523474236056366338e-01
4.954041511124874370e-03
6.147590154460889911e-03
1.393203355306696541e-02
5.189672705145881998e-02
1.965929863393075516e-01
1.892686204154314655e-01
1.110551000239818897e-01
8.504660602245768530e-02
8.483516377642186246e-02
9.634876711652465286e-02
1.699251892689752344e-03
2.222540304340211298e-03
6.857964759342784211e-03
3.407484302820940752e-02
1.578613984911289569e-01
7.814279070754835688e-02
3.976027711000978959e-02
3.209965616084065054e-02
3.877042969898015362e-02
5.380124902663026981e-02
6.751118349687994452e-04
1.031325092165453474e-03
4.472375257391735318e-03
1.888290554190133128e-02
4.685832912428464225e-02
2.365982070925768885e-02
1.091065834989946720e-02
1.008254002763957560e-02
1.598412755654443976e-02
2.845079858352666385e-02
5.146017442799194356e-04
8.840525268520289890e-04
4.706168182600726363e-03
1.769475647757035378e-02
1.437485029147845053e-02
6.791734657795176627e-03
3.044491847995067259e-03
3.458005313676145928e-03
7.242543215705670064e-03
1.617069720842252006e-02
1.131250339220200201e-03
2.123249009919715453e-03
7.685568614530200425e-03
1.803260120027957991e-02
9.906872637706528803e-03
2.940890468958346372e-03
1.360446182894725587e-03
1.875323543655609167e-03
4.623164012422339118e-03
1.149328753708312410e-02
4.380762239693120237e-03
9.307027655446591802e-03
3.202937054187134785e-02
5.151568081562642870e-02
1.127686773260220925e-02
2.757792849586599652e-03
1.437634918073216542e-03
2.095483683588329586e-03
4.894185556564962201e-03
1.133964664563234109e-02
1.796964411837670764e-02
3.761768931623993978e-02
1.070372819559916311e-01
9.791360507295471249e-02
1.963286428307507020e-02
4.981680240321998028e-03
3.016588433846318848e-03
4.071404435743440284e-03
7.749158189915218882e-03
1.483958897656435447e-02
5.779641629876728498e-02
1.079944482494457902e-01
2.339478238380288955e-01
1.343823212422365909e-01
3.534219973749219701e-02
1.212272079535476471e-02
8.136227802218710947e-03
9.514135946060367152e-03
1.428618885074447661e-02
2.208437238977491515e-02
1.296850198989437930e-01
2.103039902634950831e-01
3.616274672582946437e-01
1.675731613740643888e-01
6.286290767723642925e-02
2.894303463160578793e-02
2.045158565079737215e-02
2.080443353761427319e-02
2.554484118787042624e-02
3.286413815804148375e-02
