1.346801646812872087e-02
1.703237273387973177e-02
3.114827071321658522e-02
7.946585911619458154e-02
2.164485649435085035e-01
3.202366934930752085e-01
2.154752647216190975e-01
1.667006510588305568e-01
1.508915300452873254e-01
1.509918626638270811e-01
5.079654475112309157e-03
6.412960881554642320e-03
1.456316166799165139e-02
5.311949593037387785e-02
1.962921671519096689e-01
1.899693251126387261e-01
1.121153171420805339e-01
8.551886426428420562e-02
8.464208301395576006e-02
9.555525145322528446e-02
1.702769161140186291e-03
2.280601826522118264e-03
7.048637363727430077e-03
3.419652945453947185e-02
1.558657366213737905e-01
8.034994584976978826e-02
4.119562099584730963e-02
3.275029515450959827e-02
3.881962416390778020e-02
5.322701059804516716e-02
6.563600064779745533e-04
1.033357339810388967e-03
4.494778343758168253e-03
1.876060886323871121e-02
4.802779789093638424e-02
2.496396868899411134e-02
1.155051983361354319e-02
1.033113457530707505e-02
1.588427906734559206e-02
2.783413107274153656e-02
4.774515213310394747e-04
8.574208696650899558e-04
4.594491459066364809e-03
1.706645926172709396e-02
1.465920113175889043e-02
7.195608825412698299e-03
3.187429514598061082e-03
3.446054302447456880e-03
6.978876186117964099e-03
1.539488370238127450e-02
1.038530365574837728e-03
2.031396926948991939e-03
7.454838889005798754e-03
1.763261195505483325e-02
9.834615833313744074e-03
2.934890791487572426e-03
1.313910989894114542e-03
1.729961218727034226e-03
4.184368999069253484e-03
1.043021879770556631e-02
4.110443385498314776e-03
9.096983150476800617e-03
3.182668394975594894e-02
5.071496836993419355e-02
1.050611584154615558e-02
2.462835452865377601e-03
1.228589496209975219e-03
1.739905110907114796e-03
4.093475440351112410e-03
9.694024720521287469e-03
1.729660097269328234e-02
3.747389635310484357e-02
1.075860558324201327e-01
9.410377899747791874e-02
1.773494828639732984e-02
4.127200788126682979e-03
2.366219941435931083e-03
3.153324749081025391e-03
6.126095398223449680e-03
1.210358451462834745e-02
5.692789648778869005e-02
1.090618554643494054e-01
2.376566412357344060e-01
1.256809575832408266e-01
3.079884550811393465e-02
9.695933504412336881e-03
6.192115264945139384e-03
7.207028675065171169e-03
1.106360674221710041e-02
1.763502554522545715e-02
1.298445846993495356e-01
2.142615069019286056e-01
3.689715637259474712e-01
1.537809884283664608e-01
5.406691930761700626e-02
2.326518202384273565e-02
1.578724645641357838e-02
1.596382559349218688e-02
1.991492305250589998e-02
2.624890572306021186e-02
