1.337622791666856492e-02
1.678018405260301923e-02
3.054207061856600500e-02
7.815048757065991281e-02
2.145942135207955237e-01
3.237013129803823497e-01
2.181669075058152441e-01
1.689900521535322719e-01
1.530481123959281931e-01
1.531226422202396076e-01
5.040161044026844270e-03
6.287853025555487779e-03
1.421074963717973254e-02
5.225196838873645555e-02
1.956307709311247700e-01
1.915323637884647490e-01
1.130385885064171397e-01
8.634932611389234403e-02
8.562424139099836240e-02
9.674679971162727932e-02
1.682583701187684170e-03
2.219013885437911508e-03
6.853711834274104839e-03
3.374426423319244750e-02
1.563825297769662614e-01
8.035171047227782082e-02
4.102781288745506461e-02
3.272578583720773399e-02
3.901171134800920232e-02
5.369402488638793519e-02
6.420108533293799637e-04
9.972725774092150615e-04
4.375045437153977229e-03
1.858261277807528311e-02
4.790034368772887879e-02
2.458188922648754313e-02
1.126289759580536426e-02
1.015313653022937093e-02
1.580903294862712194e-02
2.793114675926648000e-02
4.655693154150940954e-04
8.211749205760511885e-04
4.494137197557592292e-03
1.715253055944037167e-02
1.431280081091380191e-02
6.926143967375644923e-03
3.035324315505224212e-03
3.331309205103402324e-03
6.883067998724132566e-03
1.537041621663062969e-02
1.013591558489066943e-03
1.963346352559937769e-03
7.302186611168449623e-03
1.762946299355299187e-02
9.516663341894986139e-03
2.774909566624046177e-03
1.235183588136107031e-03
1.663983619552792705e-03
4.116732042871720613e-03
1.039932311744997707e-02
4.023986801370069491e-03
8.876594357784411277e-03
3.151968686414326898e-02
5.072405962223662523e-02
1.031515777367916949e-02
2.357062097571806149e-03
1.173789973210934753e-03
1.693776688799053954e-03
4.049960498514534359e-03
9.694138018529160558e-03
1.701790837225925640e-02
3.683333273882664904e-02
1.069511883840957855e-01
9.445041648656089806e-02
1.757677289132849804e-02
4.039421496867129542e-03
2.317638537891502943e-03
3.127460833581834077e-03
6.131836795794248958e-03
1.217689581926829391e-02
5.622481135018977255e-02
1.077310774626983186e-01
2.363421026565800664e-01
1.266303273589643452e-01
3.087384512345638793e-02
9.691637937115608545e-03
6.208209157175382208e-03
7.260207667752064005e-03
1.118186011118217291e-02
1.783396667544338843e-02
1.285146391472565819e-01
2.120788662965024385e-01
3.678336102311262623e-01
1.555344212126458237e-01
5.469528648455328906e-02
2.355768532601111923e-02
1.601481199785388318e-02
1.621597201030372179e-02
2.023009580602289428e-02
2.663361098938318849e-02
