1.355497032850351211e-02
1.705537545297764260e-02
3.103659723895438316e-02
7.897744587520655335e-02
2.152247778579250703e-01
3.232865339765113588e-01
2.182789659841804508e-01
1.688974360136629160e-01
1.526077372312150959e-01
1.523880183351527251e-01
5.099866664950451246e-03
6.389486527689919315e-03
1.441002276239750773e-02
5.244597485283281763e-02
1.944732292101850890e-01
1.930334122358067783e-01
1.143160613748298304e-01
8.698709583284482127e-02
8.571198078726297021e-02
9.640246890901801868e-02
1.703660947981667628e-03
2.260839143189968727e-03
6.933824495460659369e-03
3.362381073106947282e-02
1.544825956971423442e-01
8.219645430101901740e-02
4.217832736004158145e-02
3.330335938695318937e-02
3.919475638889643315e-02
5.350681292120697957e-02
6.529224472085711807e-04
1.021744700115580955e-03
4.426510500287259356e-03
1.849658641665465411e-02
4.879528993676911924e-02
2.552593501509106341e-02
1.174335306029146604e-02
1.038704959059534236e-02
1.586656415854365357e-02
2.773828667919109661e-02
4.699942187488321990e-04
8.481391679107716909e-04
4.559166988668589618e-03
1.695781648329280911e-02
1.436230006847060738e-02
7.204039110509233464e-03
3.162296106650335469e-03
3.380128327035327677e-03
6.833889890606143630e-03
1.511932067941440874e-02
1.032825622723520988e-03
2.015477150711662228e-03
7.387850597595770237e-03
1.764804944205321940e-02
9.510254051039359474e-03
2.831988135939567455e-03
1.250515670109902033e-03
1.641755053105266446e-03
3.993636560109763319e-03
1.004962476229608048e-02
4.098310756649307419e-03
9.105421403945100287e-03
3.189175199490987267e-02
5.054419557624272724e-02
1.025929851946009649e-02
2.326034254200901041e-03
1.137293125441162173e-03
1.606769630966282123e-03
3.820133028792166430e-03
9.172838178762743322e-03
1.732299224883789360e-02
3.769042907604359949e-02
1.083500278295157354e-01
9.283387090176148382e-02
1.717060854747073234e-02
3.871777799528452850e-03
2.172907080939534552e-03
2.891899814322254018e-03
5.665191285325402171e-03
1.133303538860807279e-02
5.713148605532692575e-02
1.099161680426665733e-01
2.396917132871951572e-01
1.230851029921991024e-01
2.960006129344320766e-02
9.106140495430927601e-03
5.721770326558414145e-03
6.641748743451667686e-03
1.025233666670538439e-02
1.648256082071821935e-02
1.304024451181635402e-01
2.158526373600735404e-01
3.644252616125961963e-01
1.501993718716713722e-01
5.197780265212856299e-02
2.199610747778255049e-02
1.475001312626994000e-02
1.485638953879816863e-02
1.858349913330526598e-02
2.462997586649861778e-02
