5.939325825415703308e-01
6.554458708753447826e-01
6.359670683769129695e-01
6.206658349829590193e-01
6.343860290110305833e-01
6.673298947057859642e-01
6.935696999403697660e-01
7.029602790634079668e-01
6.928693410967304844e-01
6.067479485813719320e-01
6.239259312839208205e-01
6.240473671948590928e-01
5.264328836968982239e-01
4.683474044812793724e-01
5.070177089931455772e-01
6.310184622029727519e-01
7.495929591244039347e-01
7.980335297182405974e-01
7.924400111080346365e-01
6.931074377789929741e-01
4.975552099149933571e-01
4.160111219143194372e-01
2.449624654942666180e-01
1.517429722751288956e-01
2.003763703400747997e-01
4.267284639946663516e-01
6.913453463180997405e-01
8.093134621213479152e-01
8.066926284118227652e-01
7.052871421001055685e-01
2.978544294454135155e-01
2.040017894886936300e-01
6.931689176485375525e-02
1.534386213226564787e-02
4.803149988530926173e-02
3.447894691843541581e-01
7.058431435397298781e-01
7.798062869871617009e-01
7.925409239255843952e-01
7.039858432306145275e-01
1.035149082026300404e-01
5.246145547633805639e-02
6.052809793254886050e-02
1.711474524954194887e-01
2.203933877408369157e-01
3.332409434810555959e-01
4.645579564386227989e-01
6.360488787805571587e-01
7.541717400385600234e-01
6.985983196034860621e-01
1.013521258861802554e-01
2.601263256450124170e-02
3.694223866780074056e-02
2.525706138586740132e-02
7.026416524829257916e-03
5.532820947296331580e-03
1.741383266108126882e-01
4.978952617527188096e-01
7.125744921048293712e-01
6.921413483593729099e-01
2.400489706068822948e-01
1.090256180319551932e-01
7.655762442223518205e-02
2.617378685587237186e-01
5.853953187296300625e-02
1.690423686455467048e-02
1.360788316837449885e-01
4.665979969335350974e-01
6.998079363960552080e-01
6.897447704998221907e-01
4.363377355250772083e-01
3.430570592662297580e-01
3.380383666507600360e-01
6.520370476970316354e-01
3.530201773557451461e-01
2.048535933678779508e-01
2.940892789066351654e-01
5.482943960985158238e-01
7.245644083766952237e-01
6.931621298944867782e-01
5.924148991922970620e-01
6.004573351276623061e-01
6.039923374691584801e-01
7.274682899218243293e-01
6.304965809014374534e-01
5.209514914776743888e-01
5.483300022358397197e-01
6.700289185152420446e-01
7.523703619120142294e-01
6.862606478294015488e-01
5.823329877214727945e-01
6.483057649393132449e-01
6.594592725805676903e-01
6.913325841153692419e-01
6.665458647595869923e-01
6.253653569016964786e-01
6.299653108221279219e-01
6.665819484038973952e-01
6.811343666014735287e-01
6.022440186533647433e-01
