1.317173795510395706e-02
1.647579703530140105e-02
3.000415915353167942e-02
7.727375437487600529e-02
2.139636213338207693e-01
3.250391481629645307e-01
2.185402222690511764e-01
1.688696339599073948e-01
1.526516537557955355e-01
1.525314225334507834e-01
4.862373629236008479e-03
6.027566713682493138e-03
1.367318666494228216e-02
5.109526048587365032e-02
1.945472614487158691e-01
1.924735809912731521e-01
1.128475127637206810e-01
8.576469905345303346e-02
8.484474115391969773e-02
9.581071229801127465e-02
1.572771109747082450e-03
2.058163351052196867e-03
6.452176423708928625e-03
3.276841122426184943e-02
1.556658708014953540e-01
8.033774535566565178e-02
4.037487169436920764e-02
3.194017624034255903e-02
3.806934084975070742e-02
5.254149497964430426e-02
5.763068263894018496e-04
8.924351648657012940e-04
4.067957429974658826e-03
1.808069191649322102e-02
4.801361474620281788e-02
2.408661737862811958e-02
1.070681050961940807e-02
9.564917194533607142e-03
1.501299678810255091e-02
2.680146354641743667e-02
3.990545248455676462e-04
7.129069383742505034e-04
4.169394278584272716e-03
1.690724501952399830e-02
1.363333182969355892e-02
6.464689046564941165e-03
2.725145713263044112e-03
2.980547082277334309e-03
6.289635528175934430e-03
1.435493679131328616e-02
8.677568985821929384e-04
1.720259264924335098e-03
6.747761499738897523e-03
1.739063892146195875e-02
8.824893232023399078e-03
2.414268881166452101e-03
1.033293769898357539e-03
1.405527388379143030e-03
3.603847316540333742e-03
9.409425730526933124e-03
3.565646109908094351e-03
8.128045074784068236e-03
3.055737417397644956e-02
5.039380547288388468e-02
9.515886915320823786e-03
1.969033410868613245e-03
9.341672980987956098e-04
1.377228007221185761e-03
3.429668629253658594e-03
8.522494529289503101e-03
1.570725394007367604e-02
3.506896537649217133e-02
1.060009968990879708e-01
9.265517967209843664e-02
1.609707270121315051e-02
3.375268515885390241e-03
1.859966676927319110e-03
2.540099667953106110e-03
5.140689504121026543e-03
1.054033853049014986e-02
5.361521313654826759e-02
1.053096835117232344e-01
2.367336751713922105e-01
1.227184913764907681e-01
2.818738341977165482e-02
8.281657817502419486e-03
5.133105854493647500e-03
6.022379467073801090e-03
9.467309271059549947e-03
1.544828693500561491e-02
1.252373321070019974e-01
2.101824029720067710e-01
3.692974820816345427e-01
1.499186890738031519e-01
5.042249072341283694e-02
2.075680721748598620e-02
1.374081120152121846e-02
1.386002048609084186e-02
1.744680693231209431e-02
2.328882360309459873e-02
