1.256447927840623549e-02
1.559579122895256298e-02
2.843917528605856282e-02
7.441414582942020017e-02
2.104791965068689152e-01
3.255778397592543616e-01
2.165756316954494387e-01
1.658204647103422580e-01
1.490988276737099660e-01
1.486817788639693549e-01
4.545730378060093210e-03
5.538737696488740120e-03
1.257687763830537576e-02
4.839612864078177146e-02
1.907867861009210353e-01
1.930558276248396099e-01
1.113082848256601032e-01
8.353910405693845687e-02
8.220369532089268072e-02
9.274230971942531987e-02
1.435421869675419662e-03
1.830253873987490020e-03
5.775696151194113087e-03
3.079780003314810596e-02
1.530295289538837478e-01
8.021832927810916558e-02
3.929949864146541072e-02
3.062956794124432891e-02
3.640606305305853913e-02
5.035779027998035784e-02
5.160201502752133438e-04
7.772274228647789093e-04
3.626516534685482723e-03
1.700392900982447900e-02
4.837422737150214036e-02
2.366128334336992448e-02
1.014649293600051669e-02
8.943501293929416798e-03
1.408767387995592431e-02
2.535425572363490462e-02
3.594095112324644978e-04
6.256587787737245094e-04
3.800317454233962614e-03
1.635271638724694609e-02
1.353952681588208723e-02
6.134088252462788736e-03
2.477780904134121043e-03
2.691813418083534738e-03
5.765949196456791187e-03
1.337097479274797912e-02
8.064841433147015761e-04
1.587096903859545449e-03
6.451573716436386288e-03
1.706692243269668230e-02
8.465544752785585797e-03
2.166743286448111813e-03
8.912309890347928833e-04
1.222175973415230406e-03
3.220098922810769003e-03
8.607650311289847742e-03
3.442851109751918735e-03
7.878471013301559245e-03
3.050615716086364781e-02
5.002723546640071989e-02
8.762835043348595615e-03
1.682631304796788256e-03
7.779576712079384242e-04
1.168565504322117803e-03
3.008913845938897269e-03
7.681917997819685297e-03
1.564235790200075790e-02
3.516765920367653786e-02
1.077596642093359425e-01
9.045147323643286386e-02
1.466042908353096773e-02
2.862684744433361198e-03
1.549933904334419932e-03
2.157178093923566020e-03
4.493527339738257256e-03
9.442474475878492174e-03
5.442192513196889014e-02
1.074018995869228804e-01
2.424061458873632835e-01
1.181001281164556632e-01
2.566783581724620816e-02
7.180582624269302508e-03
4.386857905743392697e-03
5.212204732089203291e-03
8.349586523498098156e-03
1.387640123894982522e-02
1.278959623168524629e-01
2.151850320783393888e-01
3.633802085040906960e-01
1.437091334780618568e-01
4.656700751805072092e-02
1.857014942750520245e-02
1.213754505468698716e-02
1.227479240603438111e-02
1.562000019146837088e-02
2.108738513736397799e-02
