1.191038457977742701e-02
1.474877493117585092e-02
2.713041153821769622e-02
7.242912454749182716e-02
2.089842554488543780e-01
3.222580499206798010e-01
2.113565048191916873e-01
1.603116387644596130e-01
1.436721029923428983e-01
1.432960831023611659e-01
4.225008845232903348e-03
5.102945918086421347e-03
1.172855765342386419e-02
4.673119538294100844e-02
1.897436295280358065e-01
1.898089870871795537e-01
1.070441023021942994e-01
7.946704956026963418e-02
7.817903793487152031e-02
8.856655440775815236e-02
1.303217796812673746e-03
1.636855779640399326e-03
5.279286227160760910e-03
2.971358181164037923e-02
1.527108235363864863e-01
7.760600968270911504e-02
3.678898939350556951e-02
2.840624309008528761e-02
3.401027378518776262e-02
4.754949971698532729e-02
4.600434576300743380e-04
6.806097205601558016e-04
3.292998502376984302e-03
1.646329909257744292e-02
4.761797412000316060e-02
2.222629829854671363e-02
9.141223272987527085e-03
8.040946842348527940e-03
1.290840178983850180e-02
2.367192867109698881e-02
3.198684965538359259e-04
5.545071637222191404e-04
3.504422031641940462e-03
1.602399094525345027e-02
1.298892926886415465e-02
5.540530454474518023e-03
2.145633706222246570e-03
2.358789850484484078e-03
5.207758406292239267e-03
1.238467164334424060e-02
7.471136021172703097e-04
1.471310692740745172e-03
6.214328407199894329e-03
1.677564336808395548e-02
8.040297041113040125e-03
1.903188711896507991e-03
7.574165574426477195e-04
1.062142182977388093e-03
2.903679292565097304e-03
7.967609512269427027e-03
3.312879409563068266e-03
7.617214958681713631e-03
3.041721351785223876e-02
4.959899923494595630e-02
8.181883557925175715e-03
1.474762343148911534e-03
6.729854239921051733e-04
1.034068125922863032e-03
2.743284507506596991e-03
7.161793497453760975e-03
1.548028745849133053e-02
3.498113565697899552e-02
1.088629151415839019e-01
8.886380729081712337e-02
1.367016636693511693e-02
2.556551509627762956e-03
1.380269229535730858e-03
1.965346041937003109e-03
4.179721990698230007e-03
8.912273160645470954e-03
5.474048408325699056e-02
1.083906875768825134e-01
2.460180132205637138e-01
1.153161350520410383e-01
2.416626038505169383e-02
6.598860248957973823e-03
4.040000219945770986e-03
4.864560738346749603e-03
7.897942453050607256e-03
1.324308449398831772e-02
1.294093447171714428e-01
2.179802322187958108e-01
3.609045436758452352e-01
1.404601921203537107e-01
4.457239491151212402e-02
1.754718196614664036e-02
1.146802966728018881e-02
1.167425907329991755e-02
1.495519947197758090e-02
2.029005720467197058e-02
