1.186101799947789429e-02
1.490459362951750306e-02
2.769841099653910788e-02
7.385851128390642784e-02
2.110135327088676904e-01
3.188387691211854169e-01
2.088784151090182784e-01
1.580437386147761358e-01
1.412560589544988032e-01
1.406633425840479734e-01
4.154478371412185372e-03
5.128801963878939878e-03
1.195680166728268524e-02
4.738999490967642919e-02
1.896502064358059902e-01
1.891284769152315748e-01
1.067487262637204920e-01
7.883904350445500309e-02
7.704476444655813938e-02
8.689528971608044550e-02
1.262536172173327762e-03
1.636663314502878825e-03
5.358863622125237779e-03
2.986147397241160906e-02
1.512080695285423493e-01
7.856605965079044296e-02
3.737583408777557514e-02
2.850402273397405206e-02
3.363220436783095901e-02
4.660628690402644769e-02
4.373359052573315116e-04
6.773791555342059375e-04
3.328183336632718845e-03
1.647287273955514234e-02
4.840036347131802114e-02
2.299614278082362170e-02
9.487022650655671172e-03
8.140756043125836963e-03
1.275096346125755356e-02
2.308867716572762449e-02
2.915366980682000957e-04
5.372537318694635931e-04
3.518633793024323470e-03
1.581795347827371495e-02
1.312006210546922368e-02
5.811590959418034760e-03
2.239766782604760316e-03
2.369491545845077082e-03
5.077030322722672108e-03
1.192263310747586520e-02
6.520938397002820370e-04
1.353885248325872870e-03
5.908269538813407801e-03
1.670454758120072658e-02
8.087331931465154694e-03
1.951153269635703697e-03
7.599564939943363219e-04
1.025473563885938863e-03
2.735149772487146819e-03
7.477700782711977148e-03
2.909572064549833387e-03
7.054072331132955030e-03
2.918134747957908115e-02
4.920758942894142701e-02
8.161319636132303296e-03
1.428207875014054400e-03
6.246571277161687289e-04
9.331816061421398939e-04
2.462948797695711962e-03
6.482058753957465648e-03
1.398704188290875519e-02
3.312829614721645582e-02
1.063368855370878385e-01
8.737694732055774349e-02
1.329491594482508712e-02
2.366696414846559612e-03
1.213700073336995830e-03
1.688447442855154929e-03
3.605050814347329855e-03
7.814144032122799510e-03
5.110612038217510894e-02
1.048365727561457184e-01
2.433347503739930473e-01
1.118689892491657456e-01
2.280609060750827047e-02
5.926380807216250629e-03
3.473063537694002362e-03
4.115204107320801462e-03
6.716524276919121940e-03
1.144394729660712894e-02
1.240187261158314930e-01
2.141523092227013425e-01
3.528163961276273297e-01
1.346872537685928073e-01
4.138608905813707939e-02
1.565443743566512919e-02
9.905516129378511003e-03
9.951542748498453175e-03
1.278815291158575361e-02
1.755906970833435304e-02
