5.192488725732579136e-01
5.165950006752701995e-01
4.632182797797960161e-01
4.364065914392293299e-01
4.804358761667000821e-01
5.911242471151046951e-01
7.234557522925030293e-01
8.146881233547255130e-01
8.194093431337429179e-01
7.151952516861228570e-01
4.705652354608531041e-01
4.230962075085573093e-01
3.318430291112273167e-01
2.940176022085176366e-01
3.648613066603980104e-01
5.445484580511650297e-01
7.673391428782112555e-01
9.274932701119299461e-01
9.322061200272065973e-01
8.121464133837886790e-01
3.404724186726932333e-01
2.636053355328398795e-01
1.646730966224374260e-01
1.370915946099612037e-01
2.415744994230115683e-01
5.019760094795481242e-01
8.133689759695671428e-01
9.155073938423682334e-01
8.988072348511648713e-01
8.187579749121068895e-01
2.002299530745937917e-01
1.285477436590102551e-01
6.478085975013903042e-02
6.039503317016470946e-02
2.152628959590390800e-01
5.743274889068740174e-01
5.949087171017937159e-01
6.838329068294769497e-01
7.758666351425420604e-01
7.703822568223754885e-01
1.046433934050366721e-01
5.914043918818884943e-02
4.259955897157514937e-02
1.068191082831585620e-01
9.345445818737516119e-02
1.014485439553312052e-01
2.303150403053189910e-01
4.433630473360267166e-01
6.411391594125651627e-01
7.098922116802970361e-01
1.068865116615070748e-01
7.062022799329747968e-02
7.976396626069748308e-02
1.208366077373736192e-01
2.677360446013984582e-02
1.452889155991415708e-02
9.302338419380928869e-02
3.165836694935516005e-01
5.628918429130286283e-01
6.726488639810604964e-01
1.947719089362242584e-01
1.739735439548714402e-01
2.617344715133934629e-01
2.153146720927918423e-01
5.874685354344998112e-02
3.054047792193664151e-02
1.015066460444849911e-01
3.210684983412238624e-01
5.668262407812039161e-01
6.741828963728211388e-01
3.360036587890548043e-01
3.523915514089819290e-01
4.902043342223947331e-01
4.867521693285529194e-01
2.441716596981813314e-01
1.675955472998011953e-01
2.395242931782664564e-01
4.377896007800250455e-01
6.376783853982644912e-01
7.034675885772504467e-01
4.817480760369715620e-01
5.316958119511842051e-01
6.411430790164440729e-01
7.220314907756116840e-01
5.159684248783601435e-01
4.257007738436590638e-01
4.636804027650973103e-01
5.926668130377923394e-01
7.132867786298151547e-01
7.186851891939163295e-01
5.426067779464065488e-01
6.109090829490284591e-01
6.805566525200055228e-01
7.696489923923642840e-01
6.510050018295749918e-01
5.846573397237097014e-01
5.932096515225022682e-01
6.546240679239817561e-01
7.020487572014354472e-01
6.608885282755753154e-01
