1.131946632571778633e-02
1.392474989199529202e-02
2.576488377759985487e-02
7.039033788660566116e-02
2.083113515513629332e-01
3.171030345155909647e-01
2.042834393797238468e-01
1.533323024166855508e-01
1.370508191213324622e-01
1.368634282352857445e-01
3.832144687354975890e-03
4.539205960467223265e-03
1.054817147225807147e-02
4.419896433255054990e-02
1.881743428283804420e-01
1.861346876898399560e-01
1.018591694842634482e-01
7.457403465627727990e-02
7.339869473812740686e-02
8.360829567929443928e-02
1.105475572616670954e-03
1.339499153167065474e-03
4.463733871375909906e-03
2.763490172347569940e-02
1.517008220230869342e-01
7.493308451875045628e-02
3.378352385012852593e-02
2.570319346330143112e-02
3.108630061148735801e-02
4.409051411562404238e-02
3.597810571328410368e-04
5.139496618215049157e-04
2.683365218771016115e-03
1.528202068450796973e-02
4.764276608673154167e-02
2.062403305445302884e-02
7.867772046570345110e-03
6.866009906566957095e-03
1.134358202042283839e-02
2.141079523431326306e-02
2.346119378949095978e-04
3.970001355503214560e-04
2.872185030909256680e-03
1.506016834520981090e-02
1.206055418264024258e-02
4.746956206999378668e-03
1.685856450131954613e-03
1.875633388940839853e-03
4.373258365682698191e-03
1.088042095728418597e-02
5.518128575759112661e-04
1.102132608503457066e-03
5.253233504592742971e-03
1.598574208724177353e-02
7.137565243051584296e-03
1.467087783112098554e-03
5.409037854628679460e-04
7.944350014826356485e-04
2.334679561666621293e-03
6.805463090127566311e-03
2.646922951401626655e-03
6.326207516323287434e-03
2.829492718942629853e-02
4.927996546883942064e-02
7.201400276314921627e-03
1.086346355777138622e-03
4.659832318081503122e-04
7.554410559502720097e-04
2.162881492677202165e-03
5.989992343068463801e-03
1.350812477420858596e-02
3.183722052560236659e-02
1.065773614752136139e-01
8.619077612316157488e-02
1.180844082909738094e-02
1.920009610476939048e-03
9.955776806459040989e-04
1.470960033133350336e-03
3.315840890797696911e-03
7.415866486552963842e-03
5.115591682183873862e-02
1.046812848831870230e-01
2.469811936589694501e-01
1.093656292289033743e-01
2.087027656791331023e-02
5.218205968368862593e-03
3.105783253250707712e-03
3.817852378114792566e-03
6.419170246865894998e-03
1.111818028531269542e-02
1.258120996853531459e-01
2.164321057345234001e-01
3.543007508904897906e-01
1.321717884112628971e-01
3.938676006017127057e-02
1.469408696657277004e-02
9.384995215715194114e-03
9.599913925067217121e-03
1.251283027001129367e-02
1.730809111677984735e-02
