8.287847861241355238e-03
1.045761923407645400e-02
2.074620977466894514e-02
6.262139595148670523e-02
2.003952604097129775e-01
3.090604241408698716e-01
1.913324187623215988e-01
1.393080209636982925e-01
1.227319076418254412e-01
1.222333720006981289e-01
2.540250830206024994e-03
3.079618418395647667e-03
7.926531712079657940e-03
3.873920709168422044e-02
1.827867956724044673e-01
1.774024396412283433e-01
9.127407839188381167e-02
6.435419028058216029e-02
6.281707324124879976e-02
7.205843229438189945e-02
6.578884760909365585e-04
8.203803629362251297e-04
3.183185687911611623e-03
2.432311155182795281e-02
1.493100269549836046e-01
6.846215282339963848e-02
2.807992647260807578e-02
2.052446144195984451e-02
2.501629263807772507e-02
3.635672229245887760e-02
1.955781505545992408e-04
2.956511007736288815e-04
1.912262670320121535e-03
1.355167037615063498e-02
4.594714446212164183e-02
1.754120249155194031e-02
5.873277891785913009e-03
4.966455274291553708e-03
8.498244881957247102e-03
1.681282763048606507e-02
1.239666008823680447e-04
2.317797739382217962e-04
2.192409135920699373e-03
1.416671298788171711e-02
1.100039277823320477e-02
3.639455705266459590e-03
1.113495216972761092e-03
1.225403701672235415e-03
3.054649754252385368e-03
8.149401933719262192e-03
3.159908582678357504e-04
7.040152739658416588e-04
4.207889306581652673e-03
1.535645946383722496e-02
6.154122044745016437e-03
9.999305376516812085e-04
3.190289311982698155e-04
4.778521320926780143e-04
1.541627270340799501e-03
4.891371765816871983e-03
1.720196306438045303e-03
4.659160425735242930e-03
2.537019704676183110e-02
4.839558166625528707e-02
5.946642037466297673e-03
6.892170560642361509e-04
2.612100683845726369e-04
4.408900140307187954e-04
1.382692967358571971e-03
4.185498622798940194e-03
1.011775441155695135e-02
2.648440416487384333e-02
1.009389047748766172e-01
8.311739694694433855e-02
9.644891529992616688e-03
1.250345830708596241e-03
5.848054826616900029e-04
8.897607462143547041e-04
2.149603033366549905e-03
5.160723124922036130e-03
4.282340101770616692e-02
9.457528551778759951e-02
2.408044847636663099e-01
1.035299985948809343e-01
1.716674955657012530e-02
3.661029625951861630e-03
2.013736193538706674e-03
2.485088176349016867e-03
4.352633593887897043e-03
7.906399476993420175e-03
1.131994603568144131e-01
2.047120229406112490e-01
3.524288169441651686e-01
1.242244583446113215e-01
3.345973909828412612e-02
1.124250803006630883e-02
6.740659405949906043e-03
6.795949688128992937e-03
8.990145501368311184e-03
1.275483963194620415e-02
