8.289898190557722785e-03
1.038475809683405554e-02
2.049209983827092116e-02
6.189820324268299756e-02
1.991373821338452699e-01
3.110717896971439966e-01
1.927462105362295897e-01
1.403899246235406351e-01
1.236710422489818995e-01
1.231089315198384548e-01
2.542344878076773819e-03
3.047503804856580706e-03
7.793357610217230801e-03
3.824643132583926269e-02
1.821782770596465373e-01
1.782873014373156095e-01
9.167183362940052593e-02
6.464353944744538616e-02
6.312591674590786739e-02
7.243139960389120835e-02
6.577372340031218192e-04
8.073881408019836000e-04
3.115828739142080615e-03
2.404836849228495291e-02
1.494710561234627033e-01
6.841832186469952448e-02
2.793242846156455961e-02
2.043614040183449471e-02
2.498490770945951955e-02
3.639467468255862259e-02
1.942257026935441584e-04
2.893697462672264954e-04
1.873251899417194841e-03
1.343719229882780683e-02
4.590416145995365738e-02
1.732862923648726544e-02
5.740160431648124589e-03
4.871956687249962871e-03
8.402632412109586196e-03
1.672923060815337259e-02
1.232643799376774473e-04
2.254278550980613912e-04
2.155909859831294396e-03
1.419989857619576891e-02
1.081665292785319483e-02
3.524653700125073789e-03
1.064973194797524557e-03
1.181664637213126036e-03
2.987996255759003093e-03
8.057433583962820070e-03
3.100650260041005048e-04
6.859415371054777399e-04
4.141031799258169943e-03
1.534547898312160243e-02
5.983680654843786736e-03
9.466556052178233625e-04
3.008969092325871025e-04
4.573116944977417722e-04
1.498660345933821051e-03
4.812748446064368107e-03
1.700103836389584228e-03
4.579801439353940046e-03
2.518893668183793885e-02
4.840151636835017535e-02
5.841589830162222281e-03
6.561135494025876038e-04
2.461127638328405019e-04
4.210479260210992880e-04
1.346633222453119368e-03
4.115037351596910649e-03
1.000739755881608836e-02
2.614949915992426099e-02
1.005155153492129499e-01
8.319409996439558475e-02
9.519707289953233814e-03
1.213211145173925462e-03
5.646734970331044722e-04
8.649233382519306689e-04
2.107868529410802244e-03
5.091998351209929552e-03
4.247115246143304962e-02
9.374888201342473915e-02
2.399294150306106599e-01
1.038501160664794670e-01
1.709286195957985394e-02
3.616890712145165963e-03
1.984270138256727899e-03
2.452073289719975367e-03
4.306747579748754738e-03
7.839808861932291359e-03
1.124229065706570524e-01
2.032803565460236939e-01
3.545845059614567973e-01
1.249557652555180753e-01
3.357501982454788592e-02
1.124818982188106019e-02
6.729554162993941699e-03
6.775107957307376430e-03
8.953653507233481565e-03
1.270473783055979175e-02
