8.934074462339828063e-03
1.092983930958068423e-02
2.111053097206908730e-02
6.261617679369770040e-02
1.987713619013715127e-01
3.016398866333869222e-01
1.829777741298317384e-01
1.303992702344214660e-01
1.134120392098479507e-01
1.125369070281706657e-01
2.925070574714435431e-03
3.375337091114213352e-03
8.252633065679519653e-03
3.882932493156331100e-02
1.801925781073030475e-01
1.746909980570059973e-01
8.767331336650627249e-02
6.014899114599864954e-02
5.782232354989448597e-02
6.614784065493982401e-02
8.445068034258106570e-04
9.795636789458374034e-04
3.446187434078351684e-03
2.453376527459598042e-02
1.464718712119236488e-01
6.849649747541214362e-02
2.750577259344235900e-02
1.947521520511202864e-02
2.326994473165055338e-02
3.364842834991729759e-02
2.918172345237995111e-04
3.981777452268720125e-04
2.174631506962008184e-03
1.370522916524299570e-02
4.610765193629968312e-02
1.799766062924998064e-02
6.027514121424924244e-03
4.929079778397726756e-03
8.191177526510030893e-03
1.599220048605930547e-02
2.237875334026487686e-04
3.592520077227431895e-04
2.658885976275992061e-03
1.470260997869462204e-02
1.090590422775586030e-02
3.881451631102754429e-03
1.233224231863872498e-03
1.320300639649686246e-03
3.150274871681723547e-03
8.169137679822958270e-03
6.114056693968625712e-04
1.153899480858051408e-03
5.137092102880823005e-03
1.559824264224207724e-02
6.444787246700637781e-03
1.183419387274266482e-03
4.040226213341417184e-04
5.815969859371065672e-04
1.769204408753002932e-03
5.328542211174160104e-03
3.262812592100077652e-03
7.391237278068511947e-03
3.037200656885149716e-02
4.641163762708021279e-02
6.634812765661832028e-03
9.382479413317626644e-04
3.845335850937436364e-04
6.213843654929477548e-04
1.804681575399162165e-03
5.070122683544918407e-03
1.733450917780356496e-02
3.853289277739949115e-02
1.174820541709583749e-01
8.068257517082669250e-02
1.100656386681063761e-02
1.763952930244458775e-03
9.068730502601599552e-04
1.348330625841256654e-03
3.050164271135208209e-03
6.818521583982284535e-03
6.466348224569752612e-02
1.244752988835985535e-01
2.709041783415706006e-01
1.023382288633954140e-01
1.991224214656024671e-02
5.071020322607477926e-03
3.047914069024025303e-03
3.762589742813811106e-03
6.309835293254963465e-03
1.084134763811518687e-02
1.524121228315196419e-01
2.485339167065860888e-01
3.325408033121440288e-01
1.256676765482558911e-01
3.865114530580267965e-02
1.483563921172522532e-02
9.604081703403783560e-03
9.839789957901814987e-03
1.274493164071689201e-02
1.744517382660911928e-02
