8.506736201033756467e-03
1.050729718775300463e-02
2.056320195681619195e-02
6.178683536935692527e-02
1.977099897504361881e-01
3.014884800481511529e-01
1.822699073681230963e-01
1.294281713101556319e-01
1.122518080380646432e-01
1.112099449904412618e-01
2.740660974766777509e-03
3.211502545905658111e-03
8.014016493964527810e-03
3.839315697186469756e-02
1.796265075876836981e-01
1.740372937872625980e-01
8.692172880541898516e-02
5.934444253904121169e-02
5.687230794478906337e-02
6.498689283968407671e-02
7.770796557467333533e-04
9.225300514819328307e-04
3.343156955688772816e-03
2.432673926661073002e-02
1.463258482493048351e-01
6.797070471385699419e-02
2.707998382469608417e-02
1.904277032275117007e-02
2.268287653012217991e-02
3.279253653559170700e-02
2.624541162659476258e-04
3.730410320396215611e-04
2.117122445224225470e-03
1.363454733111905785e-02
4.600374812343326764e-02
1.777016071325569421e-02
5.872146827468142580e-03
4.757369436568839247e-03
7.884140642616901951e-03
1.542754797345967203e-02
1.897371899665325384e-04
3.286267139129352187e-04
2.603248385591746747e-03
1.468974342397136659e-02
1.081124538438074656e-02
3.799190053026039321e-03
1.183366076570184370e-03
1.250451555856397449e-03
2.981114744095995743e-03
7.775809477605965039e-03
5.127482891540881965e-04
1.027790949715510875e-03
4.827552507259689693e-03
1.556080429330698386e-02
6.313763530374479592e-03
1.130437381592742192e-03
3.760885582001271339e-04
5.387399342122243910e-04
1.637927370711120397e-03
4.986122254466979556e-03
2.819117988669296061e-03
6.703169124174645534e-03
2.906736720981883265e-02
4.629202218231212584e-02
6.507658425712657332e-03
8.747546487580535116e-04
3.457728243145044545e-04
5.568703737027841036e-04
1.629070094275186656e-03
4.659433959702712416e-03
1.550502560439911970e-02
3.586124284420089819e-02
1.140125009850318089e-01
8.054967958599275335e-02
1.074848701793536254e-02
1.637963751671740135e-03
8.114681366492592675e-04
1.196664917815183291e-03
2.730336998580490740e-03
6.196215134091421703e-03
5.978036844770551889e-02
1.184826962456102251e-01
2.651537935332314855e-01
1.019434321984858532e-01
1.934761802097412914e-02
4.730727578308111143e-03
2.755282230767900839e-03
3.369117142522146894e-03
5.677654268878630159e-03
9.857092415142194516e-03
1.444840278551314527e-01
2.403410602959505371e-01
3.335828340173253581e-01
1.247658886870961631e-01
3.753387297435726438e-02
1.399352624500986401e-02
8.848070032653192196e-03
8.968454985573264329e-03
1.161734611672018969e-02
1.598228185600428577e-02
