1.029349412985393168e-02
1.217133731589456654e-02
2.248875380489895673e-02
6.400542726997683618e-02
1.983436573595072638e-01
3.036619729336127449e-01
1.855146673204196295e-01
1.325174179479444991e-01
1.152329093206150706e-01
1.142977096017192690e-01
3.609458949673395329e-03
3.969930014190144706e-03
9.040654104878077107e-03
3.981418549885174657e-02
1.789999828519405201e-01
1.783377227307045010e-01
9.061425437958645079e-02
6.228674300862749313e-02
5.969900818942710380e-02
6.808861186637933660e-02
1.141570834233844286e-03
1.239073127708234870e-03
3.904901760698735024e-03
2.522129296755558012e-02
1.452113502217098062e-01
7.140344700812135958e-02
2.936410369650156033e-02
2.083337211937578981e-02
2.468127173835271693e-02
3.537913615265014800e-02
4.369391638661532435e-04
5.436534446961772959e-04
2.539642791080540859e-03
1.409826470809901963e-02
4.691427774762333552e-02
1.932580723647380275e-02
6.758079285617230557e-03
5.549997452815843071e-03
9.067141336993246592e-03
1.737670762390263260e-02
3.546222755660789283e-04
5.144562681073800966e-04
3.154556829380136384e-03
1.539680795323810324e-02
1.100835250086082059e-02
4.342760420172377123e-03
1.484158653309697101e-03
1.597266228880539268e-03
3.704338210448865094e-03
9.302291197719251420e-03
9.888291990985543633e-04
1.622803636419278741e-03
5.770685501277714874e-03
1.586409570592320351e-02
6.790971616603675917e-03
1.438654830832333201e-03
5.394148096774708991e-04
7.792470749897553468e-04
2.255588706708592031e-03
6.467111342850119168e-03
4.965554851892602095e-03
9.916494688563728260e-03
3.372099909472875412e-02
4.505823283302966969e-02
7.423593766472543452e-03
1.254809472117078464e-03
5.644349145345070942e-04
9.050780894292766166e-04
2.490700615628815926e-03
6.590285019725760501e-03
2.426332844458843271e-02
4.828868817011752745e-02
1.279988151287773102e-01
8.026446590106003920e-02
1.259191072130761736e-02
2.415969346916519399e-03
1.360049424736858208e-03
2.016900364976864559e-03
4.358029074615265598e-03
9.233203436379882473e-03
8.245164787532258122e-02
1.455088595168132770e-01
2.881873462680277775e-01
1.043653134821409395e-01
2.315583548123664390e-02
6.808337063678973795e-03
4.423930651974155616e-03
5.498719337555321371e-03
8.952543590941159160e-03
1.477370176480085305e-02
1.801003874488363576e-01
2.757618024630832387e-01
3.257125418363646108e-01
1.310365512693757728e-01
4.476542590899813823e-02
1.907022710518206654e-02
1.314944938390328992e-02
1.370019500610878717e-02
1.751073313929022573e-02
2.335468123095511134e-02
