8.066578922409769689e-03
9.918720406797428002e-03
1.952517365896789051e-02
5.927827261296642058e-02
1.912689444780111825e-01
2.998403433062640788e-01
1.785272463815819888e-01
1.240307552293116178e-01
1.057580824128102476e-01
1.039413811780357660e-01
2.675628996854501063e-03
3.115913606983425864e-03
7.782016471987307851e-03
3.728562731800229985e-02
1.740092528672854966e-01
1.740193322168965828e-01
8.543913397175208202e-02
5.665980655142210248e-02
5.314078031368311972e-02
6.020960717291248820e-02
8.080844733445999902e-04
9.558703097906286368e-04
3.397155479826292641e-03
2.409085478640997716e-02
1.424312777884905457e-01
6.882411612801138390e-02
2.704245317912437260e-02
1.831784358957774111e-02
2.119833328169917763e-02
3.031729131478458350e-02
3.026900571137776190e-04
4.290733549597001723e-04
2.279722073655593862e-03
1.365152415323177271e-02
4.647869219392197770e-02
1.838584656559777084e-02
6.064523930391880341e-03
4.699579602722319706e-03
7.487032843624663418e-03
1.439703695447847910e-02
2.448452361601332152e-04
4.220063996047432276e-04
3.002181429596084434e-03
1.498911542878630064e-02
1.075571311154446645e-02
4.050001481547221491e-03
1.285478576463142467e-03
1.289558912374825974e-03
2.926183033076162204e-03
7.437230536690457236e-03
6.715931241596198196e-04
1.267003261948413534e-03
5.182980871897910000e-03
1.589767747456878946e-02
6.413419235584407949e-03
1.274899411842197626e-03
4.351964953269021603e-04
5.891893702401480555e-04
1.692035556396388534e-03
4.969948363369176836e-03
3.519054140576181964e-03
7.977860353640269658e-03
3.047687401911368735e-02
4.422839421890695927e-02
7.051939702885911924e-03
1.051553348947490253e-03
4.227718867617565350e-04
6.451170052255230953e-04
1.785767222171368495e-03
4.887798867396671472e-03
1.849016612001829971e-02
4.087261995841986323e-02
1.188958875605607146e-01
7.843947612210984410e-02
1.178351109574259786e-02
1.997906282324692084e-03
1.003990248000822746e-03
1.421827927074539605e-03
3.100409292997214315e-03
6.772638783432862949e-03
6.782568492129160964e-02
1.290791164964234516e-01
2.727257361245161715e-01
1.013899018860787982e-01
2.130649582746946269e-02
5.663556004996836424e-03
3.356713113627092428e-03
4.005753771888438501e-03
6.528653826665489247e-03
1.100600412057863020e-02
1.573253844052985295e-01
2.535869352162829493e-01
3.222005442196628211e-01
1.264520867422593564e-01
4.106295946945146685e-02
1.627131377376916585e-02
1.048602766148502320e-02
1.052151148398572204e-02
1.333950155845057238e-02
1.795796172083249931e-02
