8.033451777154429832e-03
9.981482816346490261e-03
1.964030253584740995e-02
5.854239186916339321e-02
1.851989102951111243e-01
3.125962510681496997e-01
1.902826254211384960e-01
1.325770557988812104e-01
1.117893049743721307e-01
1.083381946211625924e-01
2.738958702820217493e-03
3.303295895695344646e-03
8.307747317243702537e-03
3.821556543902174946e-02
1.706683185222917509e-01
1.816578814054761737e-01
9.209555106612948849e-02
6.091345062825761353e-02
5.589894464050667450e-02
6.203313195117564349e-02
8.576694660027290576e-04
1.085412582440216074e-03
3.867442218470479136e-03
2.541401679047380555e-02
1.412905968254558053e-01
7.257898449245983596e-02
2.965247457759891819e-02
1.973034963539012712e-02
2.199596860615109228e-02
3.061516124068592443e-02
3.307506916839889912e-04
5.141582912097813519e-04
2.661312707260987502e-03
1.445645373979970866e-02
4.710155114803084297e-02
1.978181620733616281e-02
6.749017091783465760e-03
5.003422303607555320e-03
7.550259582315413907e-03
1.409000879329236344e-02
2.646162989165572123e-04
4.993371106078548860e-04
3.389359278959626874e-03
1.510028290953368928e-02
1.104224453680395512e-02
4.443327833477276299e-03
1.422305813345482988e-03
1.325088702890068722e-03
2.814793178270497218e-03
6.961850496935228540e-03
6.831965156414052890e-04
1.377698759859671612e-03
5.425132513693805419e-03
1.611140661099281363e-02
6.520883069274445443e-03
1.369758215284352194e-03
4.542942995830344844e-04
5.588078330933668935e-04
1.512772059630711511e-03
4.390961873613877936e-03
3.346227094412058262e-03
7.972039670547464985e-03
3.004659522277104006e-02
4.405164627982752906e-02
7.382470785823938390e-03
1.087869111713175158e-03
4.011620622673089226e-04
5.551003605660761227e-04
1.475039002644821032e-03
4.055484669373442784e-03
1.664847794702940809e-02
3.822355015487918783e-02
1.128772954175925186e-01
7.943211767423212499e-02
1.240452612835305814e-02
2.017014874362133611e-03
9.035310457372075933e-04
1.170661497213629785e-03
2.467582441298333228e-03
5.430636440941203659e-03
5.974510337522741937e-02
1.174832284223231299e-01
2.553696520393269331e-01
1.044478714690119520e-01
2.213587857275381779e-02
5.565456797470797606e-03
2.991855663701250938e-03
3.312260985967663447e-03
5.237183148417076661e-03
8.844304230578125051e-03
1.395812469250939380e-01
2.314321076052652526e-01
3.299112632203799467e-01
1.305157609596477308e-01
4.183318879718037758e-02
1.576200413153911253e-02
9.467873389771388690e-03
8.975704981146769013e-03
1.105663553406713122e-02
1.481247506520547673e-02
