9.049270366237215785e-03
1.092846133536152370e-02
2.080521646953375700e-02
6.028299263610686909e-02
1.873148557286993254e-01
3.154435748047492716e-01
1.968162135162309923e-01
1.414045634083408443e-01
1.223496537878322882e-01
1.204787600453943730e-01
3.248658126438994011e-03
3.762695010052810075e-03
9.020900448678583969e-03
3.986353084765036775e-02
1.740893040117420798e-01
1.839260626787886099e-01
9.661306449992705658e-02
6.684452161005427495e-02
6.352229546863871756e-02
7.177967405180241123e-02
1.075955645814048039e-03
1.279289460521245998e-03
4.268748428855501618e-03
2.664295009333892891e-02
1.442444119587212026e-01
7.400528136330332407e-02
3.196412212677331166e-02
2.275420761501624131e-02
2.652781400064781539e-02
3.751664598009616519e-02
4.350585708960186043e-04
6.074921340906978048e-04
2.872330488092812890e-03
1.478897321033504839e-02
4.707559770863959520e-02
2.077129426728100206e-02
7.768586437961583734e-03
6.330008705404249585e-03
1.001935923009029429e-02
1.877723926166360163e-02
3.641756707312246324e-04
5.874005011064681358e-04
3.479644372273459942e-03
1.516984400575715347e-02
1.138157534643714774e-02
5.104068401295767249e-03
1.890188400304484116e-03
1.971778625982359683e-03
4.322583622162639617e-03
1.045800478855271609e-02
9.625912646075106532e-04
1.668857202390237751e-03
5.643334817376021752e-03
1.558151609494064053e-02
7.494271789089601218e-03
1.987876074584197725e-03
7.980579095483921349e-04
1.074866247195438657e-03
2.859375003619807083e-03
7.746305765802024429e-03
4.488762045926427899e-03
9.114400865303904850e-03
2.998138469993126901e-02
4.656442583554248199e-02
9.827944024485909744e-03
2.051356213041457578e-03
9.450288464457820559e-04
1.377289135792801123e-03
3.435838656511266444e-03
8.474338227064196968e-03
2.059351585513923694e-02
4.099078885009561912e-02
1.090898542722282816e-01
9.142529455245272663e-02
1.833560160976916223e-02
4.203981853305263118e-03
2.357873133661148035e-03
3.205767031474521765e-03
6.315286278112593535e-03
1.248155416030833319e-02
6.811575161231893383e-02
1.198993068123214711e-01
2.422712977054115868e-01
1.284952921697724570e-01
3.470778627749765421e-02
1.154137531208295972e-02
7.471891346601579505e-03
8.688772614830513746e-03
1.314868336118162236e-02
2.042668214051994446e-02
1.495293185684301585e-01
2.290972199374092244e-01
3.651014935303543152e-01
1.654411784055811740e-01
6.473991929591391137e-02
3.001852511976605201e-02
2.089537782413685568e-02
2.095799759287566774e-02
2.544499954850392917e-02
3.236768560333636718e-02
