7.617385512567631523e-03
9.870082559533772254e-03
2.025584639384802113e-02
6.113016731583469088e-02
1.896912469145672353e-01
3.015685740668800907e-01
1.847016222131314944e-01
1.298533827971707910e-01
1.105181247219126084e-01
1.080064233142596086e-01
2.618721970922197745e-03
3.363479497555483307e-03
8.914490660555572654e-03
4.071871159706691445e-02
1.736714091730690857e-01
1.766402313152457548e-01
9.128645724987911880e-02
6.132757607275064055e-02
5.681455200077700080e-02
6.343979212687930747e-02
8.419263986754221048e-04
1.158434893888845608e-03
4.302513617953280557e-03
2.712875780731558578e-02
1.410670658841193803e-01
7.293988197146400454e-02
3.118713816494672608e-02
2.115746131292441101e-02
2.359603482123189683e-02
3.271890287418992294e-02
3.397853517072814086e-04
5.730266675489083207e-04
2.931187040133462554e-03
1.504273544261724820e-02
4.728750312842475156e-02
2.135649641154020381e-02
7.934550902027642100e-03
5.967054252438493134e-03
8.813307193910610918e-03
1.607069022986758189e-02
2.883937372129042362e-04
5.687434275432851983e-04
3.575790351738889015e-03
1.466447310171300512e-02
1.154581069493044142e-02
5.399299099618196270e-03
1.958507867033657934e-03
1.820364353758212273e-03
3.670010594878753921e-03
8.652781491138978459e-03
7.918713224457932459e-04
1.597933425551900958e-03
5.719373678307087400e-03
1.547714208051412764e-02
7.423101725793676553e-03
2.015142021688752071e-03
7.611830621532941418e-04
9.145670712972416841e-04
2.252189200984089108e-03
6.057385262816582933e-03
3.869779224916511037e-03
8.844654315245802090e-03
2.988955964883822924e-02
4.559974876511172642e-02
9.382371872542680930e-03
1.871636958163163918e-03
7.822155975603304863e-04
1.029980282045417622e-03
2.482497504874048126e-03
6.225672475779578732e-03
1.850727431251134036e-02
4.002121130060228016e-02
1.084373040159929413e-01
8.652591201003922983e-02
1.679530197387621437e-02
3.508728454175549620e-03
1.756308821438881803e-03
2.221280365474127914e-03
4.352955174881521956e-03
8.842361270519223312e-03
6.350229422886254083e-02
1.181472518226684698e-01
2.426872328693620295e-01
1.177810707388224354e-01
2.995062717178471889e-02
9.012332308634803113e-03
5.321490157840918188e-03
5.935792438402260306e-03
9.024554166762704943e-03
1.442399028666434269e-02
1.437566323795453904e-01
2.287396811857041745e-01
3.416725083557132780e-01
1.480075393049185006e-01
5.413566091788925283e-02
2.313959478663463881e-02
1.508197545724277062e-02
1.470760178538475620e-02
1.793349795669912233e-02
2.331768234654399419e-02
