4.759458003801317894e-01
4.559026602053694033e-01
3.970228164556345307e-01
3.614847896710834396e-01
3.908149805109329966e-01
4.953343620178288220e-01
6.510713276986441755e-01
7.960299928051101093e-01
8.580016342824935416e-01
7.962563476686611574e-01
4.102608349800319076e-01
3.549114218213971217e-01
2.701900344365894546e-01
2.280773247068665355e-01
2.719710333414845360e-01
4.235414836718291443e-01
6.585381534735369469e-01
8.794617792233091480e-01
9.822449904358695472e-01
9.132564987094881070e-01
2.854055342874003975e-01
2.095594102297955730e-01
1.276774150826625598e-01
1.000521273648068282e-01
1.623993115572063273e-01
3.743129535292386567e-01
7.031287173898010945e-01
9.791931419198079967e-01
9.916629552731091035e-01
8.991376791429226412e-01
1.643655759204589173e-01
9.765783880214591595e-02
4.896710700904515629e-02
4.333160199523241468e-02
1.300543336434367980e-01
4.578944635989320999e-01
6.869504597517114286e-01
7.481559508423214488e-01
8.144939582500220210e-01
8.124855754470511338e-01
9.764041658106741017e-02
5.295939410870165176e-02
3.495724760892600369e-02
7.755667573976267326e-02
1.068669838239601350e-01
1.289382807296949041e-01
2.516014097093435820e-01
4.432480350849269946e-01
6.256979725734633790e-01
7.111053069972544938e-01
1.245665279520348084e-01
9.020449306556273250e-02
8.681838496488122892e-02
1.058996482724845756e-01
3.161888136802780414e-02
1.919786214521100598e-02
8.749016453358925138e-02
2.801545323125904097e-01
5.104740647828223121e-01
6.445305636370476376e-01
2.404484716289352064e-01
2.486763727175630989e-01
3.479508250638722600e-01
1.051982151328823556e-01
3.396995370457990548e-02
2.547763638351070378e-02
8.227218808396501160e-02
2.629629502870158286e-01
4.948423099733820774e-01
6.335615616150154228e-01
4.102194639023154510e-01
4.904273443656870790e-01
5.781449445952842048e-01
2.525173244601349176e-01
1.274063454342458657e-01
1.080670898186169293e-01
1.807290690933130439e-01
3.579932539353957721e-01
5.606531028620554968e-01
6.661707131006027183e-01
5.652190664076498505e-01
6.773939706981397801e-01
7.117731634026145393e-01
4.658798321879361604e-01
3.299808690046069914e-01
2.998344348508532597e-01
3.656425189512675367e-01
5.068838818336894869e-01
6.491104325090891747e-01
6.980927829599957724e-01
6.244899431836289372e-01
7.275687676887575561e-01
7.444228926169758065e-01
6.004978181001193738e-01
5.016623612759892881e-01
4.721469230737420641e-01
5.122710624762111253e-01
5.989483173398068017e-01
6.740188336751045117e-01
6.697557835165468543e-01
