7.653056274170357519e-03
9.830709989003500598e-03
2.003939214892148934e-02
6.047699118505543009e-02
1.885886472778194600e-01
3.037423990057463441e-01
1.862528648755045479e-01
1.310775049796304159e-01
1.116215008786649726e-01
1.090771050292505678e-01
2.631821629810828823e-03
3.337918648352344950e-03
8.778395525904371735e-03
4.024223300530693770e-02
1.731695869252141695e-01
1.776904652076289060e-01
9.180502215701022428e-02
6.172613809364144860e-02
5.725626965103334381e-02
6.397674914123943624e-02
8.456063380129883074e-04
1.143510764246291828e-03
4.222735120406214543e-03
2.685414948372054356e-02
1.412688076830909689e-01
7.300699877251604075e-02
3.109497097784686553e-02
2.112084241696055020e-02
2.364408431602741181e-02
3.288092348788949210e-02
3.401859286858740345e-04
5.612306291822798630e-04
2.880830302723279626e-03
1.492150404505593331e-02
4.728064331540022397e-02
2.116375337613523797e-02
7.789121344394930521e-03
5.878217907367548969e-03
8.755531756943152680e-03
1.606603303033667454e-02
2.881783554556263498e-04
5.572753365392086981e-04
3.534978842637288756e-03
1.471106740435084749e-02
1.138607383383770724e-02
5.263229072609165553e-03
1.887625430625439584e-03
1.767608790816061230e-03
3.615487984200119534e-03
8.604459994466323591e-03
7.861626104730467602e-04
1.570355136809667386e-03
5.654181188629064936e-03
1.548345065424259169e-02
7.239243437917645962e-03
1.930046710274286150e-03
7.255622684872791925e-04
8.723770682531828630e-04
2.208682731665539360e-03
6.006045727592146041e-03
3.846509902267302664e-03
8.747796251903772538e-03
2.978756000168418516e-02
4.559306480744697992e-02
9.243161882034417465e-03
1.799280420261692957e-03
7.491899785900505045e-04
9.981340449036779118e-04
2.440090555925978656e-03
6.177407105569309581e-03
1.843275248702577404e-02
3.976828165528730613e-02
1.083300058532527532e-01
8.667142407345504451e-02
1.663228542019596495e-02
3.431314068731623670e-03
1.712879124719520352e-03
2.185301303673834513e-03
4.315811790106907110e-03
8.812505894251476679e-03
6.331427382800919323e-02
1.176384254070197699e-01
2.423938921097498200e-01
1.182754333150571047e-01
2.992257770345360668e-02
8.960210939441158248e-03
5.287319502501820062e-03
5.914822770004625301e-03
9.018526562063514454e-03
1.443653140891451407e-02
1.432988979323851220e-01
2.278169673250730887e-01
3.439748560690892298e-01
1.490686172002022025e-01
5.447899037090948166e-02
2.325850220438934607e-02
1.514887503883156038e-02
1.477431698699775524e-02
1.801473714626023251e-02
2.341149083709874110e-02
