7.206495517456958620e-03
9.211477483398337884e-03
1.897598970995292497e-02
5.872131260729422653e-02
1.874684757700476878e-01
3.013233103523482725e-01
1.823740841505470667e-01
1.274121334186388010e-01
1.084381390915001991e-01
1.062677908352470668e-01
2.418689988270840072e-03
3.025153276294462179e-03
8.083995726099788004e-03
3.872594066183113193e-02
1.725660861814660163e-01
1.753542714573436689e-01
8.871392642755844549e-02
5.917608430461182567e-02
5.511397056990301885e-02
6.204963830762374316e-02
7.572850530976611531e-04
9.983601657358575493e-04
3.796936731608844574e-03
2.582694237487473746e-02
1.413466785344492938e-01
7.106732862991525790e-02
2.934149609732749145e-02
1.984594554128331009e-02
2.252340491101829240e-02
3.177601345409882677e-02
2.999296165119561181e-04
4.786425577098410260e-04
2.566393219603828324e-03
1.431303673010735251e-02
4.687482640549353596e-02
2.011142423445518718e-02
7.130256133819984354e-03
5.415320006397183507e-03
8.286103134480631016e-03
1.553680389770743971e-02
2.619447070533735978e-04
4.860417515254656555e-04
3.223026284032224319e-03
1.435947736461866756e-02
1.102015819823077766e-02
4.855031608221481963e-03
1.690980267476827927e-03
1.620881494262952846e-03
3.444399654864117692e-03
8.406039748975951270e-03
7.552927364139099594e-04
1.484355018402373294e-03
5.448481094409025546e-03
1.527002034032928952e-02
7.045301287157405834e-03
1.785355365641752958e-03
6.619131954638560146e-04
8.262237521762346619e-04
2.167264580262243112e-03
6.012626993445038988e-03
3.854343350439471804e-03
8.633713542135105362e-03
2.978699022360374246e-02
4.570051392837777560e-02
9.042435823345112283e-03
1.730550428057369685e-03
7.261835023314149994e-04
1.000707549138303391e-03
2.506259654015761517e-03
6.393021932838274975e-03
1.889934977337338201e-02
4.019824215176358989e-02
1.095426958419219582e-01
8.679657566268617064e-02
1.639880606918332068e-02
3.392968517731125011e-03
1.741450726788543917e-03
2.284848951850102991e-03
4.577553750956619635e-03
9.349445566295929919e-03
6.542483511025798393e-02
1.200811902702934308e-01
2.459572225616036834e-01
1.185002069136800451e-01
2.993036263861940244e-02
9.103763474173126938e-03
5.522159019315353579e-03
6.307284086772571574e-03
9.687662598444852363e-03
1.547252011454871602e-02
1.477317997042444653e-01
2.324821412336838811e-01
3.452472934293112083e-01
1.498911803221113781e-01
5.519564095445299301e-02
2.397717504073655984e-02
1.595116599430907584e-02
1.577768540990564378e-02
1.933067493571212839e-02
2.506794878823598999e-02
