5.856403549976773801e-03
7.547756354674425329e-03
1.619849889559109649e-02
5.360742698858457500e-02
1.812906332455032632e-01
3.002498086477161099e-01
1.770996848513851640e-01
1.210553810356177762e-01
1.018535754523343939e-01
9.950133138993393078e-02
1.848241129969112979e-03
2.317973775440503557e-03
6.587605088131619040e-03
3.505047146701596034e-02
1.685194806728323724e-01
1.723644505589411458e-01
8.364563424468540731e-02
5.426158007730168265e-02
5.016567429619011448e-02
5.670317447661236965e-02
5.435806111157594472e-04
7.171811846394369897e-04
3.000541577274644118e-03
2.358597646043409518e-02
1.400086282577148178e-01
6.784636808767041671e-02
2.623116935313330941e-02
1.722037135453092713e-02
1.964009744065324872e-02
2.817926287210534980e-02
2.070382098693253879e-04
3.369501735962754070e-04
2.044160557574177528e-03
1.317144790936160617e-02
4.618268371192570110e-02
1.825389897071937398e-02
5.901987434145501699e-03
4.381885864109776214e-03
6.880673140053880296e-03
1.334709881159020992e-02
1.822701908849607799e-04
3.550431476776658678e-04
2.755210649126255476e-03
1.388230246453204565e-02
1.037118178239931215e-02
4.086688152919903949e-03
1.283902768765253022e-03
1.225858342510629693e-03
2.736629329473568191e-03
7.020535152629492001e-03
5.576702476867799593e-04
1.148763880357707217e-03
4.790198816595978189e-03
1.498952986193669533e-02
6.308159385738589323e-03
1.381885546149463776e-03
4.692829064581227659e-04
5.985007680525421042e-04
1.676759679935976334e-03
4.929959523555462256e-03
3.077444600091067475e-03
7.325168710445933810e-03
2.805541218046275417e-02
4.517674828047083674e-02
8.074251057502751863e-03
1.318504408343332745e-03
5.147162089956067599e-04
7.303432480919129499e-04
1.945882830495275538e-03
5.233926637497339496e-03
1.631724712331274543e-02
3.654825197099325490e-02
1.066588165994899612e-01
8.530122165469830597e-02
1.473159626189819542e-02
2.692198135627029820e-03
1.308752290376649641e-03
1.751301593136427373e-03
3.660915406404777282e-03
7.774119518484601948e-03
5.992554372509856925e-02
1.139954115228747622e-01
2.430036712536471077e-01
1.159538667722423144e-01
2.736189955393472997e-02
7.688132197706280466e-03
4.484497652033082524e-03
5.140022576536030022e-03
8.066671570306438444e-03
1.317741819134652520e-02
1.401766347860424755e-01
2.256154203567846406e-01
3.469544324030884863e-01
1.469990484869260761e-01
5.182006496071377144e-02
2.145593219664267137e-02
1.384406299109867088e-02
1.357906570170313264e-02
1.672109813566943076e-02
2.189131083268942846e-02
