5.801151502959035582e-03
7.562879308683678227e-03
1.640629665736311957e-02
5.415169852380617016e-02
1.802999464565865628e-01
3.056741322393338733e-01
1.844930894869835636e-01
1.273150845894953920e-01
1.067219337759098968e-01
1.033274520452258233e-01
1.807139603189481143e-03
2.329379448327951064e-03
6.798421041759780334e-03
3.600710768668270029e-02
1.686961860917227385e-01
1.747800814487321663e-01
8.714822089304068153e-02
5.671577705700046879e-02
5.178988274425964933e-02
5.776155089320347130e-02
5.220281661385034640e-04
7.251251696603167951e-04
3.127952873365397613e-03
2.426947831657991911e-02
1.406228328764088098e-01
6.871695929415863602e-02
2.711677826654872170e-02
1.755265099128806155e-02
1.956455784124755057e-02
2.767615349770671460e-02
1.931063654242299557e-04
3.411035972003038474e-04
2.109486077816728582e-03
1.313223535113725547e-02
4.575209018473616607e-02
1.843088035770341568e-02
5.911150539220789112e-03
4.210405995679223495e-03
6.417951048725035156e-03
1.236417563799037563e-02
1.592324277010841128e-04
3.481191015582806979e-04
2.822396558703216523e-03
1.371957719318840120e-02
1.024620493469307649e-02
4.002696219606186566e-03
1.190359377391868399e-03
1.060872362703228593e-03
2.315061883227214224e-03
5.987751732313163593e-03
4.511757092277904314e-04
1.032210205231697073e-03
4.567477521632522242e-03
1.499309001742591546e-02
5.737336702233097191e-03
1.189593400937945245e-03
3.689766708675511534e-04
4.398884917929198513e-04
1.232792475605640290e-03
3.774483475486997350e-03
2.396258540333311149e-03
6.306547279547587356e-03
2.621653699142741795e-02
4.461421760581845558e-02
7.492640102461672891e-03
1.029350889791113459e-03
3.434025094134270529e-04
4.581076688323373566e-04
1.251795139387118809e-03
3.586704319626200961e-03
1.272462805352053000e-02
3.113168781657960071e-02
9.873998319286865499e-02
8.417935816598151599e-02
1.358818903420873532e-02
2.073644541610144242e-03
8.433844709977108590e-04
1.051264221168609139e-03
2.236719737438159009e-03
5.027279036912432261e-03
4.835183781414868071e-02
9.879584614158616607e-02
2.258074698464017649e-01
1.140893019082620391e-01
2.481284314532358412e-02
5.970002146074365572e-03
3.002684911599284162e-03
3.210831376603939802e-03
5.046879862689033699e-03
8.562217818898796434e-03
1.184152691471365149e-01
2.012073954176781809e-01
3.497465100835167040e-01
1.433976774991619629e-01
4.675647419241527047e-02
1.722125896106084172e-02
9.956410724561159942e-03
9.172510781910819117e-03
1.114237717024295533e-02
1.483581992472278628e-02
