5.319648790734962489e-03
7.027776158029087547e-03
1.567365724111059386e-02
5.344751939195010321e-02
1.816119458646162366e-01
2.951073870640758545e-01
1.730058584850106274e-01
1.169396593807913165e-01
9.725920071391520871e-02
9.425370846891506504e-02
1.584649433938791624e-03
2.068438599108282216e-03
6.298585414816078830e-03
3.518110110556203068e-02
1.694444730080911510e-01
1.666214691852860585e-01
7.951873690516608750e-02
5.045208342196691453e-02
4.592323073306588122e-02
5.162554493586543614e-02
4.332095013011421909e-04
6.091078566723916697e-04
2.810888655179011840e-03
2.362018653689162626e-02
1.405727987155064029e-01
6.408368235015157732e-02
2.376434029109004628e-02
1.497560728556845619e-02
1.680023101312482989e-02
2.419991262587000216e-02
1.529790707704905422e-04
2.731866500675464741e-04
1.844957874080532497e-03
1.278544189401366847e-02
4.436977195263920593e-02
1.660371153193950650e-02
4.937469073139071074e-03
3.438794582202293545e-03
5.346266878714978944e-03
1.060323225497710603e-02
1.249881429076416970e-04
2.781482799237599873e-04
2.466819587005485755e-03
1.319127048284697221e-02
9.765757414865801345e-03
3.453207708777619300e-03
9.497623908677799197e-04
8.366590180495921082e-04
1.882824694858581220e-03
5.069671908812268049e-03
3.775082887364447789e-04
8.911919626676580988e-04
4.239088523874162164e-03
1.456738740955518599e-02
5.501008551082300392e-03
1.010545388700940855e-03
2.867810749020168306e-04
3.421858658202833118e-04
1.000081989980060272e-03
3.183304396662908330e-03
2.150396571483691698e-03
5.860217927305427787e-03
2.580982278795774035e-02
4.432046802905372646e-02
6.859568987041859620e-03
8.474591425370923232e-04
2.669619856760387490e-04
3.612814576919370023e-04
1.025448196140714332e-03
3.043113468750081353e-03
1.211329282715071370e-02
3.034448233976383066e-02
9.899354042305193169e-02
8.247638318454802997e-02
1.237260009030614200e-02
1.723391370502188940e-03
6.753887998539211254e-04
8.546134741205863765e-04
1.873357961233749688e-03
4.328236976299945464e-03
4.783645633670568359e-02
9.906453778003590505e-02
2.289396071882065509e-01
1.102210280220695532e-01
2.258930367445357093e-02
5.107902996043494313e-03
2.503863417358096269e-03
2.701385105859693998e-03
4.331503735222844848e-03
7.492196330007660533e-03
1.194045112209779491e-01
2.042425519339033657e-01
3.445617061409619875e-01
1.375953791515486802e-01
4.306091572875598433e-02
1.526411964650247442e-02
8.660392607025717282e-03
7.983955140056089167e-03
9.795277698521252796e-03
1.319084699463973429e-02
