5.396892613045185284e-03
7.071333105479145342e-03
1.564423225752052324e-02
5.316654453337536779e-02
1.809388170562144793e-01
2.972398351991220045e-01
1.747324372083019772e-01
1.183716280788826153e-01
9.856527423977134994e-02
9.552764586868284225e-02
1.610709117156673784e-03
2.076836117800656255e-03
6.261273879786255492e-03
3.493733196850921235e-02
1.690970780568359089e-01
1.678287504478948866e-01
8.028302930889505418e-02
5.105829835605804612e-02
4.654370250422611155e-02
5.232773847296302849e-02
4.402421770282336291e-04
6.086436271508700478e-04
2.783375408290187942e-03
2.346266478257565818e-02
1.407171603658705084e-01
6.436953289000323097e-02
2.387567097293307947e-02
1.508830305402428067e-02
1.697829499858349508e-02
2.448812169961347984e-02
1.535247284223760901e-04
2.708504510526501424e-04
1.826615354764649047e-03
1.271300599944713040e-02
4.444751055590909911e-02
1.656753528231181063e-02
4.905153322918342010e-03
3.429859037952967104e-03
5.368041059704274989e-03
1.068661307099314124e-02
1.231770377851556229e-04
2.737895039270888363e-04
2.449846563812386850e-03
1.322959140619443461e-02
9.701398446136932918e-03
3.402163822143823221e-03
9.274910217865333121e-04
8.238527959068652883e-04
1.873631425500401574e-03
5.080075124829960473e-03
3.757247376034364688e-04
8.792411078202125091e-04
4.201447365082721513e-03
1.457531140321642084e-02
5.379501130335700640e-03
9.631625847071234765e-04
2.734080087119794837e-04
3.318588695631970891e-04
9.858000371447946195e-04
3.169343310915300697e-03
2.138610997784370308e-03
5.800860650425593290e-03
2.575468052669092900e-02
4.425861683716397765e-02
6.736703056144028798e-03
8.118604169305385651e-04
2.548472649269394302e-04
3.486487810757813235e-04
1.004896152141052492e-03
3.012769378400866407e-03
1.205071718999401950e-02
3.016784104009780781e-02
9.898019362570506519e-02
8.238839813149440028e-02
1.219018353832598475e-02
1.666711430056425558e-03
6.501330635434241076e-04
8.286648710293502158e-04
1.836081877323801756e-03
4.275558491423118827e-03
4.763452908223969606e-02
9.869747666784316198e-02
2.289022392909028092e-01
1.101975373521395241e-01
2.238195817983365532e-02
5.010523024826412861e-03
2.447799679766813220e-03
2.647513348939545437e-03
4.265865812269906479e-03
7.408144749955805977e-03
1.189672536507038608e-01
2.036024990262844669e-01
3.457698459768024923e-01
1.378261926766736478e-01
4.294575244871010056e-02
1.514558525796961923e-02
8.567324495591457922e-03
7.894513991045057355e-03
9.695664269732139073e-03
1.307624411213045151e-02
