5.351129139185925414e-03
6.988145021433195790e-03
1.548063759329020711e-02
5.296084197582198727e-02
1.813974935326911064e-01
2.946793421504079191e-01
1.719059867814074216e-01
1.159370053970370795e-01
9.646356297194333407e-02
9.360322936048288966e-02
1.583163181463524173e-03
2.028304856913756404e-03
6.133823160915072119e-03
3.469980592649894724e-02
1.696907568110130327e-01
1.655493157449440256e-01
7.817337675208307912e-02
4.945297905641286157e-02
4.515882595502177660e-02
5.098400009819949175e-02
4.270749119485390340e-04
5.838306019759085998e-04
2.696912479953465086e-03
2.328603957723919884e-02
1.412350460971043276e-01
6.286092260079366445e-02
2.284410970056352519e-02
1.437426172257614404e-02
1.628828033774888662e-02
2.369796808033602931e-02
1.473714614284200592e-04
2.550906806016842491e-04
1.753548012992058773e-03
1.261848510116571342e-02
4.394708518377922479e-02
1.591733447399276344e-02
4.587941997731739135e-03
3.208013144150785936e-03
5.096180029292035445e-03
1.028839028664606942e-02
1.185871468711666854e-04
2.564182821198619875e-04
2.346062668824676952e-03
1.312627306472246951e-02
9.452779695888974612e-03
3.206131484307053747e-03
8.524737086160204301e-04
7.627483065849909516e-04
1.772456290223608762e-03
4.886552196304052610e-03
3.621552381403209575e-04
8.424587471507460337e-04
4.085525787463829828e-03
1.443741871853243021e-02
5.295211413253604268e-03
9.049728028648099890e-04
2.530226597414121539e-04
3.104973730989678640e-04
9.406473297319133987e-04
3.070826532135376152e-03
2.097128101429677777e-03
5.674219216945951966e-03
2.556898315458080995e-02
4.440983716178454471e-02
6.645320960575616144e-03
7.795306569056795502e-04
2.426433044673213238e-04
3.346301133140238944e-04
9.808170239285879909e-04
2.965412585473212181e-03
1.200374660206610100e-02
2.994808792449666496e-02
9.886365405455534161e-02
8.262552678536788653e-02
1.206315971118705060e-02
1.629393326783459481e-03
6.370421651824381389e-04
8.199576464952564817e-04
1.830232859455433467e-03
4.272737935373051125e-03
4.784921314428224742e-02
9.876852442216148276e-02
2.293054264404268960e-01
1.104532697948377995e-01
2.228876106321175596e-02
4.976669773589074280e-03
2.443825040694964923e-03
2.660442592121855295e-03
4.300040794731025545e-03
7.470099180988501973e-03
1.198018802252530518e-01
2.043272198489992086e-01
3.469250262016052577e-01
1.381711941665388355e-01
4.299562196329351910e-02
1.518566403386770701e-02
8.626254254181706799e-03
7.980189357872596520e-03
9.815272328500762936e-03
1.323178865750771274e-02
