4.746605791418696298e-03
6.574689176031218128e-03
1.532233331233184837e-02
5.313575977234379771e-02
1.796322201036437971e-01
3.079275678944367600e-01
1.870603129737281600e-01
1.297479148620079847e-01
1.091861333542162027e-01
1.060301625783775653e-01
1.329189563547079813e-03
1.858878965829244712e-03
6.050331303492905224e-03
3.457650279291466650e-02
1.656358956434165752e-01
1.780471923271502999e-01
8.951534733110445841e-02
5.835963476021498175e-02
5.330939754681545545e-02
5.950839514102142930e-02
3.408335260954385563e-04
5.287668338615893280e-04
2.661904894516843069e-03
2.299563894172539438e-02
1.370101025380874304e-01
7.089628375488073175e-02
2.813665622237049302e-02
1.807114192736625907e-02
2.005873991274558302e-02
2.839900830821548081e-02
1.145114323859680149e-04
2.339469245161004615e-04
1.748533537485048904e-03
1.242576125542657964e-02
4.666627788389878656e-02
1.898149216262683125e-02
6.052321134638086533e-03
4.221404744565375282e-03
6.410421670052178153e-03
1.243941764080356942e-02
9.084720045310035956e-05
2.395745929541070866e-04
2.382674573549962288e-03
1.290236569706667072e-02
9.930296507482675589e-03
3.939615462009398231e-03
1.145197162886558550e-03
9.932908149139529127e-04
2.178581229745916482e-03
5.779003652794391030e-03
2.729390934156675458e-04
7.589089024976258726e-04
3.964081886937077109e-03
1.476653266619563400e-02
5.363376434333960718e-03
1.034652960191504486e-03
3.085515173672940875e-04
3.635780153271091913e-04
1.058642549905630193e-03
3.395656700675108580e-03
1.626728560731075966e-03
5.162295511267340001e-03
2.487610637691834922e-02
4.299015122706296987e-02
6.484561969102891482e-03
7.669990496912184588e-04
2.377682114655472123e-04
3.234790760470618743e-04
9.503390490463822131e-04
2.934954592570980167e-03
9.783996029460124977e-03
2.773586710637713712e-02
9.711316662364967434e-02
7.813548018647176185e-02
1.114175330616489976e-02
1.435439460869234211e-03
5.334669522540832218e-04
6.783689453607731103e-04
1.556956191057362387e-03
3.789633705734748569e-03
4.126300189239331256e-02
9.344516094343466306e-02
2.272550413720250684e-01
1.019025341222968284e-01
1.943188057367654237e-02
4.050446672146940617e-03
1.891773027609369023e-03
2.051616178075272006e-03
3.422178004445923342e-03
6.205100955477871154e-03
1.084922784077900354e-01
1.971766242053982210e-01
3.300335096341702190e-01
1.253267217914975917e-01
3.652625943772899036e-02
1.209798985867295909e-02
6.612845028525103294e-03
6.103007392522757923e-03
7.691112467154818250e-03
1.073846927737256464e-02
