4.759904933784090547e-03
6.546202699171432653e-03
1.518278087502636375e-02
5.269462582581192073e-02
1.788692204980186495e-01
3.091266037995020199e-01
1.877339567792730701e-01
1.301630645202642989e-01
1.094949009921947353e-01
1.062941055169119436e-01
1.334810960888613762e-03
1.846483319449754084e-03
5.976473744726156986e-03
3.428542894262579660e-02
1.653491132679657805e-01
1.784578568020024902e-01
8.954348104155251953e-02
5.832245205955528811e-02
5.328555614559222359e-02
5.950851047643580805e-02
3.416071053675469467e-04
5.230921573010254618e-04
2.622682011762886550e-03
2.284265543584573441e-02
1.372079657966595867e-01
7.073047899417549134e-02
2.791241976319542781e-02
1.790840097027740496e-02
1.992192563824416937e-02
2.827973983750701331e-02
1.150772005161576563e-04
2.317736456649015946e-04
1.724838094140417706e-03
1.236120960319651331e-02
4.659181960664355443e-02
1.877015626156205638e-02
5.919783736870187774e-03
4.129132596112882782e-03
6.311701485845616633e-03
1.232071740490016214e-02
9.037308483802192617e-05
2.361112026421825511e-04
2.363430699363779693e-03
1.293075266881152374e-02
9.800065945626067199e-03
3.842157230281438574e-03
1.101815411747448332e-03
9.592302178958053921e-04
2.128644490032716944e-03
5.695763773086521403e-03
2.718220037878528038e-04
7.482246570098265593e-04
3.930388080672590073e-03
1.476842880173701716e-02
5.265508854603159414e-03
9.958937121542950355e-04
2.941109198236456783e-04
3.492925440999513622e-04
1.030890901480771994e-03
3.341217001216307495e-03
1.622322507739771061e-03
5.116190043804299224e-03
2.479236243403079229e-02
4.302252421979022023e-02
6.429391952575824222e-03
7.451017507458714689e-04
2.297180963150339769e-04
3.130084919725119189e-04
9.314857052600931811e-04
2.895286193608817733e-03
9.753605535065238905e-03
2.757348170182289879e-02
9.692643001045986306e-02
7.831159946281607276e-02
1.108773831641108286e-02
1.413633297348556011e-03
5.238139394744389249e-04
6.682728404160888543e-04
1.540538820431253684e-03
3.761496363683541205e-03
4.116317969978502272e-02
9.303316534102376578e-02
2.267744316178770536e-01
1.023768978927305645e-01
1.947039395306864734e-02
4.045483664794759064e-03
1.887275027155352509e-03
2.048202789799185523e-03
3.417888963132246702e-03
6.198867543207822739e-03
1.081782685068396893e-01
1.963695740347450869e-01
3.319261106375341330e-01
1.262239642425513897e-01
3.680672519799339099e-02
1.218616007154971724e-02
6.656971480559019903e-03
6.138253203581341653e-03
7.727151517746498263e-03
1.077345538445819220e-02
