4.835855837437489160e-03
6.614853269890015250e-03
1.524071634860754178e-02
5.266874340254711073e-02
1.786745149141820421e-01
3.109787809175549311e-01
1.893733416217733001e-01
1.316031395126089909e-01
1.108315041117697020e-01
1.075965282424892061e-01
1.355518932102739394e-03
1.860794060071176365e-03
5.972463167622283145e-03
3.417553023329455292e-02
1.651878958480460236e-01
1.796741436608184361e-01
9.040655260808122540e-02
5.902642277361895562e-02
5.398521617840926212e-02
6.028088165192152514e-02
3.460556885737670757e-04
5.230424529182851629e-04
2.607357907684838133e-03
2.273799165721976032e-02
1.372877348232417472e-01
7.114062604108573051e-02
2.812045586975529810e-02
1.808753643862583485e-02
2.015543131298800847e-02
2.861779461987091350e-02
1.150005980909030466e-04
2.287418448207691386e-04
1.710898127236294827e-03
1.230633700673520493e-02
4.671435698880072734e-02
1.879630185595983910e-02
5.916723719092191643e-03
4.138290071309450729e-03
6.351200474643926147e-03
1.242150893596448945e-02
9.019831873549256820e-05
2.314395537096235124e-04
2.344030871131381859e-03
1.295562264759852165e-02
9.786100970328847487e-03
3.809923337565283234e-03
1.084029592444146718e-03
9.472396858810414174e-04
2.119726741940801493e-03
5.702890065054182916e-03
2.670216207304002844e-04
7.355449479973759971e-04
3.898918915802520972e-03
1.478674389509824182e-02
5.160574617188688415e-03
9.631580691952620248e-04
2.820881041975708192e-04
3.382354652842135996e-04
1.012565437183670768e-03
3.309740584356445428e-03
1.596993824171201448e-03
5.063566334968257372e-03
2.478529179073359762e-02
4.279849453500610135e-02
6.239733445157292883e-03
7.007810182115430976e-04
2.137405485625182148e-04
2.969811621354052347e-04
8.971203472759214015e-04
2.830475741214578695e-03
9.649055265681558483e-03
2.742896003891072410e-02
9.714214073784131764e-02
7.775410859488769699e-02
1.075958639313312482e-02
1.332387352308098908e-03
4.868542547034472416e-04
6.280218775494183147e-04
1.469266244000686297e-03
3.636619170935355069e-03
4.088926091569961008e-02
9.286519746452293056e-02
2.274187844623949406e-01
1.014413317962525873e-01
1.892879107848458031e-02
3.849299597475214739e-03
1.777035692577556012e-03
1.935689551678011419e-03
3.260023228090098372e-03
5.968746779100503330e-03
1.077689689236124293e-01
1.962559354827417557e-01
3.314180844796862369e-01
1.250870679956760934e-01
3.599653860307087255e-02
1.175105764355247225e-02
6.366236259994789530e-03
5.865767032811608495e-03
7.412507935808549178e-03
1.038931873253247720e-02
