4.643764792183184380e-03
6.338334600726461786e-03
1.471583908538909476e-02
5.172747798072450942e-02
1.782225080090718838e-01
3.083099375271134424e-01
1.856248821196255505e-01
1.280513706098553306e-01
1.076333052840565407e-01
1.046148415216615890e-01
1.271683718170959349e-03
1.731943894484688686e-03
5.639339015352467718e-03
3.332784851437714524e-02
1.649746968443766282e-01
1.771679272946970474e-01
8.748829601222933572e-02
5.660285942826913386e-02
5.182212424471767387e-02
5.815327834955943964e-02
3.147454469063558987e-04
4.697470320526364921e-04
2.411298877635821309e-03
2.216398651198354247e-02
1.374317635555278860e-01
6.925316675901108110e-02
2.657034712208763971e-02
1.694349595419183258e-02
1.903825552105893604e-02
2.733703468635048303e-02
1.018331163818818867e-04
1.995058319949707970e-04
1.560658339993155515e-03
1.201647723258471474e-02
4.625897226579638033e-02
1.787406373669723006e-02
5.400250141292310853e-03
3.766225508137119836e-03
5.890795563835258750e-03
1.175091131017402292e-02
7.903452558702679762e-05
2.025457297140396745e-04
2.160920546223908320e-03
1.270068707713794577e-02
9.486444089683148187e-03
3.501698132247809628e-03
9.541535538336540787e-04
8.407232915769028477e-04
1.940414836315009330e-03
5.360910362155350828e-03
2.469278203461990951e-04
6.834225226240271071e-04
3.742188740353152073e-03
1.458322333155399886e-02
4.968091405536001481e-03
8.594035760478643685e-04
2.426416172281095889e-04
2.979058839301197475e-04
9.254534255603408905e-04
3.113074309908960002e-03
1.532230124142390688e-03
4.878361350753224537e-03
2.461360148743159393e-02
4.278810494655542473e-02
5.966021226836770892e-03
6.292843649994141848e-04
1.882254784163109426e-04
2.671717073909346952e-04
8.331306315177677271e-04
2.686716047590766848e-03
9.517871005841050530e-03
2.713456614403939732e-02
9.746677576169116008e-02
7.728844807537303685e-02
1.029911183851279881e-02
1.221866593546751733e-03
4.440802487249333533e-04
5.840223994556615955e-04
1.394548063298043684e-03
3.502406088111113900e-03
4.103682224647105248e-02
9.316674420898703179e-02
2.291935770463751632e-01
1.004363285515326720e-01
1.827447767749277446e-02
3.640864749485847249e-03
1.681183918185674567e-03
1.852860620432325101e-03
3.157208007983612792e-03
5.822164828630876920e-03
1.087736826844638571e-01
1.977877805840982939e-01
3.311227296897931716e-01
1.239079194468604983e-01
3.521737578426182430e-02
1.140255022681969932e-02
6.178030305971477475e-03
5.721129662102631547e-03
7.267697055871790747e-03
1.021879851923742331e-02
