4.430690472413859049e-03
6.059497364438119066e-03
1.422096106521634519e-02
5.093961848909295959e-02
1.783339428068677346e-01
3.067080795749812516e-01
1.834465273377549055e-01
1.263381990706548552e-01
1.064248771458370380e-01
1.037591055010228802e-01
1.170493219079943087e-03
1.593614589473998184e-03
5.297513298132921350e-03
3.251751127722900259e-02
1.653177855000296514e-01
1.752891713127098239e-01
8.547564460439065204e-02
5.520891544417292490e-02
5.084716119801948458e-02
5.742657638205302117e-02
2.752463385158733056e-04
4.093836287413939439e-04
2.199511750014527828e-03
2.155349393030555477e-02
1.380820632061424968e-01
6.762034858248544555e-02
2.535039786532425343e-02
1.617717820676397092e-02
1.843094053004927860e-02
2.680218801313437663e-02
8.354256264491495988e-05
1.652881364451672379e-04
1.398712897483335134e-03
1.169729594000810079e-02
4.589528877836707849e-02
1.703476998983956617e-02
4.961550691957799554e-03
3.484386663822830812e-03
5.599604468799398820e-03
1.141290286190200717e-02
6.275021621384837341e-05
1.631429304023171380e-04
1.942346719976531045e-03
1.246967741970122882e-02
9.191327623229465435e-03
3.214669154450232845e-03
8.383362605920412908e-04
7.527230570850902995e-04
1.812185877237646901e-03
5.153079270806181812e-03
1.988286448977785313e-04
5.688622185951951703e-04
3.396609355771946278e-03
1.429979676638101597e-02
4.730302756831330710e-03
7.530106138435416728e-04
2.054559364696046113e-04
2.614612861714421706e-04
8.524608995661207920e-04
2.967898282453976071e-03
1.310083975116174302e-03
4.349880923777696244e-03
2.373597879735091926e-02
4.292025428973640644e-02
5.660440280608543435e-03
5.458564852598810514e-04
1.584498041748776901e-04
2.343992716817261781e-04
7.664946904227023508e-04
2.551841044290145775e-03
8.648816239691176772e-03
2.548447329243226298e-02
9.599415363936823764e-02
7.709340869787610628e-02
9.741976677603693055e-03
1.082182217761144729e-03
3.873839677023352976e-04
5.240479028970224801e-04
1.296224131111764575e-03
3.329944505997521707e-03
3.898301738574132952e-02
9.046750009912039869e-02
2.281482363574380001e-01
9.957025212290174232e-02
1.739516374346107910e-02
3.333175338958047247e-03
1.526466265215443334e-03
1.709367095641758233e-03
2.971647240351732444e-03
5.563667439435639357e-03
1.060236030589786493e-01
1.952179205966963482e-01
3.325237114173756892e-01
1.225669681503842728e-01
3.397260281228698525e-02
1.076690613210184305e-02
5.799996594029657032e-03
5.402902876126434648e-03
6.928738348712180917e-03
9.823037419923670230e-03
