4.615771834534067135e-03
6.128082945803353145e-03
1.396835652625949727e-02
4.914802937334097205e-02
1.719343327212772277e-01
3.129110752342444401e-01
1.871949960392192414e-01
1.275207711365109742e-01
1.059185595257711582e-01
1.021827845790356376e-01
1.304098296839149894e-03
1.709503151767137940e-03
5.409358865568240742e-03
3.190773562428700361e-02
1.603837396090412315e-01
1.800094441055586358e-01
8.800120056882454467e-02
5.591323602815854998e-02
5.045438415259442116e-02
5.622251483381950771e-02
3.386870210597744263e-04
4.810324640608449795e-04
2.371099427048801046e-03
2.160659197498591630e-02
1.352172064526160622e-01
7.017109302808684224e-02
2.650823154667979881e-02
1.651872720743289072e-02
1.828458186250184192e-02
2.613590295085467183e-02
1.159213244512394519e-04
2.144400109265629992e-04
1.582632607744494102e-03
1.188387615881843738e-02
4.650286924329970206e-02
1.795181248781180933e-02
5.315414040568107977e-03
3.618635713007799324e-03
5.596029396478546802e-03
1.114709706387431720e-02
9.648385699232776055e-05
2.270347000045919248e-04
2.250618728332733336e-03
1.278618546157466417e-02
9.323823168767567809e-03
3.458103322192303784e-03
9.285654520570345034e-04
8.031468095825989011e-04
1.841790874268576421e-03
5.093323041583460928e-03
3.124665880746409718e-04
7.862038152815230318e-04
3.836758599425601612e-03
1.446852559376444677e-02
4.887063202501691281e-03
8.484452679352661765e-04
2.397988393879290877e-04
2.903517337034672839e-04
8.969086532729144681e-04
3.009234590103734060e-03
1.918770125334514232e-03
5.658675217700006622e-03
2.600330607457272680e-02
4.220217300221592444e-02
6.088983871823853630e-03
6.598788418502656320e-04
1.962836813543215463e-04
2.759102081185618597e-04
8.468014305228352629e-04
2.694560528957755559e-03
1.143399487844980883e-02
3.041088310238994341e-02
1.016188881248467207e-01
7.706176171043868650e-02
1.072021717370491567e-02
1.331750364962204156e-03
4.910355876363661255e-04
6.376484191578925221e-04
1.492439305713365565e-03
3.667030973640262106e-03
4.658578424384280520e-02
1.002022491928132031e-01
2.348361399734622268e-01
1.018685205131260180e-01
1.948400339279535154e-02
4.062150558999911079e-03
1.906913980217517278e-03
2.081435033731170170e-03
3.476761605008048522e-03
6.279033168353332847e-03
1.177716616063256144e-01
2.061053093327688823e-01
3.315754243258269840e-01
1.278915712569015095e-01
3.803221778658703867e-02
1.278625866201914610e-02
7.027013329389111829e-03
6.468420460546716981e-03
8.085934300348167694e-03
1.116840165396255739e-02
