4.722437857540521568e-03
6.239315532192870987e-03
1.403441179331906159e-02
4.828491618652682588e-02
1.660184438896611658e-01
3.271885447065333574e-01
2.009164334369404059e-01
1.380314934331626220e-01
1.138286996238524890e-01
1.084455800427463756e-01
1.388224616829344081e-03
1.836886482689930591e-03
5.733965639412365659e-03
3.237099959739957872e-02
1.570627573774124042e-01
1.886662888368798308e-01
9.561623558194826122e-02
6.102120865732599958e-02
5.412725530422485970e-02
5.915487885005357716e-02
3.796633449347438811e-04
5.550666177254406789e-04
2.649799117494627734e-03
2.241135246268689471e-02
1.341268802830076767e-01
7.419802865395604130e-02
2.925692952656809218e-02
1.807971895072563867e-02
1.938744104017005657e-02
2.700914062113035988e-02
1.368634357728195294e-04
2.619198730096616292e-04
1.796056797812566747e-03
1.222660033415874647e-02
4.712092634761579774e-02
1.929793546914533933e-02
5.936286828451644779e-03
3.919235499835533286e-03
5.779917203723393924e-03
1.119143178549310627e-02
1.147637704583594502e-04
2.789903596046251137e-04
2.520579095822447855e-03
1.285665880108136094e-02
9.580390884212959188e-03
3.780725906975660345e-03
1.032527403625291273e-03
8.439420515544597892e-04
1.824997981009234211e-03
4.918215756403088688e-03
3.526605228382772043e-04
9.039159650914849534e-04
4.095747181554251944e-03
1.473253871543810968e-02
4.918018964118665674e-03
9.100384997384992295e-04
2.547223335942005811e-04
2.861040549519171727e-04
8.367200731940212634e-04
2.768909729846062012e-03
1.977827939695519024e-03
5.872803334080998333e-03
2.594634817550480269e-02
4.197522263073764914e-02
6.387205656921609090e-03
6.975731799241810744e-04
1.938151753557137145e-04
2.502451742568188408e-04
7.370961612323388050e-04
2.350215465722020527e-03
1.086601845981463935e-02
2.924865315199549551e-02
9.763943391924684301e-02
7.803055400240861694e-02
1.134443663830075714e-02
1.395672966920245188e-03
4.683321759257211086e-04
5.563858694501467054e-04
1.252695981826732613e-03
3.089950302317740448e-03
4.246049823172650534e-02
9.297775941889133144e-02
2.219905174323889840e-01
1.051830689136795255e-01
2.054199776463242963e-02
4.162233163852693991e-03
1.804463397949649436e-03
1.830098758332939467e-03
2.945366794675339031e-03
5.297206513558624062e-03
1.066362416052171469e-01
1.902937882296992234e-01
3.399230899758192148e-01
1.329262211779965175e-01
3.956506633324868155e-02
1.288383559399885157e-02
6.690772357636527376e-03
5.835404392271616864e-03
7.065361523923777663e-03
9.661306795238766912e-03
