4.676379851211172334e-03
6.203909894614422979e-03
1.402429485474975153e-02
4.842566088365552607e-02
1.666910770086596216e-01
3.255858403333505291e-01
1.995348062586567439e-01
1.370219770460847919e-01
1.130856888429016827e-01
1.078586644471269951e-01
1.362063227705227015e-03
1.811555475739063661e-03
5.700399278665226402e-03
3.239382110308559881e-02
1.575108338155128684e-01
1.875498509416950454e-01
9.477219012330721781e-02
6.046898826051960718e-02
5.372068391083976296e-02
5.881377292204842400e-02
3.675733613694634862e-04
5.412601358482545255e-04
2.620141159680605854e-03
2.238030871509363515e-02
1.342981620826094180e-01
7.364925540815749072e-02
2.892373325791545990e-02
1.788075895619078981e-02
1.922326944086034939e-02
2.684691596560270094e-02
1.303138439581998857e-04
2.520908371845893467e-04
1.765272671090271049e-03
1.220799462304109941e-02
4.698561822296246082e-02
1.911416039204516179e-02
5.850562929623064415e-03
3.866317852813972410e-03
5.725797597902549871e-03
1.112129059192170505e-02
1.091016515152432151e-04
2.665578427501719507e-04
2.461499460320551880e-03
1.278239335905785590e-02
9.546602163347029865e-03
3.733845548914893099e-03
1.014944443216876440e-03
8.312013208187860871e-04
1.805457815919955192e-03
4.884341763833881939e-03
3.349406992174144252e-04
8.702035326934433410e-04
4.011988617126942616e-03
1.464151618715126696e-02
4.905887865229390139e-03
8.972738741639483401e-04
2.499849469233401652e-04
2.810562224170812403e-04
8.264858959871009859e-04
2.746476575671331650e-03
1.904770672697937792e-03
5.737506286075317805e-03
2.577477444428967826e-02
4.202042837913121803e-02
6.327598608597367197e-03
6.818184768178435062e-04
1.890037770011491645e-04
2.444431706053511394e-04
7.261656093659241184e-04
2.326696956294941731e-03
1.062673807095907384e-02
2.889116558253784425e-02
9.738345066037983055e-02
7.790917341573176669e-02
1.120949967291159401e-02
1.362040747983035011e-03
4.556547471088147534e-04
5.432051356971048664e-04
1.232073776296390430e-03
3.051434415328026315e-03
4.200134901385062236e-02
9.253932510020922153e-02
2.220283334320749258e-01
1.046889137149442373e-01
2.024955786728667786e-02
4.068192807076516718e-03
1.759211101535181846e-03
1.789574286224847799e-03
2.894472363569808738e-03
5.224464959468466327e-03
1.061857986095937068e-01
1.901799439045935292e-01
3.392239826321628016e-01
1.320048932891587090e-01
3.900674100356778251e-02
1.262566218640949652e-02
6.548872701103688847e-03
5.721389983396842592e-03
6.946726637919915966e-03
9.526417687521234953e-03
