4.397741933965132813e-03
5.911705038717220140e-03
1.359049379281942679e-02
4.759352396595711854e-02
1.650904604303206069e-01
3.257703971704399848e-01
1.991814695350049014e-01
1.362433540087977513e-01
1.119972024640875641e-01
1.065333330530654626e-01
1.261531439163522802e-03
1.715550312508605296e-03
5.535006585973622356e-03
3.200317891683074345e-02
1.564963608283047869e-01
1.870794128552795421e-01
9.421493148694536079e-02
5.975847496977372553e-02
5.281148360245861012e-02
5.765602298983203700e-02
3.357036205278834929e-04
5.102953928290904564e-04
2.556255745150478112e-03
2.223275452672113239e-02
1.338423892801988424e-01
7.326249429899130139e-02
2.860113032120490534e-02
1.751258079493164463e-02
1.869920576459835337e-02
2.605642240188695349e-02
1.180561441604747319e-04
2.396315520105024631e-04
1.736277489726305778e-03
1.217554189298339883e-02
4.692325284990025991e-02
1.897104939308219204e-02
5.743162767052597227e-03
3.741040331400423760e-03
5.491208155036978074e-03
1.065952137074002021e-02
9.575148135617772126e-05
2.513192495265221768e-04
2.454919634776479061e-03
1.274291891945058576e-02
9.508141668716506983e-03
3.691846740222554622e-03
9.845398628783195646e-04
7.887452455398280375e-04
1.700356022376554909e-03
4.612525462374473910e-03
2.853360273112435651e-04
7.823349223973558508e-04
3.821563867433692627e-03
1.467809954286078064e-02
4.816800766007249372e-03
8.693696325269630347e-04
2.358416458833419616e-04
2.602493014488416320e-04
7.606720609292044960e-04
2.547418017710040977e-03
1.633455816163195207e-03
5.224747063781184399e-03
2.465782175096593518e-02
4.173714155090951783e-02
6.271527165815878220e-03
6.476384200233508120e-04
1.714660660824469159e-04
2.182789593679349471e-04
6.497896667872022844e-04
2.111695858373447646e-03
9.348776392552399922e-03
2.676138239211548961e-02
9.417648879696216557e-02
7.753062668864291185e-02
1.103364293153662364e-02
1.287489345637125859e-03
4.101204586677339851e-04
4.785070264348332495e-04
1.086924990303025961e-03
2.730527645506071292e-03
3.813356969075399477e-02
8.731237949704978574e-02
2.162165809203351330e-01
1.042093900793928662e-01
1.981199259354493245e-02
3.842030915760501469e-03
1.599741333116631295e-03
1.592934791798833157e-03
2.569693213775871635e-03
4.678634350312967094e-03
9.906080031437591860e-02
1.822355681343931222e-01
3.397552109608935611e-01
1.312328208569796817e-01
3.808649809383379131e-02
1.199800571374826617e-02
6.055332866024072842e-03
5.203831721094619688e-03
6.294821461298540956e-03
8.638413934728408558e-03
