4.207296017271027616e-03
5.716049675854351607e-03
1.334670616393356622e-02
4.746790023400332403e-02
1.661173577979812854e-01
3.216126016373556662e-01
1.949119234957146507e-01
1.327312539878361675e-01
1.091359004577231728e-01
1.040654547692188153e-01
1.167765298484080630e-03
1.607476181351219459e-03
5.323718498581692278e-03
3.163985432272004017e-02
1.569825393458472718e-01
1.841538607672573713e-01
9.151284475245488603e-02
5.775549701774777833e-02
5.117224653130883483e-02
5.613746949409004899e-02
2.971590270643243250e-04
4.598990651568140762e-04
2.407550218264438262e-03
2.188031726525631673e-02
1.339189331289866169e-01
7.166936632350301428e-02
2.744799078478658838e-02
1.673664894676135662e-02
1.799204198482120751e-02
2.527613352610184883e-02
9.963435959995083839e-05
2.073117344517553617e-04
1.605576257045068442e-03
1.199596801574334508e-02
4.660924562131051052e-02
1.834434224381414208e-02
5.416813976974774007e-03
3.524406901447575333e-03
5.239091647492978045e-03
1.029459030149870551e-02
8.111789625924076296e-05
2.159469509211528915e-04
2.255660706007002903e-03
1.244057652290013125e-02
9.401157900184859209e-03
3.505709299710327385e-03
9.089042595880605577e-04
7.301479838471762549e-04
1.605537730166427951e-03
4.429031640180782457e-03
2.469814677879691263e-04
7.081954760886616631e-04
3.637926545845388947e-03
1.443664172280665139e-02
4.701091477979976903e-03
8.024582272177540861e-04
2.119068124440617472e-04
2.361224598204613161e-04
7.094733024667779307e-04
2.427159916274719640e-03
1.494246020098432539e-03
4.952518569031874943e-03
2.444514067605898372e-02
4.156674953573688547e-02
5.933862046468075732e-03
5.753045082394888038e-04
1.491519816228892650e-04
1.943978665096692362e-04
5.981577619484703410e-04
1.991170426155754788e-03
8.936014053712635838e-03
2.622971136604608858e-02
9.443878139877218136e-02
7.637163360663647149e-02
1.035925647499762181e-02
1.142086564887937481e-03
3.568948643577998683e-04
4.249534649667063000e-04
9.919052236133506662e-04
2.549828278593944432e-03
3.757535148779742734e-02
8.730829717926978650e-02
2.184077976856035053e-01
1.015418019048253684e-01
1.853138554288683709e-02
3.452077617374766337e-03
1.418714129062935859e-03
1.428627805543240641e-03
2.351009638684018258e-03
4.356014103323811379e-03
9.917639179162202057e-02
1.839061368303736288e-01
3.358327335529229796e-01
1.271841279353946863e-01
3.584683047883025636e-02
1.101069563003136652e-02
5.504971751767829408e-03
4.752547960966008352e-03
5.800758989363243717e-03
8.067091370013653590e-03
