4.184636973334802772e-03
5.657936273502576184e-03
1.319609135706494366e-02
4.710396982482618206e-02
1.656279713882714000e-01
3.209527315589398855e-01
1.936318701844383927e-01
1.312748363292873810e-01
1.076259401198583626e-01
1.024978554557149091e-01
1.161814081629804424e-03
1.588221710522753167e-03
5.252575505264551331e-03
3.141919974124330467e-02
1.568215767346970158e-01
1.832391962854688916e-01
9.034419647677503773e-02
5.665633302462735887e-02
5.006593971281510930e-02
5.493103785194073524e-02
2.960044500463491395e-04
4.531705274752501371e-04
2.372568513185083217e-03
2.177465817291477854e-02
1.339932400781144173e-01
7.088839844123437373e-02
2.678894516894942887e-02
1.620131811455197829e-02
1.740470616758193340e-02
2.452550742583768997e-02
9.927499359665927956e-05
2.041229686513972063e-04
1.582796742084995913e-03
1.195251628756440615e-02
4.633118827327846467e-02
1.796053250499691015e-02
5.202144154250794121e-03
3.355307652340561858e-03
5.004373506113407588e-03
9.902885493055298138e-03
7.967736948218913709e-05
2.129658921812364598e-04
2.235808193046319534e-03
1.243422243465791902e-02
9.237516394514817819e-03
3.382927225894551745e-03
8.586618421139069653e-04
6.862250011186528560e-04
1.520230800481351145e-03
4.235555071927785999e-03
2.482048798298768389e-04
7.023692144669451765e-04
3.617739575027163496e-03
1.441790965825854622e-02
4.650737060091703588e-03
7.689991100509823525e-04
1.988164702504291610e-04
2.210941143623405554e-04
6.709561199079582417e-04
2.320481542794338228e-03
1.498281136855114225e-03
4.930988640411669739e-03
2.438584075716480892e-02
4.161540589230752762e-02
5.909753474441115963e-03
5.624823271443439490e-04
1.430013757317286300e-04
1.848208219061188028e-04
5.723114875234787706e-04
1.916312533404668618e-03
8.967623526326774785e-03
2.617032618514282191e-02
9.429153386974546691e-02
7.656448519102271311e-02
1.034374725175766022e-02
1.129894836367308737e-03
3.501706129571463739e-04
4.140160315248673671e-04
9.667319489327221927e-04
2.485841583438628925e-03
3.766119767849478855e-02
8.716522536548167166e-02
2.180703098281432384e-01
1.019770349685992644e-01
1.859365597485864927e-02
3.452578964430959990e-03
1.412797559035288688e-03
1.417850157216873431e-03
2.323611097566079080e-03
4.298636837777579725e-03
9.928043321343804628e-02
1.836136454599936463e-01
3.371906266790318796e-01
1.279287214523775196e-01
3.609938065430283449e-02
1.108174353231635573e-02
5.528300867866875468e-03
4.756293551914973772e-03
5.786504345777810504e-03
8.024917646586407147e-03
