3.153155816330449352e-03
4.387422141087677328e-03
1.093496938580704528e-02
4.240386556480745667e-02
1.583431558014615492e-01
3.192933742370040462e-01
1.888786076654579982e-01
1.252244116746699387e-01
1.009893695919590884e-01
9.541293523732782833e-02
8.320885197957214726e-04
1.180997080791689347e-03
4.289612401768712856e-03
2.854155802592205082e-02
1.516610806713520887e-01
1.805096625797531773e-01
8.642591565074186910e-02
5.256203783013738834e-02
4.561667919135307253e-02
4.981732084248536446e-02
2.074317876627349217e-04
3.340569053923445942e-04
1.958282658580665254e-03
2.018669706608200443e-02
1.311769508594010925e-01
6.886940261073094816e-02
2.489506643828584206e-02
1.446324429547286849e-02
1.528195904137890325e-02
2.157926066776944679e-02
7.134875533794729496e-05
1.599976215468581369e-04
1.370987472323369595e-03
1.122620385521979659e-02
4.578591760776624942e-02
1.710945244603060897e-02
4.657171904976930080e-03
2.865127979023790288e-03
4.223282523914371166e-03
8.451863287003735445e-03
6.239342245772860006e-05
1.827057733187292495e-04
2.120286732170735804e-03
1.223277966810558219e-02
9.043680424495138814e-03
3.127963271245849664e-03
7.380733374850091287e-04
5.620584451210555114e-04
1.239348024810568239e-03
3.525013327703131576e-03
2.009704868738291443e-04
6.162139622026129460e-04
3.446456124414484009e-03
1.427708649397503582e-02
4.438064248491802033e-03
6.861215924356547187e-04
1.642498936654689025e-04
1.758582719427610980e-04
5.347655327193353127e-04
1.898452081248007579e-03
1.286710260918994680e-03
4.518546889860597555e-03
2.364463553840156704e-02
4.144061093643568172e-02
5.734528369535957411e-03
5.017034437022748362e-04
1.164361887872441870e-04
1.448811094135349516e-04
4.522968099914798481e-04
1.557648858904055970e-03
8.040997493257175804e-03
2.464841759650594766e-02
9.230864416053782828e-02
7.583241083225107648e-02
9.955639798604356758e-03
1.018500976498409568e-03
2.920212483868440262e-04
3.352437209813774531e-04
7.760562024859523874e-04
2.035360238029412967e-03
3.493395386986106188e-02
8.361822139255491171e-02
2.145643167639418591e-01
1.008123151004621521e-01
1.785858763597978488e-02
3.153311125215776337e-03
1.224007099921853824e-03
1.189034912219110850e-03
1.934479758564710194e-03
3.605326372919124677e-03
9.434906442147940331e-02
1.783661655717310168e-01
3.372277345906962154e-01
1.264541054161233136e-01
3.481135708777565591e-02
1.031467522082269751e-02
4.967085996112678876e-03
4.169250059199189166e-03
5.014818728539208875e-03
6.949203423025791630e-03
