3.038646166369727772e-03
4.240704739768474431e-03
1.065852694495847755e-02
4.184776163133187288e-02
1.578668203878074994e-01
3.185102066580957070e-01
1.873349904763823293e-01
1.236406310742634157e-01
9.949470454696492105e-02
9.395376955293674448e-02
7.847950990755035760e-04
1.117595091117903894e-03
4.122966549302673270e-03
2.806159768503188948e-02
1.513602687406664371e-01
1.794588723447768097e-01
8.505320703550457717e-02
5.138691996466206169e-02
4.453184540497613642e-02
4.869070026421151720e-02
1.896767633067448014e-04
3.082625756855403190e-04
1.859546113084782322e-03
1.985537550079344987e-02
1.311899247849105665e-01
6.793774734559213102e-02
2.412195366387820741e-02
1.389425665915759549e-02
1.470003066173768656e-02
2.085997196415572547e-02
6.339702898986442645e-05
1.443489212784989175e-04
1.295829921843551441e-03
1.107450016289660694e-02
4.558420301546485531e-02
1.662734752965517454e-02
4.398195344656387340e-03
2.679934699785116274e-03
3.979879161473110459e-03
8.053074051604332262e-03
5.325325050504736951e-05
1.634564633138183292e-04
2.013047575596331462e-03
1.210470643614051586e-02
8.901696761447176753e-03
2.965042882370766061e-03
6.725748898243432252e-04
5.091713318315724138e-04
1.139947797562964986e-03
3.300773040692384259e-03
1.768775190214822942e-04
5.613318988201360321e-04
3.297605796459958209e-03
1.417822994775381866e-02
4.277735407490441087e-03
6.234967769779414803e-04
1.433921146624409176e-04
1.537405671439475840e-04
4.789234836087441103e-04
1.746758913207269084e-03
1.171308418593877904e-03
4.261215690101513749e-03
2.327705281301153256e-02
4.121868118815479737e-02
5.450382963967347928e-03
4.408425989962329230e-04
9.750433693956266990e-05
1.228346461481598221e-04
3.963412327473301222e-04
1.406581041066277396e-03
7.569156160533308496e-03
2.383020053251643997e-02
9.175117607917569751e-02
7.501103912461350165e-02
9.419109288180297496e-03
8.989254585949602548e-04
2.472011036203395295e-04
2.820254490941427172e-04
6.740999160912701689e-04
1.816425278380831175e-03
3.373086201757607289e-02
8.221904090490096684e-02
2.144045042797552980e-01
9.916961175608619838e-02
1.689602736422701063e-02
2.841171546597237065e-03
1.069393024980871401e-03
1.034668272005544263e-03
1.702945502380633601e-03
3.227832310436026201e-03
9.254926157240396523e-02
1.769887801588664322e-01
3.362510260505809923e-01
1.241233812241232665e-01
3.321305096756404368e-02
9.529686002230452688e-03
4.491834782055699818e-03
3.741703838305228923e-03
4.514021226090191713e-03
6.304549553612250230e-03
