2.914203428274643373e-03
4.080962324940522884e-03
1.036777637535294186e-02
4.130201527771536901e-02
1.574529855384847465e-01
3.156370633745149701e-01
1.837528062999000400e-01
1.201933800993148643e-01
9.624661860374114641e-02
9.077212424192677986e-02
7.424808955109920812e-04
1.061661822190870059e-03
3.982987041293990262e-03
2.768552159714198629e-02
1.511372615455001678e-01
1.770219004970834398e-01
8.257681843206753081e-02
4.929923903535716329e-02
4.255052180880827817e-02
4.657776354106014927e-02
1.771004918683381280e-04
2.887494660201556616e-04
1.789058474715661583e-03
1.964211014050569817e-02
1.310690575022550597e-01
6.647680785024906447e-02
2.304896200220659871e-02
1.308620917399824779e-02
1.383124747958913194e-02
1.973326296815318751e-02
5.918702025061859295e-05
1.338515177811757805e-04
1.239411647541512540e-03
1.098628811505705967e-02
4.515888554986301207e-02
1.606388011545921771e-02
4.119306359596591749e-03
2.475207219023729376e-03
3.689316056300746393e-03
7.541693419182759171e-03
5.010731871243030098e-05
1.533830061561730564e-04
1.943752233212533032e-03
1.198044560194613459e-02
8.723391339300482286e-03
2.814489538267842938e-03
6.188637139877161590e-04
4.626656886533914896e-04
1.046200561559858461e-03
3.074644561742046183e-03
1.722905995838715579e-04
5.455024357270794270e-04
3.253065437690555971e-03
1.408993818459615757e-02
4.233738515846589313e-03
5.861405753882071006e-04
1.306574219708527159e-04
1.394404212066542787e-04
4.403072853037415398e-04
1.627908795907305299e-03
1.154248156499706720e-03
4.204969307242546750e-03
2.320228304962460020e-02
4.123873045733129905e-02
5.386608203861666458e-03
4.234027573649045925e-04
9.091904279556006589e-05
1.138557334699316008e-04
3.694468144454527564e-04
1.323849112805760815e-03
7.533741084042371201e-03
2.374265758036341392e-02
9.173132474526644875e-02
7.490168620084797224e-02
9.306351545185373442e-03
8.745134736275910793e-04
2.375248331211923932e-04
2.690402886284720468e-04
6.433669801919295007e-04
1.738738956275469707e-03
3.380167535692740755e-02
8.229926019293917760e-02
2.147301678108111678e-01
9.891986972577294923e-02
1.673899932165813856e-02
2.791843992103494425e-03
1.043950090484586490e-03
1.006610164399327064e-03
1.655137287953437238e-03
3.134479305680539386e-03
9.292588035211880870e-02
1.774659440563051693e-01
3.360681917186313372e-01
1.238090310072214872e-01
3.301745364413451178e-02
9.442028093726805710e-03
4.437366861583368766e-03
3.686745654644823546e-03
4.438297123906148264e-03
6.189280891128010054e-03
