2.625729028740279511e-03
3.706690435654198812e-03
9.636544528965148085e-03
3.959120521608398835e-02
1.546042889706336354e-01
3.157737018721990530e-01
1.820978075945152153e-01
1.177642151238203622e-01
9.348606157549621543e-02
8.776120817833950316e-02
6.538960710290491266e-04
9.438890490061001238e-04
3.661799151241434177e-03
2.655967220901514839e-02
1.490014226049055646e-01
1.764601077436070697e-01
8.108164735483640306e-02
4.762561071856770412e-02
4.069395411060881818e-02
4.440526633821730018e-02
1.534061356884217086e-04
2.545841205218056708e-04
1.642671766114774763e-03
1.898663967245104583e-02
1.299522379328496846e-01
6.578900301861846656e-02
2.226026413822928748e-02
1.236482607278639560e-02
1.294426447927709244e-02
1.847917781003026449e-02
5.231156742820799137e-05
1.200087389622193169e-04
1.155459687984925713e-03
1.067921561925450243e-02
4.504542678782042647e-02
1.568179546390705351e-02
3.875532946414993359e-03
2.267604525307739902e-03
3.360305180971829165e-03
6.917200308126351775e-03
4.660755175912776981e-05
1.431113590822171865e-04
1.882255231251304776e-03
1.186051615318084625e-02
8.646247311259559060e-03
2.683325179861389964e-03
5.626172054799009545e-04
4.091808349386180091e-04
9.262816273308968010e-04
2.759428751998186779e-03
1.590940150289293865e-04
5.214968835797603383e-04
3.215339411849912898e-03
1.407038902751649515e-02
4.086456665333738220e-03
5.362781293548772371e-04
1.135841560821522776e-04
1.182594379061736916e-04
3.785012233865715022e-04
1.431308827892203202e-03
1.097378186989196244e-03
4.097654862775464840e-03
2.311601023994185045e-02
4.078053823680336670e-02
5.101757318469532163e-03
3.707757825849644423e-04
7.532334788169652332e-05
9.296424870415235131e-05
3.075261664102448196e-04
1.139876014453478515e-03
7.298206549369795973e-03
2.342426014279547913e-02
9.177987457904920876e-02
7.362095124456198569e-02
8.770189895289482590e-03
7.670829481470904480e-04
1.957928877164960676e-04
2.183940650027896193e-04
5.324024601627128008e-04
1.478380627875620695e-03
3.315629264728944120e-02
8.179683670111771721e-02
2.152847631115758220e-01
9.677321280067187337e-02
1.575335629925639011e-02
2.486882596369939698e-03
8.897649652986172174e-04
8.436974801173192972e-04
1.394788382143638886e-03
2.685602904408358575e-03
9.190252053818026567e-02
1.770475356446135906e-01
3.337558082686859495e-01
1.210061605614844160e-01
3.131434042025889319e-02
8.621778170740187694e-03
3.928160294054548057e-03
3.212138057895800366e-03
3.858287927494463351e-03
5.413004629341225740e-03
