2.595942571451796861e-03
3.677422176713396589e-03
9.609636119939722609e-03
3.963775332310626870e-02
1.550472322183998608e-01
3.143910317360918971e-01
1.808976340712526998e-01
1.169036409338332083e-01
9.286689190059474464e-02
8.728405491533992866e-02
6.403860827848842580e-04
9.292163487462693459e-04
3.632723713723859989e-03
2.653465317596917158e-02
1.492668893771211536e-01
1.755647341489644520e-01
8.041707324529000223e-02
4.721360683871568542e-02
4.040914724912841871e-02
4.417750920332907255e-02
1.490095433629351810e-04
2.476367114821089854e-04
1.621913380353322623e-03
1.894333952503684734e-02
1.300280764955495938e-01
6.537781406048910615e-02
2.203468628820363581e-02
1.224355661058846093e-02
1.285639167649573096e-02
1.839828424398214438e-02
4.939980509838140087e-05
1.156354594236852387e-04
1.134199492434606344e-03
1.065752847263439461e-02
4.494959218758107222e-02
1.555490210165622056e-02
3.830907491975160412e-03
2.243727550560545986e-03
3.340622611653165739e-03
6.897405606766242835e-03
4.343481122299400318e-05
1.373084406488629596e-04
1.841887005625552709e-03
1.178696229521062483e-02
8.624201732435209447e-03
2.655777764744539620e-03
5.554273410478019176e-04
4.054224554056706483e-04
9.221193012738525437e-04
2.757046152755506137e-03
1.543491134896007150e-04
5.088433744757254193e-04
3.177230923132556145e-03
1.400596425000730748e-02
4.083108856241145050e-03
5.305478575035072484e-04
1.123264199752571890e-04
1.175291261583193928e-04
3.780474570624756570e-04
1.432646405715024820e-03
1.074863894569827840e-03
4.051204902750809959e-03
2.307718346711193705e-02
4.079787356031763790e-02
5.066507858766206192e-03
3.663161373703872491e-04
7.454393567911527776e-05
9.274193131745623112e-05
3.086079882461484022e-04
1.143187893274053837e-03
7.236042590083248578e-03
2.334445378313119643e-02
9.183826261149986847e-02
7.348458987129613540e-02
8.695956339450274658e-03
7.568454467249396142e-04
1.936908380387767172e-04
2.182612982186483736e-04
5.334227000897074277e-04
1.483964613281914561e-03
3.314131008948449642e-02
8.189537871222282717e-02
2.157798429434146237e-01
9.637008416811898570e-02
1.560450252639857330e-02
2.456945883777410071e-03
8.817191086974783109e-04
8.406122205699173870e-04
1.396588702143821423e-03
2.693592638557898260e-03
9.210173903847687638e-02
1.776012535034828532e-01
3.329250797308225818e-01
1.203547088728144088e-01
3.103859174411523550e-02
8.538367923318324407e-03
3.899405277907582248e-03
3.200606546746640087e-03
3.855686702831888270e-03
5.420702250135319908e-03
