2.178870410352424635e-03
3.173513235782158323e-03
8.713300023161781732e-03
3.789850428189056597e-02
1.531962557687678583e-01
3.027632656275011103e-01
1.672744188013924604e-01
1.039331147920808107e-01
8.057936264808100713e-02
7.508998049701738620e-02
5.071889638882456919e-04
7.660646764766644015e-04
3.232617869076233851e-03
2.540341039928806915e-02
1.477513602423672634e-01
1.657541473563220735e-01
7.128045731142849950e-02
3.964337258548258219e-02
3.312842379283756356e-02
3.622617560406870413e-02
1.108690354051708590e-04
1.956687471633102775e-04
1.431528912963107945e-03
1.830379136571445506e-02
1.284648849750045230e-01
5.983416955865902137e-02
1.835567720748022130e-02
9.519431059681301641e-03
9.824530079570839222e-03
1.427582446156964134e-02
3.572777640651590713e-05
8.925308522706248905e-05
9.887376392311861620e-04
1.044356864490257088e-02
4.305636264097553734e-02
1.359266897782064089e-02
2.961932617477242968e-03
1.604689083067625333e-03
2.375974140243927897e-03
5.071952634898838595e-03
3.140548705028386073e-05
1.089642419764142567e-04
1.635978349638137191e-03
1.135958047992915131e-02
8.090669396504039657e-03
2.182252475539555626e-03
3.989038139682715678e-04
2.695651034481211477e-04
6.197000363741796483e-04
1.946015345040424558e-03
1.182516034964401890e-04
4.224466005739304720e-04
2.935376377900692467e-03
1.360356793416832299e-02
3.894335552842497980e-03
4.227380581613399244e-04
7.582905581435516731e-05
7.452776206291991559e-05
2.463528903136461869e-04
9.879537144501034270e-04
8.807583104447365809e-04
3.598041344891700875e-03
2.225231959012416438e-02
4.061584021838072350e-02
4.734785528791245202e-03
2.929885492283471494e-04
5.034717803285547748e-05
5.888431968032953806e-05
2.015395627881597801e-04
7.867736452593642208e-04
6.352671326996243290e-03
2.172810096283142589e-02
8.999798595347857644e-02
7.224217093861115546e-02
8.011941393735802497e-03
6.153248548764301629e-04
1.390927322057696511e-04
1.475466293407224391e-04
3.636537522002549058e-04
1.048489357489056474e-03
3.063003213241654102e-02
7.874145155240788729e-02
2.138687077221402832e-01
9.369110194502251743e-02
1.426636820062581780e-02
2.050178322280639398e-03
6.781125121741879641e-04
6.185183989948141604e-04
1.021088295743374091e-03
1.999465605979000235e-03
8.812310271726918331e-02
1.741466402452364615e-01
3.297016966303270569e-01
1.162575638545352424e-01
2.855127360340933146e-02
7.384227486206791126e-03
3.198544315873908406e-03
2.542076872624110008e-03
3.024878509578302239e-03
4.261102262167692188e-03
