1.930122946176488982e-03
2.863306029411810585e-03
8.123635814852760498e-03
3.662821553452574874e-02
1.515825718718722959e-01
3.008376335631164356e-01
1.644489070739384162e-01
1.011461707777398245e-01
7.794514630361010221e-02
7.248953629237185614e-02
4.330779595836449394e-04
6.705779971722963416e-04
2.973506912595939248e-03
2.454397972451943105e-02
1.465177187810638992e-01
1.639521973315901660e-01
6.937872840886609438e-02
3.806830710226064007e-02
3.162761177674520280e-02
3.458771384042777508e-02
9.160976507805449528e-05
1.673275601611772011e-04
1.309714621822250175e-03
1.777638108225336466e-02
1.277202276137556769e-01
5.876082604437042611e-02
1.759945506111427332e-02
8.975340942082490198e-03
9.226972952717094403e-03
1.345944422525618273e-02
2.867088902775436957e-05
7.653597772960315647e-05
9.113979317551071943e-04
1.020143391459172461e-02
4.280500156805362721e-02
1.320103085195621292e-02
2.784735616739517517e-03
1.480529228681614837e-03
2.192063429331419112e-03
4.719248248408257178e-03
2.563835554293078747e-05
9.492977866174184072e-05
1.548368759157697479e-03
1.119858603035693741e-02
8.021590124110628342e-03
2.083719060105374606e-03
3.666590421315931098e-04
2.426043015465415313e-04
5.611928363328158977e-04
1.786517841327107644e-03
1.006727971914621767e-04
3.839905537608831920e-04
2.829250835224210708e-03
1.347987822691316430e-02
3.800919564879123337e-03
3.919716310788480518e-04
6.681739150949395360e-05
6.620116037629634814e-05
2.191611914162566765e-04
8.974804540097859086e-04
7.957925329604504305e-04
3.401605739706317719e-03
2.194541879357924177e-02
4.051295562118913812e-02
4.579510164584603069e-03
2.670080718296521461e-04
4.326155801545595019e-05
5.049875670446324626e-05
1.769841280986160633e-04
7.073129063512756951e-04
5.961586154182074715e-03
2.106549162352728058e-02
8.948566705319539738e-02
7.156366070839377536e-02
7.690113661384606961e-03
5.620653226454036056e-04
1.215001774520578482e-04
1.275584774062376984e-04
3.187033217170351612e-04
9.363774497674321297e-04
2.953912523569741586e-02
7.756405897673866734e-02
2.136931207828772772e-01
9.225786352512281574e-02
1.363462452745069914e-02
1.885942788165744085e-03
6.059152112832710997e-04
5.486437937364453026e-04
9.077409462498593718e-04
1.797940497554086081e-03
8.645309962736959231e-02
1.730559656134878777e-01
3.280735025098107105e-01
1.141284073321234271e-01
2.737862803082376228e-02
6.897722463599305874e-03
2.931827657935783676e-03
2.310918340783692411e-03
2.750273582306385529e-03
3.892721637769503470e-03
