2.999168358827990488e-01
2.931882126788274978e-01
2.980496112173754986e-01
3.449312964381741065e-01
4.602618636778761374e-01
6.516816161393336193e-01
8.800684049352034410e-01
8.165278944150528018e-01
7.684915111798611420e-01
7.169574085859595769e-01
2.253263754379201400e-01
1.971738946612354160e-01
1.885207681792576140e-01
2.342945229755297176e-01
3.783943568762693221e-01
6.527630719903602108e-01
7.810028619482124457e-01
7.085727097724053847e-01
6.851748754560316179e-01
6.680821754888955910e-01
1.416497867801460864e-01
1.028288595538283667e-01
8.865197371930945425e-02
1.273857732378886054e-01
2.863242785786490607e-01
6.529193535047925767e-01
5.235992427599747145e-01
4.952158556876825601e-01
5.246988262466040220e-01
5.589164740317604796e-01
8.202128656419059582e-02
4.756730726192602565e-02
3.725317304646961342e-02
6.441413213059876686e-02
1.996141189959267648e-01
2.728374763913993806e-01
2.361274831443145039e-01
2.744326768851645948e-01
3.565773751154546756e-01
4.374164904596691827e-01
6.056361195010054321e-02
3.128923830245662618e-02
2.520232418842075633e-02
5.116286025512592484e-02
8.122891711373567136e-02
6.745756995563878533e-02
8.191408603247476994e-02
1.407588027518896501e-01
2.415712209040899172e-01
3.462626003505615557e-01
8.397362894481866236e-02
5.204962905372687715e-02
4.325124771951718849e-02
9.355772076400743764e-02
5.774221273655365944e-02
2.924926623551301827e-02
4.120162633044861106e-02
9.392780807472010662e-02
1.935862183604235287e-01
3.040948611556231751e-01
1.651304158532600208e-01
1.464147129688505300e-01
1.711195293204735013e-01
1.504728902595391382e-01
6.503968664721625215e-02
3.660134297104081919e-02
4.790121846230806224e-02
1.021548978004148261e-01
2.022968995364032296e-01
3.102660573548425282e-01
3.078346564623892778e-01
3.486278057706406752e-01
4.784030833058428578e-01
2.430033283215781714e-01
1.202778124175259561e-01
8.241788988524632875e-02
9.609773671659155303e-02
1.577439422559694659e-01
2.571650358938192271e-01
3.535817885148404560e-01
4.649705789279459656e-01
5.627239989672531140e-01
5.669592403203026487e-01
3.482505043460296101e-01
2.239363888140613046e-01
1.788790072323277747e-01
1.915988855030612004e-01
2.517405437056267625e-01
3.378651702563191250e-01
4.099543304052835069e-01
5.629684875190515969e-01
6.697746475760297802e-01
5.971621248778762325e-01
4.402613724922492255e-01
3.365928283560503664e-01
2.924850269112067025e-01
2.994833071203124586e-01
3.451166119283410327e-01
4.056487311771399540e-01
4.466577319737525253e-01
