1.935391193841147625e-03
2.855221157192632843e-03
8.062412275904290437e-03
3.637450956292598986e-02
1.511238977612064383e-01
3.018546635647449405e-01
1.649852758680643572e-01
1.014664276288050893e-01
7.817612333682229242e-02
7.267595252912605053e-02
4.322538321330180464e-04
6.642395050479768092e-04
2.932147880799704405e-03
2.433653329066053778e-02
1.463550583412856210e-01
1.642203995397474026e-01
6.933610356003391817e-02
3.799790598849700496e-02
3.156807840066407078e-02
3.453369776871775820e-02
9.080028272327942394e-05
1.637168576471967807e-04
1.283190616640198563e-03
1.763653635869690331e-02
1.279262073144203093e-01
5.855572959581793052e-02
1.740600914642143754e-02
8.851440146290936312e-03
9.116106028300617614e-03
1.333361306150261487e-02
2.831757990750611637e-05
7.374496245169596780e-05
8.923509172313516145e-04
1.013646550007779069e-02
4.274612317463460931e-02
1.301662202951669317e-02
2.699569320033640835e-03
1.429812584024015053e-03
2.129928140268413754e-03
4.619863480371077212e-03
2.394076709325994290e-05
9.053611757639248522e-05
1.520080120664798942e-03
1.120684184187355388e-02
7.921820839009796958e-03
2.017409317741931680e-03
3.447381079514772709e-04
2.287356670012333367e-04
5.342606770069004618e-04
1.726734136613736984e-03
9.375315131613200974e-05
3.640408934008250983e-04
2.748881129158609049e-03
1.345086688751687479e-02
3.700467877086864327e-03
3.675465398890413586e-04
6.170174744964994156e-05
6.038665105886524754e-05
2.052042563057710227e-04
8.558309469525268330e-04
7.532096285842510746e-04
3.274483435364309181e-03
2.167723753209209459e-02
4.050425930929252294e-02
4.479169541307984406e-03
2.476040291343098291e-04
3.915873979203102716e-05
4.598202122036476781e-05
1.628649650569245419e-04
6.662276410623230475e-04
5.731290583026193292e-03
2.053490244450099228e-02
8.886776771316844126e-02
7.149586775094377011e-02
7.510480400539259679e-03
5.267889215337966851e-04
1.107340267908883696e-04
1.160091587323369873e-04
2.935468845660139676e-04
8.769822177917447085e-04
2.878474641833436362e-02
7.631770536767852608e-02
2.127132644959115748e-01
9.211135961988109466e-02
1.336150989639639866e-02
1.799243955868190872e-03
5.675152578037870972e-04
5.102637665725569000e-04
8.483646643847864415e-04
1.693375016963647719e-03
8.496295196914160908e-02
1.711979855125801142e-01
3.294590791096173032e-01
1.139863086465006253e-01
2.699997246935276554e-02
6.691401286199398848e-03
2.809072853472560985e-03
2.200169455659708399e-03
2.614848731035058788e-03
3.710320966380725900e-03
