2.627281544672728335e-03
3.649109412146449554e-03
9.346341230015030657e-03
3.805111415846707673e-02
1.487354902732407058e-01
3.213466372127590787e-01
1.844190023933090228e-01
1.172921832938589037e-01
9.128324499224930999e-02
8.439664748486463974e-02
6.495979534212794476e-04
9.317932230552996957e-04
3.605009185605938336e-03
2.601250121549671460e-02
1.454277160641734012e-01
1.771556406288489482e-01
8.004281849511472868e-02
4.555345802612238010e-02
3.791077505857246704e-02
4.082911523075963972e-02
1.486258388433634987e-04
2.479909627936160619e-04
1.637418962271628342e-03
1.899537260517352930e-02
1.284813383396315734e-01
6.432815370810403277e-02
2.083076122423176829e-02
1.097354214028136744e-02
1.117689228436537924e-02
1.592197049049806981e-02
4.748284989822387759e-05
1.121213576754732976e-04
1.109436533722459560e-03
1.072849356312783817e-02
4.397999891483465179e-02
1.464006494856850277e-02
3.326519153750050889e-03
1.804535941216365387e-03
2.627386534982531149e-03
5.509780681919532706e-03
3.994148449379143615e-05
1.282067179190818883e-04
1.748456631538610265e-03
1.142806304322048494e-02
8.172087916302531868e-03
2.331454024087759296e-03
4.318904205740777750e-04
2.881700265703475124e-04
6.523281623020351803e-04
2.031331066500133026e-03
1.400448491288397272e-04
4.760140038110143566e-04
2.983819781643827322e-03
1.371506537524896062e-02
3.812353691954342878e-03
4.262529190503596983e-04
7.757423005450695178e-05
7.390063159344545201e-05
2.445212147704471260e-04
9.850471177584314408e-04
9.530037028591551102e-04
3.749378991164101140e-03
2.228001648428783871e-02
4.046771540187877464e-02
4.827361945987157163e-03
2.923263329553803139e-04
4.785832826975048860e-05
5.417059843434984942e-05
1.869306311236215181e-04
7.474037128599511897e-04
6.297640044746775911e-03
2.116557892209821809e-02
8.740983832430752887e-02
7.361196565985027307e-02
8.332563111069784742e-03
6.269673292311825482e-04
1.323144459410400024e-04
1.338375704516895877e-04
3.267238922044832087e-04
9.564533837025208322e-04
2.884340398431084473e-02
7.404798253687462639e-02
2.041987187026827744e-01
9.779389834739939114e-02
1.511278913385119375e-02
2.119449910655584607e-03
6.640301558234130075e-04
5.771659451498307222e-04
9.294960471667210828e-04
1.818303700584583682e-03
8.149781478636261567e-02
1.621627056485167306e-01
3.272057565170621851e-01
1.230622815744408100e-01
3.045806508940768556e-02
7.710625943116003293e-03
3.206871573406381865e-03
2.450682373392311462e-03
2.842886227060804384e-03
3.963584515744413353e-03
