2.525781917549887144e-03
3.534782140699951457e-03
9.166167598870102184e-03
3.775048973352539833e-02
1.485361953496390219e-01
3.195847514557762503e-01
1.824621473151234186e-01
1.155398253168314349e-01
8.972091973954017530e-02
8.292581546110161517e-02
6.164360381430857407e-04
8.928943636711432008e-04
3.520221146127457817e-03
2.579743943330971290e-02
1.452133736430497035e-01
1.758972283817547277e-01
7.889881631635810300e-02
4.465801522239404991e-02
3.709762977830521197e-02
3.998192478007094736e-02
1.393954718895596572e-04
2.360580437497774100e-04
1.596550726738341129e-03
1.886402323399321776e-02
1.282561565042068252e-01
6.373657546785613248e-02
2.044843374477766859e-02
1.070438466104685869e-02
1.089133745291780836e-02
1.554522956578274773e-02
4.348150841334823160e-05
1.060252370595964831e-04
1.079879428964887868e-03
1.067809626076377319e-02
4.385845525844495052e-02
1.447045033236619982e-02
3.252202914135929757e-03
1.755411040630242133e-03
2.552734100360684686e-03
5.368043738920105085e-03
3.817806447641621664e-05
1.221833498048597937e-04
1.710292339312066701e-03
1.133135262433116776e-02
8.151211339018454155e-03
2.297533686872370220e-03
4.217149327348662397e-04
2.801833940731844955e-04
6.339580334487084339e-04
1.977405675477772462e-03
1.352129201318323594e-04
4.673071411364314569e-04
2.968399028519500601e-03
1.366599215967384193e-02
3.806257736961471405e-03
4.193590105513602491e-04
7.608617470650142530e-05
7.203471449767467059e-05
2.383334571002414433e-04
9.606940069610644299e-04
9.349747589067486245e-04
3.715580447991018859e-03
2.225605140219757971e-02
4.043307403187071380e-02
4.793846816849574137e-03
2.877338793476017106e-04
4.608664192763725203e-05
5.316458499270310405e-05
1.826897752343586534e-04
7.294748167666200789e-04
6.250264980052476840e-03
2.112523659567374854e-02
8.748052086370890212e-02
7.334927976538513361e-02
8.256089298848282368e-03
6.165645743706197517e-04
1.297227386846705900e-04
1.312507338388838843e-04
3.197783851406553165e-04
9.361180574229900804e-04
2.880648525229912230e-02
7.415767904638884134e-02
2.046522551543854540e-01
9.723473765297187266e-02
1.495063168829112096e-02
2.086486535409521215e-03
6.517502071356458607e-04
5.663762242589384047e-04
9.122577042460521847e-04
1.786643108433862452e-03
8.162711808178992057e-02
1.626564272914259313e-01
3.281873862229181538e-01
1.222316502409910438e-01
3.013717359554187944e-02
7.609572296279780435e-03
3.158354287710693747e-03
2.414011570929314870e-03
2.801311103192854774e-03
3.907133950015307874e-03
