2.261751254617929818e-03
3.208620791887795923e-03
8.556862225929382990e-03
3.638682883531775547e-02
1.463269206583945603e-01
3.186657035585781506e-01
1.804501234096945461e-01
1.131828792254409993e-01
8.727292141343002962e-02
8.039581810245063909e-02
5.407039350336080661e-04
7.983671253410949470e-04
3.274310056194061017e-03
2.496665695904441359e-02
1.435693868854366617e-01
1.748649843608391374e-01
7.751497528770667778e-02
4.331227722169063432e-02
3.569927574804925008e-02
3.839334596742621092e-02
1.212375897696817861e-04
2.108240853083097864e-04
1.493839391987053988e-03
1.840438498274657442e-02
1.272578362388016859e-01
6.312653367370540947e-02
1.992040064482945849e-02
1.025725456680312564e-02
1.035688118508428998e-02
1.477958079611773473e-02
3.921311101177012159e-05
9.744398656343414549e-05
1.026018937672555555e-03
1.046621643288841129e-02
4.372016865392037294e-02
1.426430122085460724e-02
3.141974516380690446e-03
1.663149468504610592e-03
2.401953260692680624e-03
5.062671622062582359e-03
3.519260577375129498e-05
1.177145188038387208e-04
1.683801952363375622e-03
1.125309372022021553e-02
8.129190426083541393e-03
2.251194326278380380e-03
4.050725867588157703e-04
2.634383268222530248e-04
5.925251813150283087e-04
1.856272556871624291e-03
1.290965429704827693e-04
4.580708302601136273e-04
2.963800473795328867e-03
1.363707545659439448e-02
3.777938006223435612e-03
4.104323152042580023e-04
7.254282971416168614e-05
6.797215964406499544e-05
2.216158390023019442e-04
9.011369337529614261e-04
9.129454774012001365e-04
3.686129061951564766e-03
2.221748517421393704e-02
4.036424859058325432e-02
4.771042492743717868e-03
2.829291720454877343e-04
4.426374847426725807e-05
5.032554203357080859e-05
1.711286364898187147e-04
6.860674838857082521e-04
6.166586405048233611e-03
2.104121288224014563e-02
8.741468407406488561e-02
7.307161966144125331e-02
8.200731701317427041e-03
6.063746003348537876e-04
1.255055308657395904e-04
1.247808218357653834e-04
3.025363334393634733e-04
8.868527139599507699e-04
2.858422787344673532e-02
7.398597696534636725e-02
2.045647146692475271e-01
9.681849165688181935e-02
1.483340763204841171e-02
2.054785413594734361e-03
6.430823708466574260e-04
5.455016920931059091e-04
8.742429458110188151e-04
1.709581162756925073e-03
8.125216735173948490e-02
1.624302847026082020e-01
3.281539310267687637e-01
1.217480718597093309e-01
2.991398885567720864e-02
7.505659363185833433e-03
3.094497973982906786e-03
2.348700080270714561e-03
2.714164812181366244e-03
3.778109009445804797e-03
