2.252003817948232400e-03
3.195827109673610080e-03
8.521690358296144657e-03
3.629804780854632706e-02
1.463440720471707035e-01
3.192541283233240601e-01
1.808444116653190048e-01
1.135529819982027677e-01
8.765227040494383282e-02
8.078753179909343995e-02
5.314719185175775839e-04
7.845663340831001559e-04
3.230383423398314972e-03
2.482077597642802502e-02
1.436443330131259855e-01
1.749465392108128514e-01
7.745784957756432498e-02
4.330875883553590711e-02
3.574651248502214856e-02
3.847979536195025169e-02
1.166439380837766885e-04
2.027079890845809708e-04
1.458685077872603044e-03
1.826686718133467210e-02
1.274912232100728349e-01
6.288725954567740695e-02
1.973718806582266949e-02
1.015810399220651479e-02
1.028716504175174705e-02
1.472311751653932431e-02
3.649791514214562960e-05
9.157501031227198148e-05
9.974689408419280725e-04
1.040139854189944812e-02
4.366618464809187555e-02
1.408022399980172340e-02
3.058346412150205439e-03
1.616204510063410987e-03
2.350236406872581972e-03
4.986902141248103146e-03
3.127743125323504607e-05
1.078694349283733795e-04
1.631936011217421587e-03
1.122146563534164899e-02
8.062955898764148296e-03
2.185737172479494325e-03
3.830791761196083544e-04
2.489214211199570863e-04
5.668886449967070699e-04
1.800640035726409297e-03
1.154495137395242818e-04
4.203572848831671331e-04
2.841935112336176680e-03
1.357270577094338987e-02
3.667831596959445720e-03
3.826441040325664336e-04
6.617860191569312591e-05
6.218621276331906544e-05
2.070575033856113722e-04
8.576545056232034742e-04
8.330939061529921879e-04
3.473208925534691186e-03
2.184864500539900056e-02
4.026105219020203324e-02
4.596043695303222293e-03
2.546849624784005032e-04
3.772015176568989771e-05
4.298645748434461487e-05
1.550087617644289515e-04
6.380148623478367007e-04
5.764571480271181783e-03
2.025130621214062121e-02
8.664892223782566516e-02
7.261074630390507156e-02
7.855899333366172729e-03
5.474047290373070104e-04
1.082756719350000613e-04
1.077627826318538850e-04
2.676710144036286050e-04
8.081908982230349850e-04
2.737238155160294853e-02
7.234050499278613100e-02
2.037162082655138984e-01
9.578433637583556870e-02
1.419064646241555323e-02
1.879775656279868102e-03
5.645978927986356009e-04
4.818583650667071093e-04
7.802332212179317449e-04
1.551122489304273579e-03
7.910776779719527751e-02
1.603360531647244624e-01
3.275779967486497357e-01
1.201728040271006215e-01
2.877853569932193809e-02
7.006794182959267744e-03
2.829128350186444277e-03
2.132641517542272283e-03
2.470032586029499710e-03
3.464849881238404178e-03
