2.075062495948018244e-03
2.976617911619411014e-03
8.118211536299617739e-03
3.548407732196651176e-02
1.455153168456982671e-01
3.149869619343450000e-01
1.755640627219460792e-01
1.085041070118875628e-01
8.292216631114986136e-02
7.614674441381714953e-02
4.768626944505741289e-04
7.156356581143294730e-04
3.048956381112977350e-03
2.427135276921620413e-02
1.430142801236123917e-01
1.713800797837258527e-01
7.398758621592466111e-02
4.046887076837731023e-02
3.306940142957324330e-02
3.558534330700948572e-02
1.022067249361394825e-04
1.813330724722707994e-04
1.372486626602590146e-03
1.794964507024333217e-02
1.269744888530063842e-01
6.089014940011729105e-02
1.839672841144256166e-02
9.205121779845466118e-03
9.251520373230032873e-03
1.331686224615550966e-02
3.148865522869888134e-05
8.129801098107220512e-05
9.350771622359776688e-04
1.028461140941211265e-02
4.305963033302366572e-02
1.338629147466177498e-02
2.764123898775078941e-03
1.415100100490793286e-03
2.051510698803734375e-03
4.413672071573747357e-03
2.712384725532069878e-05
9.801861716691957554e-05
1.549373173467882793e-03
1.105082612797578419e-02
7.877116125143333175e-03
2.024114101763737662e-03
3.353435129323523449e-04
2.112705486271751584e-04
4.837573106441121827e-04
1.567230740944176859e-03
1.055510575874533128e-04
3.977766511032902828e-04
2.782586386584053485e-03
1.344688060032904996e-02
3.603962110354850742e-03
3.489984996117200455e-04
5.604977639189964169e-05
5.108284223611409978e-05
1.739875516090535589e-04
7.391279577409548074e-04
7.857864777314024123e-04
3.365213993612396065e-03
2.169514126554425784e-02
4.016622795396466994e-02
4.464172924145818656e-03
2.331776046731262066e-04
3.342956858926535293e-05
3.662019561523057544e-05
1.305576269761808564e-04
5.494186221550173685e-04
5.592452135482494507e-03
1.995081696145889830e-02
8.647763922999236741e-02
7.204532834978390199e-02
7.592426427955304216e-03
5.052592538149453883e-04
9.520176676109203657e-05
9.294918423745692230e-05
2.309471558741314832e-04
7.060418993583671013e-04
2.698377685650315758e-02
7.197370836864992738e-02
2.040199958558592819e-01
9.462788463836936670e-02
1.369270986941139787e-02
1.754807372462337169e-03
5.105759276968647314e-04
4.300651111485373512e-04
6.943702218552436295e-04
1.385714078587976534e-03
7.868449152427650639e-02
1.603427297089018433e-01
3.287106984639666107e-01
1.184948731312120834e-01
2.788031986381866306e-02
6.644631365578163029e-03
2.634554051937645913e-03
1.963660467285679220e-03
2.263817974836776405e-03
3.175190543830806820e-03
