2.105638541035462913e-03
3.005252187863577049e-03
8.144550773319969225e-03
3.547568694719749338e-02
1.454976395582271709e-01
3.160182760909588939e-01
1.763500218987902046e-01
1.091546542959232480e-01
8.351977656633584324e-02
7.672918416229379535e-02
4.823789507542721269e-04
7.173185045479140744e-04
3.036590135815823901e-03
2.417975104620884511e-02
1.430203281907836688e-01
1.719043028789988825e-01
7.423366198182747289e-02
4.065706157374041757e-02
3.326882385340788201e-02
3.582236734349943802e-02
1.016177115539948294e-04
1.800020492222176533e-04
1.356181374522046328e-03
1.785232652475613607e-02
1.271523168870872245e-01
6.090890644707633306e-02
1.834850844005688972e-02
9.189165816485060992e-03
9.260347510280219491e-03
1.335473241894445141e-02
3.092840638553038998e-05
7.966940667540762242e-05
9.193551377451637547e-04
1.023239075040051349e-02
4.308160456449790232e-02
1.329315254070171509e-02
2.719496269440406684e-03
1.392693683443543481e-03
2.033087638339956243e-03
4.392144118178424247e-03
2.601444906867479221e-05
9.350013241741169409e-05
1.518892173327967415e-03
1.103935064905096387e-02
7.838195223081136087e-03
1.982804694471085143e-03
3.226168318291847050e-04
2.042845322121341700e-04
4.705931373774617813e-04
1.542482476478877589e-03
1.014047714956914354e-04
3.831631897456579919e-04
2.730451747108282850e-03
1.341876822160037452e-02
3.522615372043837786e-03
3.302377168436807040e-04
5.234968076734063493e-05
4.769528563386964153e-05
1.655934953557946436e-04
7.177282206772012813e-04
7.563316085517595008e-04
3.282915085545628272e-03
2.158229344507361577e-02
4.004497788601169700e-02
4.325727282487902559e-03
2.141140489543319654e-04
2.917719293325154382e-05
3.287607857168246681e-05
1.217941761496381360e-04
5.257598076777223297e-04
5.451855206932343031e-03
1.965586987466087787e-02
8.637474519904414505e-02
7.163416493063164137e-02
7.336476123796617684e-03
4.661527553722443601e-04
8.590246230334715280e-05
8.348832282775908362e-05
2.120790918149907775e-04
6.627556297687680655e-04
2.658099936312235609e-02
7.145232005764991234e-02
2.041982959108705753e-01
9.381729386854972819e-02
1.324222070554327731e-02
1.643912307244118579e-03
4.694906336350673543e-04
3.940299729976993971e-04
6.410317044143918567e-04
1.296794768135648823e-03
7.801168992572736494e-02
1.598001968281909935e-01
3.291646898571101154e-01
1.173769181459873578e-01
2.712962642337386071e-02
6.331903571496384775e-03
2.476316318419873909e-03
1.836910996886966831e-03
2.123456844432835416e-03
2.993043046172408263e-03
