3.492807144619260451e-01
3.665650738670304665e-01
4.024777554456899220e-01
4.850061741532149528e-01
6.355903619605828281e-01
5.632797948773828889e-01
5.035498023914173338e-01
5.044994839928261809e-01
5.303960106363370119e-01
5.433696283806069838e-01
2.550346800932565827e-01
2.444376945678471136e-01
2.620355913510080681e-01
3.454729373928680514e-01
5.360935296005219231e-01
4.721831053158730973e-01
4.020462308573939381e-01
4.172969625729963661e-01
4.692966943091606558e-01
5.120041796099507048e-01
1.520378437500697066e-01
1.222811034542723163e-01
1.230609746019829254e-01
1.876587633118519671e-01
3.724702881456768977e-01
2.916910317646694839e-01
2.505539551318521907e-01
2.923185446443847813e-01
3.729442274813720148e-01
4.464745322237501646e-01
8.218603783902569959e-02
5.224549755506231741e-02
4.871432328576663640e-02
8.576746577374090574e-02
1.786504277614146818e-01
1.171898834679360180e-01
1.227459067417034227e-01
1.823062222155002188e-01
2.809674820357079827e-01
3.770826830863698853e-01
5.748476374416990053e-02
3.147619318005955014e-02
2.836936585901520674e-02
5.850528072571394705e-02
5.981450640862542162e-02
4.364256776965805273e-02
5.968067630005728652e-02
1.184141782398082932e-01
2.213112944749894007e-01
3.289799887420308266e-01
7.985285683682384616e-02
5.094480771976697686e-02
4.385038392381383765e-02
8.155331505012188009e-02
4.983519404164863525e-02
2.818987144960320365e-02
4.201017458355731093e-02
9.858534459940447581e-02
2.029825257679660211e-01
3.149323619595369439e-01
1.622225978469591101e-01
1.461689071153139952e-01
1.731147515414454552e-01
1.444016864412049905e-01
6.391908522944468596e-02
3.964636390755047618e-02
5.534439545099847924e-02
1.179967082564014197e-01
2.267803642211507764e-01
3.371865838133331628e-01
3.095481895656705951e-01
3.529585024342545840e-01
4.735356697661479153e-01
2.321638698083194341e-01
1.201141275130920560e-01
8.821809647880730909e-02
1.086041885078210395e-01
1.805460935966585745e-01
2.893670487398085633e-01
3.876639648864545484e-01
4.711577739539214993e-01
5.722473946241518616e-01
5.268049195788263583e-01
3.278236061242447708e-01
2.184875833150356494e-01
1.836327360435508205e-01
2.059445026879506979e-01
2.765114672404190288e-01
3.706120336238790114e-01
4.437935287658468786e-01
5.680473424316790920e-01
6.775020752075764374e-01
5.576781691326497814e-01
4.150904784882250564e-01
3.253080517531971028e-01
2.929250901298552368e-01
3.104594950617783344e-01
3.658452892795547307e-01
4.328460433766433413e-01
4.743552819048471592e-01
