1.932626540955804384e-01
1.867476848118736488e-01
1.943051749071202372e-01
2.391077583955560915e-01
3.597434503226921709e-01
5.935851024856878544e-01
6.303653500714571090e-01
5.891055014700716796e-01
5.754524002614874734e-01
5.655644195231430693e-01
1.344168584516378939e-01
1.166608833625750186e-01
1.162000229474211138e-01
1.558624947399047389e-01
2.925180963534781964e-01
5.884703385056050395e-01
4.928779447140982373e-01
4.651071652137093726e-01
4.779108010274730201e-01
4.978860569583461460e-01
8.048058281553936710e-02
6.007226784367906969e-02
5.790933288957030023e-02
8.973059184946090283e-02
2.188265403966214995e-01
3.426128044291530950e-01
2.867135609181579725e-01
2.965448062925135631e-01
3.454969098391601490e-01
3.997914437140123178e-01
4.727849999588783214e-02
3.055257361552171300e-02
3.116706720435875530e-02
5.743794668752549154e-02
1.377917051731941400e-01
1.280060376439579872e-01
1.216289988923931753e-01
1.579044102167228014e-01
2.281489725020832693e-01
3.055770760060406710e-01
3.756705138009990702e-02
2.286383127866482151e-02
2.652725699748610319e-02
6.409868213573807760e-02
5.919914477688242860e-02
4.194541478300350956e-02
4.818461061611360730e-02
8.463786453140718924e-02
1.555037263319412055e-01
2.405132522902928283e-01
5.627600689285990748e-02
3.923560286147995818e-02
3.982489307010050883e-02
7.443484964296316619e-02
4.470325212226838874e-02
2.421479328602407777e-02
2.940754789691099949e-02
6.172632481898019524e-02
1.286453065882670332e-01
2.135099023343899338e-01
1.201734181832991299e-01
1.150291654192399926e-01
1.557421967778516991e-01
1.483265891959735794e-01
6.137733395731966718e-02
3.348686702476291743e-02
3.842424595908186524e-02
7.284056062793099751e-02
1.408291331402346247e-01
2.231209160260705371e-01
2.440590450826147229e-01
2.894471732095652006e-01
4.292104385933287469e-01
2.441034622789263753e-01
1.147674807994523982e-01
7.382449252080536262e-02
7.838411273460529904e-02
1.181709125759818763e-01
1.870051962134798296e-01
2.621482102362873712e-01
3.971625232524027549e-01
4.953079870543605212e-01
5.760491119956614448e-01
3.398821650689306528e-01
2.070285080374426601e-01
1.557787425928559844e-01
1.565170359106758668e-01
1.947741361919712588e-01
2.557051936716554508e-01
3.145571869369790385e-01
5.126070440469944201e-01
6.229202613678082034e-01
5.984763692235068877e-01
4.240736659939167708e-01
3.095456496521469258e-01
2.564518558516227786e-01
2.505358825825472757e-01
2.778050304085310507e-01
3.209834337852782160e-01
3.574267076541635113e-01
