1.795440068267422917e-01
1.730715190601976039e-01
1.803352318409809918e-01
2.233714432497467262e-01
3.402226893543102149e-01
5.695697173785754241e-01
6.636288147475923882e-01
6.197271290424223311e-01
6.022843715942873821e-01
5.886344463827413165e-01
1.242680431105153832e-01
1.081118792320468619e-01
1.086779833440292969e-01
1.476039310419365591e-01
2.813030806097955860e-01
6.014819932239665601e-01
5.181430617124179738e-01
4.892043447520354471e-01
4.998096722011095006e-01
5.173436214917169762e-01
7.445476373222292832e-02
5.643570529528468133e-02
5.589456482978012036e-02
8.857197251320110543e-02
2.193406090475577275e-01
3.509793444477265489e-01
2.983424267054720636e-01
3.100097082520160696e-01
3.596755588978566287e-01
4.137914993850109746e-01
4.386688382305507783e-02
2.941930473003801297e-02
3.166307250275764845e-02
5.964983988548779731e-02
1.447641342178532797e-01
1.278064877802113919e-01
1.237410426885179882e-01
1.627047638847843036e-01
2.352500549523509066e-01
3.141467897938873266e-01
3.503700638843322557e-02
2.245610035480242322e-02
2.780996640804841297e-02
6.651006233578976579e-02
5.294355824210168759e-02
4.023844443902677148e-02
4.752008818924358113e-02
8.557748682715148048e-02
1.582641085918632951e-01
2.448852166010414555e-01
5.207073862834495082e-02
3.810158316728422950e-02
4.116632690186992904e-02
7.553908685711038795e-02
4.086474071681166914e-02
2.266732014920644356e-02
2.861512113474755023e-02
6.145483957568365074e-02
1.291720859211211991e-01
2.149206891897480487e-01
1.103449087772303550e-01
1.091570817837756169e-01
1.558578247857190791e-01
1.456879018677962045e-01
5.855264629073840543e-02
3.195707532260323031e-02
3.747133827427121672e-02
7.210112247172659194e-02
1.399046357575508548e-01
2.224725260893395951e-01
2.249453538555480081e-01
2.723075771464439909e-01
4.186629135845560401e-01
2.448878658220313698e-01
1.135138050710429169e-01
7.264717693769412454e-02
7.741139837996910411e-02
1.167990078247697211e-01
1.852686943110604390e-01
2.600265238319457439e-01
3.700483661932420509e-01
4.675394927184756688e-01
5.926710359636701009e-01
3.472703358378478877e-01
2.095216039093184546e-01
1.564081921382736995e-01
1.562600739335131828e-01
1.934706137057683739e-01
2.533557657226692683e-01
3.115777533045727687e-01
4.839867935616160022e-01
5.930979684544468444e-01
6.182554866012303085e-01
4.360958966733616271e-01
3.161671761500475242e-01
2.598474921542985316e-01
2.517772495559211787e-01
2.773027591201574493e-01
3.189488493718405926e-01
3.547626407555923844e-01
