1.890896247465244651e-01
1.825076293025382768e-01
1.899041863439717426e-01
2.337833786241858003e-01
3.509845621626420109e-01
5.770860088319664793e-01
6.295026194200221692e-01
5.868141125694975591e-01
5.711441554603134962e-01
5.598816389325973475e-01
1.326078708812686302e-01
1.158756297655787748e-01
1.165860191454087674e-01
1.571020951768790919e-01
2.926654080991140661e-01
5.774681953608800100e-01
4.845361454134748391e-01
4.565299482687815158e-01
4.680171480017424335e-01
4.873061025418169989e-01
8.055146475365708436e-02
6.140430297688687089e-02
6.059812237554643849e-02
9.437869578855184738e-02
2.259937412594651696e-01
3.311192457787544008e-01
2.764487290491833282e-01
2.850958082590650533e-01
3.320755979412439163e-01
3.854812304775475096e-01
4.758119737236518598e-02
3.183217014971925080e-02
3.335826054786560774e-02
6.038295956799502595e-02
1.449146289255791309e-01
1.243656152202660403e-01
1.158057555664886162e-01
1.485021322616922601e-01
2.146202680031908949e-01
2.898409823893976500e-01
3.679759889567400799e-02
2.308913253382088859e-02
2.704999782464282548e-02
6.061632649966899877e-02
5.543948455045191043e-02
4.194036134617479955e-02
4.622148308387985516e-02
7.857083201114688220e-02
1.439268559535877567e-01
2.251342752775330192e-01
5.139583010394332963e-02
3.544404561618270250e-02
3.570923142950625795e-02
6.170105049358826782e-02
4.677539322434676183e-02
2.606729672802427650e-02
2.921689670137931141e-02
5.781649158541143918e-02
1.189950075410674962e-01
1.990680769885649626e-01
1.042954961331239022e-01
9.560675612370132803e-02
1.275232538300737906e-01
1.643261471964380382e-01
7.302881371099259611e-02
3.867534855941803101e-02
4.013464031347095673e-02
7.064755026434108021e-02
1.326029414299599307e-01
2.100329605946801015e-01
2.094824678012508490e-01
2.388292081260501576e-01
3.540583209768298212e-01
2.865843431995862556e-01
1.397644402953519549e-01
8.655663968042288936e-02
8.446551362962922971e-02
1.184363602829004575e-01
1.810979275529000232e-01
2.511541169584807776e-01
3.458228603502401799e-01
4.207728501270330268e-01
5.805528465636928814e-01
3.970217804212963775e-01
2.454511071203003547e-01
1.794137726894925178e-01
1.701389846585751042e-01
2.000684556907909029e-01
2.535583974584902367e-01
3.070280542587973116e-01
4.569521977756151321e-01
5.479944654527705294e-01
6.618703371676379899e-01
4.822113253801938448e-01
3.546579394907081739e-01
2.883710701813215760e-01
2.711636955224545065e-01
2.887692604884470327e-01
3.236437417463494115e-01
3.543279676425244995e-01
