1.333662674739680698e-01
1.300511077175164343e-01
1.407699701424935668e-01
1.850916366759428056e-01
3.013699219074298385e-01
5.337060584260658880e-01
6.456643847277253601e-01
5.789059184523581703e-01
5.457176595538649755e-01
5.274697345169159224e-01
8.720958859811105135e-02
7.707527152749325816e-02
8.143197055816903118e-02
1.193971366907919940e-01
2.472715645803463536e-01
5.615553236724218911e-01
4.935888270533668187e-01
4.400440138705974946e-01
4.319400891207578752e-01
4.412041447347875289e-01
4.975689907253389582e-02
3.878463976536673796e-02
4.122262238468463180e-02
7.177253463525770649e-02
1.964369177328620653e-01
3.559305271515637581e-01
2.790003651694729081e-01
2.657445782090560038e-01
2.933006669000036148e-01
3.337785474934736873e-01
2.802799204276592085e-02
1.991940399832555636e-02
2.366496120131080655e-02
4.829222027540901185e-02
1.354629417695193683e-01
1.345511318310989024e-01
1.129315127140352731e-01
1.302527139364320075e-01
1.777441693521591703e-01
2.370542761582139502e-01
2.053929577702008624e-02
1.468632057377004980e-02
2.152590673178732955e-02
5.089819060271007917e-02
4.776816573979507374e-02
4.235785233589195453e-02
4.094641335351134614e-02
6.229008312691663302e-02
1.088368794699266645e-01
1.711010531407167745e-01
2.514312379485061574e-02
1.996133806361840429e-02
2.753752836253480982e-02
6.105458606005591954e-02
3.998465213103236798e-02
2.152919240037681411e-02
2.190719920207225696e-02
4.002929974779563527e-02
8.086892039846245439e-02
1.393487337499196566e-01
4.693617714641287741e-02
4.808998768852038724e-02
8.044472377879605118e-02
1.142638965918603561e-01
4.887300613323342091e-02
2.434508026862553659e-02
2.451396523885505246e-02
4.257997536314037101e-02
8.204986833846721062e-02
1.368961592609213018e-01
1.045793649099636263e-01
1.404824476675355094e-01
2.708059749378327052e-01
1.859826991868211710e-01
7.960640309555362670e-02
4.601452561728550106e-02
4.524791273931291075e-02
6.572060968453828644e-02
1.059511978098049700e-01
1.571157157123258263e-01
2.091533605299570608e-01
3.012364821702382400e-01
4.860466242172331031e-01
2.569028695965682174e-01
1.388162089664317367e-01
9.483848016463088115e-02
9.017665617175618653e-02
1.103966134550347783e-01
1.480190313937122804e-01
1.910245914381042132e-01
3.231599016502260113e-01
4.418222105748110251e-01
5.097923381443895119e-01
3.265059442141275414e-01
2.157785183027840226e-01
1.651912020874809761e-01
1.537722373146092336e-01
1.676666545714745882e-01
1.959241595070726205e-01
2.261601034382685615e-01
