7.962588764597730573e-02
7.902885042065853349e-02
9.034453516871045198e-02
1.301025170785511942e-01
2.373807259195315211e-01
4.649348144615790268e-01
6.679866941922867341e-01
5.773215962480561236e-01
5.256649140068473391e-01
4.975308171511456656e-01
4.847151657074653258e-02
4.400826979246291737e-02
5.028534373369668298e-02
8.316149129758478031e-02
1.991749465245132300e-01
5.064625955456105721e-01
4.940569328225673518e-01
4.184262623465070940e-01
3.935290287480918137e-01
3.931396093065983588e-01
2.626018024145131829e-02
2.169081544737849060e-02
2.610271314387893268e-02
5.280012132263060820e-02
1.700527028786207040e-01
3.594126518234724288e-01
2.652123020940063691e-01
2.349282820360669710e-01
2.473277988961920526e-01
2.769150008932859675e-01
1.454990163363667315e-02
1.151632120228124161e-02
1.644994616143726981e-02
3.936124548465872591e-02
1.294010342439162187e-01
1.311744215708388617e-01
9.867660683408387146e-02
1.035000633966754180e-01
1.350126360720911300e-01
1.797080343834445149e-01
1.084379998375848732e-02
8.886123042390439361e-03
1.631540812176413349e-02
4.318785173997696791e-02
4.474788495652536058e-02
3.779449778377476366e-02
3.150528046024202167e-02
4.283267026634163949e-02
7.243955185704424593e-02
1.161855399473438882e-01
1.490185476541228300e-02
1.377718341882645282e-02
2.403613388496763509e-02
6.067853215402663203e-02
3.222696269364460492e-02
1.519901424528767933e-02
1.354347159101199419e-02
2.284858451472571508e-02
4.612482110976635907e-02
8.334954959940649166e-02
3.365918381700760964e-02
4.096486920044282998e-02
7.744986421745249372e-02
7.493171212993209040e-02
2.577507518425433200e-02
1.172929659843046854e-02
1.139398372560375058e-02
1.992466410841717619e-02
4.005540110422981664e-02
7.256014213645628486e-02
8.728849785716855103e-02
1.312897769057135289e-01
2.550039230026023840e-01
1.000181357588436903e-01
3.065573729827556285e-02
1.625537975018137571e-02
1.665565136829419077e-02
2.613119379160293645e-02
4.648994785317735190e-02
7.616816707740031722e-02
1.927056374162022245e-01
2.963845833886230574e-01
3.496220620253535083e-01
1.260305584275182578e-01
4.883564772057191750e-02
3.026150719264462247e-02
3.063363779335887341e-02
4.155051998447346906e-02
6.216455239251535148e-02
8.906939044779899062e-02
3.176294914407487013e-01
4.511883099332945624e-01
3.463815980725838961e-01
1.623451941819154531e-01
8.189042251650292814e-02
5.669656720810476586e-02
5.465879343071325391e-02
6.501519690029254617e-02
8.363829590843566142e-02
1.059202245896077033e-01
