8.403087104718094669e-02
7.693455806070852165e-02
7.722028342492857911e-02
9.673238089011068630e-02
1.671288702584507457e-01
3.465165019360640364e-01
6.422226107906500170e-01
7.824221359532868014e-01
7.197754853316153945e-01
6.746278503647105129e-01
5.459274019175550108e-02
4.547717744503970011e-02
4.451379763487571528e-02
6.121434509907384969e-02
1.380400003500250883e-01
3.903269100648123491e-01
6.722857208916007687e-01
5.964201617638348329e-01
5.641007997902749427e-01
5.537429647091357543e-01
3.141083607029051400e-02
2.392452570069699899e-02
2.478971864190509383e-02
4.138633442353426006e-02
1.259889161251558920e-01
4.394342771548769289e-01
3.698542507296863624e-01
3.479252400634715858e-01
3.683723233309368350e-01
4.028024506301915997e-01
1.790878823509159043e-02
1.327475430819174788e-02
1.727059993017253728e-02
3.708899681633062717e-02
1.069479850747491745e-01
1.532622551474511485e-01
1.348192391815097313e-01
1.551485673107484142e-01
2.060727837702970022e-01
2.677361210534934255e-01
1.315979062542303388e-02
1.032448538815824296e-02
1.831408282263339432e-02
4.951698375026394178e-02
3.976033838476696752e-02
4.009373669057159778e-02
3.988285778819631450e-02
6.289419020330830334e-02
1.111555948684337103e-01
1.753672615704450211e-01
1.689428030461796737e-02
1.560213781382867489e-02
2.651766842407488750e-02
6.049740255175194148e-02
2.558933426445260395e-02
1.399307787545850043e-02
1.588856886824959597e-02
3.243230804079030860e-02
6.989270741249810348e-02
1.259161493451883274e-01
3.373646861208558223e-02
4.174068377480965458e-02
8.240042036861067176e-02
6.492747751527049027e-02
2.123065281841679877e-02
1.088576586056791071e-02
1.331025207454672107e-02
2.753253502189549964e-02
5.942846630524107471e-02
1.080316717245065616e-01
7.827886353244459250e-02
1.206678065292881019e-01
2.535220681148473432e-01
9.756411827918552715e-02
2.969603634111517287e-02
1.736967250706673155e-02
2.055658502154622883e-02
3.653511924005124062e-02
6.775271557599990557e-02
1.111617739122248150e-01
1.632092573310840455e-01
2.578955669294844544e-01
3.814807607573701409e-01
1.389083216401576504e-01
5.573026368881175280e-02
3.700123545610655568e-02
4.043134595299689021e-02
5.829156519425240240e-02
8.904008868369854557e-02
1.269207847880021167e-01
2.652035639031708469e-01
3.849639643551167056e-01
3.979932597905801450e-01
1.934240659555502284e-01
1.016671899450457828e-01
7.374137798001743904e-02
7.399044370230450918e-02
9.040892664353530894e-02
1.171423058960296831e-01
1.471246019463442190e-01
