8.968700800323722855e-02
8.130337062128518977e-02
7.986120927498530087e-02
9.678687474344696562e-02
1.626031334061058542e-01
3.340647955822667603e-01
6.194619126097388184e-01
8.317679663849126825e-01
7.696645570790608959e-01
7.213252044571262234e-01
5.935391953101395307e-02
4.913852791049452828e-02
4.688786567559562884e-02
6.195411373001488003e-02
1.344133883188348977e-01
3.769921663838780024e-01
7.164595068232874064e-01
6.463588545016016873e-01
6.151032229477300106e-01
6.027311566415924915e-01
3.480226631088476075e-02
2.641934231186384222e-02
2.681589946993273230e-02
4.298865095805508296e-02
1.248011714767945646e-01
4.568340041909496607e-01
4.000505163907995820e-01
3.856446790309096539e-01
4.109499805433356467e-01
4.473253353251509523e-01
2.011018739803429461e-02
1.495491372822128733e-02
1.923352274364470774e-02
3.969002790554187338e-02
1.083746878182925422e-01
1.578999359267573566e-01
1.474085324617988024e-01
1.762303353677203976e-01
2.358756075350936510e-01
3.039063188464213305e-01
1.492027072772202437e-02
1.179508513762385358e-02
2.055266856189453747e-02
5.291454217032254964e-02
3.767078753740022573e-02
4.059776713287383682e-02
4.380703043002699693e-02
7.321013258153749592e-02
1.306837430013194912e-01
2.035381877484509494e-01
1.865900539805970607e-02
1.761432743017167860e-02
2.925113421456376067e-02
5.324307221775719662e-02
2.359958477721556605e-02
1.408454920260495541e-02
1.773670977522919662e-02
3.840583197415212147e-02
8.394677725857574435e-02
1.488545621258360596e-01
3.569381069046332483e-02
4.477965521637682772e-02
8.704641151402650601e-02
5.922526226377657771e-02
1.999081991097195060e-02
1.113957909184553827e-02
1.514350415384365517e-02
3.303389569140895848e-02
7.230349829754438573e-02
1.290357037045606614e-01
7.909480513696640069e-02
1.224720404901361442e-01
2.579524764218840138e-01
9.385071494049350427e-02
2.977779711861195874e-02
1.873823470311754627e-02
2.396839582710567559e-02
4.396807071731648892e-02
8.216002539095360047e-02
1.328467098226897847e-01
1.601231064687866079e-01
2.535296110157713723e-01
3.819701235542756756e-01
1.412156252454733196e-01
5.894306808801991204e-02
4.135680217582011348e-02
4.713365563961707805e-02
6.946991095506160896e-02
1.066230874088327785e-01
1.504483412820312727e-01
2.568360123546044038e-01
3.730133593253316948e-01
4.086081189894117394e-01
2.030777392836127793e-01
1.106048877311442968e-01
8.318466565550572400e-02
8.574526805565699239e-02
1.062965624740456055e-01
1.380640944481884846e-01
1.720855976308992563e-01
