9.597176722630881840e-02
8.615955799813429516e-02
8.307236428277381401e-02
9.806317862352387227e-02
1.610770257050705978e-01
3.283711712489151280e-01
6.088969670827276692e-01
8.571323979002942739e-01
7.956320233922581364e-01
7.455268091145170750e-01
6.449935556916321089e-02
5.275952054511875294e-02
4.913151052037773026e-02
6.251969869865242613e-02
1.315040589546731253e-01
3.670139403439941495e-01
7.444074781692648912e-01
6.773591709644706249e-01
6.463626178725808691e-01
6.322786854066951845e-01
3.831489065282393108e-02
2.877285142868489520e-02
2.832146350959836509e-02
4.356275629103571745e-02
1.217838724469795797e-01
4.678086282989303291e-01
4.228798479185436054e-01
4.127405372236782610e-01
4.404570655898819020e-01
4.771834330570124960e-01
2.241504075021311451e-02
1.649333033266209628e-02
2.048512731089816019e-02
4.084025141286375116e-02
1.067360475616599691e-01
1.632951884159635214e-01
1.584375121650160312e-01
1.931388615102301309e-01
2.585304917458651208e-01
3.303169599428337211e-01
1.661508840545616178e-02
1.310511120922231397e-02
2.180034583921584834e-02
5.451751105283524079e-02
3.702319207187487748e-02
4.180690674436580295e-02
4.770016042843678444e-02
8.195132544991207135e-02
1.463921859948491000e-01
2.254205068759036479e-01
2.050733685599918227e-02
1.943554041905991292e-02
3.120121014831353512e-02
4.894955596856695457e-02
2.273236834143715218e-02
1.443512359437759685e-02
1.956031376849933640e-02
4.379445511538646030e-02
9.575928746294229410e-02
1.676795701228174229e-01
3.805324562823495654e-02
4.765121827689595968e-02
9.077459458484439525e-02
5.626575365462348211e-02
1.953838202132308910e-02
1.164400601306335263e-02
1.663762089542539582e-02
3.819508139695133170e-02
8.346831236367761864e-02
1.470320416344397252e-01
8.122465111921377268e-02
1.250638729226349888e-01
2.619102040348937344e-01
9.246621581904337916e-02
3.032133524938531929e-02
2.006902392760427645e-02
2.689610490932852274e-02
5.078778428287351182e-02
9.485333107365631622e-02
1.517703896892932947e-01
1.601840389575439616e-01
2.523085396972663541e-01
3.836592044190229034e-01
1.443670750192917740e-01
6.239088000208008883e-02
4.558866317461247181e-02
5.346287980724379746e-02
7.991227445658187489e-02
1.223251737542315476e-01
1.712496974133886907e-01
2.533738004346050010e-01
3.664463786674332924e-01
4.176137067900347888e-01
2.118850135337963791e-01
1.185658414851257225e-01
9.170774185123529987e-02
9.642613096651495019e-02
1.205315588243578567e-01
1.566696979289919078e-01
1.940807972540493087e-01
