7.224155086643191392e-02
7.092671935238883951e-02
7.895137629210827179e-02
1.095286433294956341e-01
1.986092898319291589e-01
4.041929698916174596e-01
7.197676753270965122e-01
6.541923845987858144e-01
6.069945945378912855e-01
5.780958761431664872e-01
4.423212866044790026e-02
4.059169428537937746e-02
4.595630385198130885e-02
7.318032170934966885e-02
1.744221248261976775e-01
4.696832860306134338e-01
5.242676696438723916e-01
4.657585810794757086e-01
4.505109807788027498e-01
4.546383628106063224e-01
2.394897635096724514e-02
2.075463283366736980e-02
2.589097545409943524e-02
5.065071640332190900e-02
1.582411316202883278e-01
3.302308317740191290e-01
2.643349782957665206e-01
2.523522119125315433e-01
2.780183708076009452e-01
3.167368651459899764e-01
1.299806481357343446e-02
1.116367649903801489e-02
1.776949959265053738e-02
4.160281850281798838e-02
1.191608984269192512e-01
1.104543153390280252e-01
9.156113799286355603e-02
1.067617110308417966e-01
1.483771405724925718e-01
2.024519916680224962e-01
9.148587855587461681e-03
8.351056881255300435e-03
1.760213323471920138e-02
4.622099721813677925e-02
3.417471200263664383e-02
3.096433041548040874e-02
2.806676344646216043e-02
4.313619739230405842e-02
7.804700588170206121e-02
1.286293539771722061e-01
1.169976747316607731e-02
1.202175637852962060e-02
2.291030836625010392e-02
4.962035158926375589e-02
2.467795733039496522e-02
1.215385431255505168e-02
1.207790981048009228e-02
2.263369550787942136e-02
4.850210029004561885e-02
9.042756829995181322e-02
2.521196945690791849e-02
3.403905903781351272e-02
7.450459348776398982e-02
6.512418738238238969e-02
2.071830157894455002e-02
9.638470739633371587e-03
1.035042553955596925e-02
1.944255494251046976e-02
4.133127124538964192e-02
7.653352833416920964e-02
6.541746097865026865e-02
1.076737696755849100e-01
2.394977719308182817e-01
9.748564330466925887e-02
2.765635142057650334e-02
1.453010006877670721e-02
1.556901927605802531e-02
2.568082006667452705e-02
4.691599347891567406e-02
7.848817317602625743e-02
1.500806073774159921e-01
2.475222669733761760e-01
3.755656519020167949e-01
1.304849055550722781e-01
4.818042948886306492e-02
2.925040713962486980e-02
2.962739603103766925e-02
4.106942957671852468e-02
6.227382858002451088e-02
9.020961098429051972e-02
2.602103614069465887e-01
3.880570001018447956e-01
3.759148074213483071e-01
1.728716556306805485e-01
8.465670463104860155e-02
5.738902487105217165e-02
5.462168561987660459e-02
6.489878922200541245e-02
8.376041255825716902e-02
1.065548822857849132e-01
