6.056942078915242278e-02
5.790222768191746749e-02
6.309806859939841306e-02
8.838797404716637607e-02
1.693847873732285680e-01
3.692479769741831008e-01
6.891220931241840431e-01
6.730196853959525827e-01
6.176123748281243664e-01
5.834584817815149371e-01
3.677340386677572376e-02
3.254655798926590904e-02
3.564041355294274988e-02
5.722235807376364197e-02
1.481627918606992222e-01
4.377244392648395599e-01
5.455428122263195068e-01
4.764835162139923197e-01
4.544147238355347174e-01
4.547074753397433722e-01
1.994898674103571731e-02
1.659506900069992325e-02
2.000794689719420649e-02
3.971792017544336501e-02
1.386547431105935591e-01
3.453657756712447680e-01
2.717026923109689962e-01
2.537168906013572145e-01
2.758506402172733463e-01
3.125363765985534337e-01
1.106163805794605111e-02
9.157274011198266242e-03
1.446868909732544443e-02
3.519823479643859748e-02
1.100886433895916922e-01
1.127738877032618686e-01
9.070095751842602305e-02
1.040173769201132720e-01
1.437890924978588725e-01
1.964174636789381423e-01
8.219017226784346847e-03
7.198961062886827071e-03
1.568939075033465302e-02
4.501855827462306753e-02
3.422591548047006216e-02
2.982112693716040125e-02
2.630085538430361816e-02
4.035245538446885494e-02
7.358717585175854337e-02
1.225018276965929437e-01
1.097713485580674268e-02
1.118973820992951763e-02
2.194758061929607054e-02
4.952946605083927145e-02
2.303230742358903377e-02
1.091749069395292135e-02
1.079148172532247950e-02
2.056176914005507575e-02
4.493781197504840424e-02
8.487945928382775729e-02
2.430524988425439292e-02
3.294021917133149735e-02
7.439156895710800910e-02
6.345767857662748535e-02
1.896016344723893202e-02
8.454738707473395676e-03
9.098303825077641918e-03
1.758964142603699696e-02
3.788622574524750514e-02
7.135718523037472283e-02
6.378852386960316700e-02
1.063838993651072262e-01
2.429005048935285460e-01
9.451981893640568066e-02
2.547069047876373768e-02
1.310123694412043509e-02
1.415460984477005801e-02
2.347171018538685497e-02
4.337970925711250036e-02
7.321626795169286495e-02
1.474320217822548129e-01
2.463881554920737127e-01
3.770666745359584904e-01
1.275012114415406406e-01
4.570980362109994255e-02
2.733401902006579731e-02
2.768093308461486851e-02
3.826376378052200738e-02
5.815331575473235010e-02
8.474069855888866076e-02
2.566364126054981321e-01
3.862931110355203312e-01
3.783292089676362768e-01
1.711008899573399356e-01
8.238874786917153858e-02
5.497552198350853792e-02
5.208788221265385487e-02
6.151041937621032352e-02
7.933171931948088118e-02
1.008972822133840236e-01
