6.558746218235816938e-02
6.258579818543137663e-02
6.808154132897206723e-02
9.456031171538104019e-02
1.767042038651013558e-01
3.726023009265909680e-01
6.792414598017247895e-01
6.672710835772580618e-01
6.167973628848144596e-01
5.847720908970522879e-01
4.041246584303911926e-02
3.594098128361892380e-02
3.971909562640017766e-02
6.356316399323151678e-02
1.582392121313060951e-01
4.423547192416700247e-01
5.318563803969866832e-01
4.718542287995494133e-01
4.547027613490233766e-01
4.575156448429628653e-01
2.211557909458803511e-02
1.849806980612555066e-02
2.272406073305895113e-02
4.482426589256564148e-02
1.473361797585645283e-01
3.298726538490499571e-01
2.657804643074940243e-01
2.528104319680050671e-01
2.777989302079882927e-01
3.165178739906802097e-01
1.206793780947339016e-02
1.004356906471909859e-02
1.582439139450848506e-02
3.701562417951903550e-02
1.121994411410954101e-01
1.109704709827902258e-01
9.171606399701927315e-02
1.060741930640948238e-01
1.472442162335035887e-01
2.016040988974650283e-01
8.895106433771586205e-03
7.651428357825116808e-03
1.585529057315385529e-02
4.210236366064385588e-02
3.454340085136214239e-02
3.216957471068128405e-02
2.872194879252052552e-02
4.327340457961939557e-02
7.812807814014544050e-02
1.292202232822243779e-01
1.193206893335196743e-02
1.157622581178930667e-02
2.071667791886520199e-02
4.267882917960857253e-02
2.720127924329535443e-02
1.401508702603785142e-02
1.328643971129868200e-02
2.395597374420707637e-02
5.056375187968251833e-02
9.356691515566252504e-02
2.530443126676421017e-02
3.125389454575567411e-02
6.269322398545371100e-02
7.097607485475675160e-02
2.689070980776602990e-02
1.274581320747202040e-02
1.270282220110109835e-02
2.261320791984589712e-02
4.602822891846182485e-02
8.335336394743300681e-02
6.193539816751070237e-02
9.183842573774363138e-02
1.942670896494743671e-01
1.217924292373270129e-01
3.978123276818504306e-02
2.106018317264542541e-02
2.116109084058812040e-02
3.259705110061031363e-02
5.632180203143349884e-02
9.031759383274984287e-02
1.354409373401460892e-01
2.062173810290607312e-01
3.716134683191821275e-01
1.716135850830899645e-01
7.047425521272172866e-02
4.352991562072725668e-02
4.221288225034573738e-02
5.487838376919308009e-02
7.840547291343842595e-02
1.084833937482836408e-01
2.310309691079084626e-01
3.281123109743530053e-01
4.408049818767134642e-01
2.246903363509547003e-01
1.194687383323180391e-01
8.290741447574828671e-02
7.719860780255193011e-02
8.754519336830846044e-02
1.075448505544696204e-01
1.310963610647861988e-01
