9.144767144148353843e-02
8.333916543030588098e-02
8.320585731027685394e-02
1.037171833452903702e-01
1.784148992654802091e-01
3.573357790697866410e-01
6.239921660542560033e-01
7.465752017358321391e-01
7.149055752487020188e-01
6.847064857981572938e-01
6.139919430522179644e-02
5.271516649185493952e-02
5.366589618153429220e-02
7.529247549153052221e-02
1.667614920901042685e-01
4.334011633020820042e-01
5.718299575052488981e-01
5.526050851838554268e-01
5.574468669901175844e-01
5.670894728536181040e-01
3.604687233497530507e-02
2.965315150718267345e-02
3.389498096940588012e-02
5.615045685527732255e-02
1.558762585354092622e-01
3.134085054060071207e-01
2.975738229344405128e-01
3.176560592732315391e-01
3.668739042297330943e-01
4.198969285327431300e-01
2.029624573483415281e-02
1.656008648793627636e-02
2.371475236202931491e-02
4.390402825691788052e-02
9.124111150675444371e-02
1.101758497487732857e-01
1.125403866733803437e-01
1.485023981768562040e-01
2.149758670548874984e-01
2.909025737447123450e-01
1.428088802877960049e-02
1.175793463495735866e-02
2.017107011889122253e-02
4.462142715347787447e-02
3.178899836671198603e-02
3.709080971728942466e-02
4.135484364962883908e-02
7.029691029619372644e-02
1.293357813138575896e-01
2.063221672259112349e-01
1.755749843614391736e-02
1.592116308165087910e-02
2.379334894417713467e-02
3.897267791846829171e-02
3.003221732510314573e-02
2.090854024761583385e-02
2.395473902897330559e-02
4.653537880761113993e-02
9.649741957642202217e-02
1.669623395703154767e-01
3.230335874319080480e-02
3.451397645227360228e-02
5.476648974594052616e-02
6.728044675467570457e-02
3.986052319078162154e-02
2.503496759798972543e-02
2.820140752048931262e-02
5.118313059929590486e-02
9.897002923873869651e-02
1.638347980214670818e-01
6.730320164034266084e-02
8.120592116580423181e-02
1.393810729582334318e-01
1.537002204397177607e-01
7.261680183526858512e-02
4.817946240529562968e-02
5.232196945918229231e-02
7.953883697438345057e-02
1.283456686839972438e-01
1.875800409743554054e-01
1.309635524934383566e-01
1.655198630041929131e-01
2.611134157077114049e-01
2.458099280809574183e-01
1.345023105989868184e-01
9.959755131317889199e-02
1.029916038498848163e-01
1.317631991995440177e-01
1.774089173905528116e-01
2.263190861307792234e-01
2.114424379096116746e-01
2.629700515102161296e-01
3.667951943514994873e-01
3.213215734999935735e-01
2.122937211277673708e-01
1.718865625005225328e-01
1.713788655061764810e-01
1.948695278784570994e-01
2.302330015449017830e-01
2.643093052270432119e-01
