7.602979925817243689e-02
6.918383425497803829e-02
7.017470054714000649e-02
9.114982039296516680e-02
1.663904556416923586e-01
3.500518621364234750e-01
6.293356723485667992e-01
7.372593628877495142e-01
7.002553405969360600e-01
6.694720666912464813e-01
4.942001632142329487e-02
4.207224332857597421e-02
4.360696744293934141e-02
6.476329927244926787e-02
1.563938135018067277e-01
4.310390835170119228e-01
5.657191976476659834e-01
5.361266088894005577e-01
5.359522829239635744e-01
5.448170775215955830e-01
2.817183424922888729e-02
2.283988703793682698e-02
2.681097336526343938e-02
4.826599001591194704e-02
1.505315469077492252e-01
3.148180598077666148e-01
2.867168691919529944e-01
2.991218612583241843e-01
3.436393113707616465e-01
3.948621622219292138e-01
1.562542392718825612e-02
1.257531605020692153e-02
1.894453686332455908e-02
3.850824414999477058e-02
9.465636554304471262e-02
1.069197363138378598e-01
1.032498222231352097e-01
1.338174735371590873e-01
1.946431626670291071e-01
2.666832803121398365e-01
1.126245035460979142e-02
9.207543660565156718e-03
1.694043445466016790e-02
4.109689296486340043e-02
3.158716213905083531e-02
3.356380733140840872e-02
3.553721304589459173e-02
6.018431739423293902e-02
1.128666774946832096e-01
1.840454091147736282e-01
1.466077084915867745e-02
1.366702790954848167e-02
2.199001799067335297e-02
3.816689004140528391e-02
2.699024034787158091e-02
1.726037734876404925e-02
1.923529150823240913e-02
3.812575803765803906e-02
8.151771961115657217e-02
1.452554536720402079e-01
2.850939935108972104e-02
3.193138632269361399e-02
5.492481819874741461e-02
6.123400049075119339e-02
3.254027750951669212e-02
1.914467980310202710e-02
2.166022601317333166e-02
4.075823881875757088e-02
8.182775198447782283e-02
1.400946814526914663e-01
6.180911927499342651e-02
7.833276010283621305e-02
1.425807620657348340e-01
1.384395639937391898e-01
5.795917626999978062e-02
3.654601776448246353e-02
4.012758598735104848e-02
6.329633530587848445e-02
1.058225161066755626e-01
1.594441645132134988e-01
1.236067532289614329e-01
1.625055346713593918e-01
2.670711509084607860e-01
2.228982504735388115e-01
1.109909160759399993e-01
7.866994041441065233e-02
8.173363060116220491e-02
1.069903369314031127e-01
1.478884726085532009e-01
1.931962396216203859e-01
2.030516572130607877e-01
2.596014583186532776e-01
3.721455647537482703e-01
2.977011932408355488e-01
1.840828961748523507e-01
1.434876005320535608e-01
1.421146415579823685e-01
1.630955094205547573e-01
1.955790122304310596e-01
2.281567486673143352e-01
