1.062042384540412832e-01
9.870040897815919589e-02
9.942931804233622051e-02
1.215818068948669867e-01
1.984474440561248554e-01
3.756280547808756309e-01
6.315185724884880836e-01
7.594274787191762632e-01
7.352766682972500245e-01
7.075359282889777113e-01
7.118484460735546859e-02
6.283598465723924664e-02
6.504568706089916552e-02
8.969533473963156589e-02
1.863837824717216318e-01
4.533519927182233511e-01
5.714472792901484910e-01
5.653033475786815032e-01
5.779460468320616329e-01
5.904494843657857039e-01
4.085825641817650983e-02
3.458896445572984951e-02
4.016938171115641554e-02
6.544034359168589277e-02
1.709484018003952221e-01
3.040934578895774787e-01
2.985927889388558243e-01
3.281356628715187962e-01
3.841456543877249663e-01
4.406218925082572846e-01
2.181948543305871693e-02
1.822017626124392692e-02
2.613619661254147283e-02
4.631801131848559128e-02
8.876527343164949957e-02
1.077416743812244365e-01
1.142582582792127793e-01
1.551782828447768325e-01
2.270876241913447890e-01
3.069925306781209895e-01
1.427128241085222175e-02
1.191136176542572853e-02
2.001035781207937542e-02
4.162940709668994793e-02
3.171964426850608365e-02
3.677104432958074043e-02
4.236433749690729500e-02
7.373335348156657976e-02
1.367639109187133994e-01
2.175434949344197677e-01
1.644619174497944855e-02
1.526483701071542666e-02
2.313375052313740646e-02
3.702819983594057146e-02
2.873774491320337313e-02
2.031583502561707874e-02
2.403601138610156340e-02
4.797182487626092812e-02
1.005622218284571989e-01
1.740535323650596045e-01
2.986188152502517942e-02
3.276502060191571752e-02
5.418987384367623256e-02
6.322260145767165385e-02
3.641092528299318815e-02
2.321548171806281716e-02
2.707753728561667489e-02
5.078812633050013708e-02
1.002070236734801806e-01
1.672534198258255611e-01
6.324959482707048775e-02
7.816923851156899750e-02
1.375242296765677441e-01
1.446913281906730409e-01
6.519241393481257918e-02
4.320952575390357708e-02
4.831543693265945988e-02
7.617176302343499350e-02
1.260724841764595539e-01
1.870629295631314470e-01
1.266809654611758262e-01
1.630365397357233792e-01
2.609018881118640998e-01
2.296725594640219859e-01
1.203847977781245526e-01
8.846265016573758022e-02
9.352675506718133303e-02
1.234474980173145414e-01
1.706602485414602799e-01
2.215211332946345757e-01
2.093401048002763443e-01
2.637552740966160325e-01
3.708890911937354762e-01
2.987531913803084249e-01
1.913438711305093520e-01
1.537974243625975512e-01
1.556815467695589761e-01
1.812940468142553163e-01
2.190621891767243479e-01
2.556473951009489709e-01
