8.590183731136619150e-02
7.893103041492721683e-02
8.001640150127485585e-02
1.019196242960443838e-01
1.788489781204958551e-01
3.601471879429816170e-01
6.268912724670404613e-01
7.600362533343486549e-01
7.296944595303332948e-01
6.999182988636201141e-01
5.585581817282609524e-02
4.840408328897556622e-02
5.049888598362885228e-02
7.366524987297538851e-02
1.697174896441343284e-01
4.437023797505805223e-01
5.740269513887354957e-01
5.580286363731458144e-01
5.654014634688367957e-01
5.764996238273795148e-01
3.111135710647324956e-02
2.583509216024863428e-02
3.075381514353278320e-02
5.407120558913160874e-02
1.610632476608849228e-01
3.085313519211143607e-01
2.934494531698682018e-01
3.163773325579270490e-01
3.684465292844076312e-01
4.236164352543316802e-01
1.627311055044960986e-02
1.344849205477599910e-02
2.061083014371885638e-02
4.003498174369910650e-02
9.015024950818649463e-02
1.060532994707953508e-01
1.079829352929349701e-01
1.448944572245496332e-01
2.127951979545374406e-01
2.903581041394895368e-01
1.084570541832092019e-02
9.071761704673064058e-03
1.685371165812293154e-02
4.024100289184392304e-02
3.120398036175052112e-02
3.440544965770664376e-02
3.832185786829998830e-02
6.676708998079752821e-02
1.256508805036145315e-01
2.030131448499315205e-01
1.360182928481223907e-02
1.292220830356538563e-02
2.108202977713700271e-02
3.704781636972903636e-02
2.727896775802376647e-02
1.834187617625851127e-02
2.134146332230981921e-02
4.293289501487743132e-02
9.167507653768573739e-02
1.613683779990429390e-01
2.660085670600706095e-02
3.014802086214543250e-02
5.286013223507228520e-02
6.253430969104052661e-02
3.428449874233048533e-02
2.094988478473202784e-02
2.421002676995507794e-02
4.597998828071625521e-02
9.189621607082253119e-02
1.553618612122589782e-01
5.896289166829907225e-02
7.474198698826366172e-02
1.367395810588005189e-01
1.429330763410885385e-01
6.178615034000113637e-02
3.988026497048020175e-02
4.438030115735400877e-02
7.025819083800816101e-02
1.172092893197968916e-01
1.750832773739049164e-01
1.208522667995447220e-01
1.583194650005333159e-01
2.596061781533986479e-01
2.281223220730488332e-01
1.162426966311997240e-01
8.396261595087259333e-02
8.824763528731514872e-02
1.162500159029988406e-01
1.607732733511794132e-01
2.092816698393514807e-01
2.022628004599736629e-01
2.577904274057769007e-01
3.681241136782978374e-01
2.992861488097129929e-01
1.881709724627532443e-01
1.491439884411402406e-01
1.497128190870073428e-01
1.733949611171680949e-01
2.089198823821914741e-01
2.437995536290594178e-01
