8.883105774256583320e-02
8.289264324218141577e-02
8.585515154533060467e-02
1.111964822518223539e-01
1.936519401634322068e-01
3.804233935506884379e-01
6.490889410073987786e-01
7.020152184117731675e-01
6.759392057984263680e-01
6.519128880872671061e-01
5.778509519890114715e-02
5.110008927251852989e-02
5.472930262429716308e-02
8.125656311725104608e-02
1.835579825845158608e-01
4.622675204928024528e-01
5.226821185953569593e-01
5.073623347590385801e-01
5.167102125700693271e-01
5.311810104285018541e-01
3.222268462446564036e-02
2.735810120345047447e-02
3.315866770583143081e-02
5.842565104915105334e-02
1.682693658250651036e-01
2.847900468176409738e-01
2.660173282450783439e-01
2.848626749314252526e-01
3.331135566606890364e-01
3.867031595021346302e-01
1.685702792333002714e-02
1.418929554771533423e-02
2.153816724624099677e-02
4.041597805087712714e-02
8.944323966211666088e-02
1.016090017107537796e-01
1.003021286416343194e-01
1.310375311546817523e-01
1.915986074201637968e-01
2.635965393785102973e-01
1.114111757972718365e-02
9.349820076764320601e-03
1.681763112522705744e-02
3.765320133393607049e-02
3.229016995243326471e-02
3.546848714111414808e-02
3.744340799815473741e-02
6.163976433540052646e-02
1.137246304172973427e-01
1.843794541713696111e-01
1.385146592730081803e-02
1.289186576018681342e-02
2.030154346801188101e-02
3.363332562369759915e-02
2.932310359599185276e-02
2.016749465419318335e-02
2.175536066227127391e-02
4.066662743359809179e-02
8.409590232514023433e-02
1.477222854539141927e-01
2.725514849639954981e-02
2.993510374084263140e-02
4.999400402603106780e-02
6.429279301096059440e-02
3.762950378121388689e-02
2.330781647883455043e-02
2.502446304149798587e-02
4.435286777917263334e-02
8.582433338946283963e-02
1.442232317755239579e-01
6.062680513610695793e-02
7.449931341374341209e-02
1.300011865123760213e-01
1.497222831843294799e-01
6.725287284565995005e-02
4.297464420785394174e-02
4.541491996477452220e-02
6.846434223821704079e-02
1.112864397980269371e-01
1.649956040315005701e-01
1.241644101329092698e-01
1.586587736082316347e-01
2.514564892431322973e-01
2.347913850096901289e-01
1.219432270198179125e-01
8.703603251941813279e-02
8.866141630936658080e-02
1.135859460818159222e-01
1.544040385252134773e-01
1.997691442259729999e-01
2.073613542435854551e-01
2.600127669062194391e-01
3.636114007513990831e-01
3.010419644804540051e-01
1.909342060725356116e-01
1.503952123766691407e-01
1.486422479824038023e-01
1.695831196708222910e-01
2.022613304970792836e-01
2.350146086228043774e-01
