0.952
0.952
0.952
0.952
0.952
0.952
0.952
0.952
0.952
0.952
0.952
0.952
0.952
0.952
0.952
0.952
0.952
0.952
0.952
0.952
0.976
0.976
0.976
0.976
0.976
0.976
0.976
0.976
0.976
0.976
0.972
0.972
0.972
0.972
0.972
0.972
0.972
0.972
0.972
0.972
0.972
0.972
0.972
0.972
0.972
0.972
0.972
0.972
0.972
0.972
0.976
0.976
0.976
0.976
0.976
0.976
0.976
0.976
0.976
0.976
0.98
0.98
0.98
0.98
0.98
0.98
0.98
0.98
0.98
0.98
0.98
0.98
0.98
0.98
0.98
0.98
0.98
0.98
0.98
0.98
0.978
0.978
0.978
0.978
0.978
0.978
0.978
0.978
0.978
0.978
0.982
0.982
0.982
0.982
0.982
0.982
0.982
0.982
0.982
0.982
0.99
0.99
0.99
0.99
0.99
0.99
0.99
0.99
0.99
0.99
0.99
0.99
0.99
0.99
0.99
0.99
0.99
0.99
0.99
0.99
0.99
0.99
0.99
0.99
0.99
0.99
0.99
0.99
0.99
0.99
0.99
0.99
0.99
0.99
0.99
0.99
0.99
0.99
0.99
0.99
0.99
0.99
0.99
0.99
0.99
0.99
0.99
0.99
0.99
0.99
0.99
0.99
0.99
0.99
0.99
0.99
0.99
0.99
0.99
0.99
0.99
0.99
0.99
0.99
0.99
0.99
0.99
0.99
0.99
0.99
0.99
0.99
0.99
0.99
0.99
0.99
0.99
0.99
0.99
0.99
0.994
0.994
0.994
0.994
0.994
0.994
0.994
0.994
0.994
0.994
0.992
0.992
0.992
0.992
0.992
0.992
0.992
0.992
0.992
0.992
0.992
0.992
0.992
0.992
0.992
0.992
0.992
0.992
0.992
0.992
0.994
0.994
0.994
0.994
0.994
0.994
0.994
0.994
0.994
0.994
0.992
0.992
0.992
0.992
0.992
0.992
0.992
0.992
0.992
0.992
0.994
0.994
0.994
0.994
0.994
0.994
0.994
0.994
0.994
0.994
0.994
0.994
0.994
0.994
0.994
0.994
0.994
0.994
0.994
0.994
0.992
0.992
0.992
0.992
0.992
0.992
0.992
0.992
0.992
0.992
0.994
0.994
0.994
0.994
0.994
0.994
0.994
0.994
0.994
0.994
0.994
0.994
0.994
0.994
0.994
0.994
0.994
0.994
0.994
0.994
0.994
0.994
0.994
0.994
0.994
0.994
0.994
0.994
0.994
0.994
0.994
0.994
0.994
0.994
0.994
0.994
0.994
0.994
0.994
0.994
0.994
0.994
0.994
0.994
0.994
0.994
0.994
0.994
0.994
0.994
0.994
0.994
0.994
0.994
0.994
0.994
0.994
0.994
0.994
0.994
0.994
0.994
0.994
0.994
0.994
0.994
0.994
0.994
0.994
0.994
0.994
0.994
0.994
0.994
0.994
0.994
0.994
0.994
0.994
0.994
0.994
0.994
0.994
0.994
0.994
0.994
0.994
0.994
0.994
0.994
0.994
0.994
0.994
0.994
0.994
0.994
0.994
0.994
0.994
0.994
0.994
0.994
0.994
0.994
0.994
0.994
0.994
0.994
0.994
0.994
0.994
0.994
0.994
0.994
0.994
0.994
0.994
0.994
0.994
0.994
0.994
0.994
0.994
0.994
0.994
0.994
0.994
0.994
0.994
0.994
0.994
0.994
0.994
0.994
0.994
0.994
0.994
0.994
0.994
0.994
0.994
0.994
0.994
0.994
0.994
0.994
0.994
0.994
0.994
0.994
0.994
0.994
0.994
0.994
0.994
0.994
0.994
0.994
0.994
0.994
0.994
0.994
0.994
0.994
0.994
0.994
0.994
0.994
0.994
0.994
0.994
0.994
0.994
0.994
0.994
0.994
0.994
0.994
0.994
0.994
0.994
0.994
0.994
0.994
0.994
0.994
0.994
0.994
0.994
0.994
