5.322081781540567391e+01
5.317519606706097335e+01
5.321483401229137655e+01
5.338652184720952221e+01
5.369722443097359132e+01
5.408649645319352572e+01
4.579153074618294994e+01
4.601777372659308440e+01
4.574528696501552361e+01
4.511996715623164533e+01
5.315711362674512230e+01
5.313656685951161052e+01
5.321304803024967356e+01
5.341946245776027524e+01
5.375397661884971967e+01
4.535985596219465776e+01
4.602040420601567661e+01
4.624057488898441903e+01
4.597053180553098883e+01
4.534645533841947440e+01
5.316451580201802329e+01
5.320296353373599629e+01
5.333890436562935378e+01
5.357558696147923882e+01
5.389718002891310533e+01
4.530072888055607194e+01
4.586361201172421431e+01
4.605485342561348716e+01
4.582848657059153652e+01
4.529088039204557248e+01
5.328012651199683347e+01
5.341526997043514768e+01
5.364096813905926098e+01
5.392065846786695715e+01
4.459189925320655590e+01
4.516755598577174169e+01
4.559617516946320848e+01
4.574302316526663503e+01
4.556908574798245581e+01
4.514390038184452436e+01
5.349938043662450582e+01
5.375076261966914615e+01
5.408459565168638505e+01
5.442681623905682642e+01
4.474163111109362490e+01
4.517094128020247723e+01
4.547918273546216739e+01
4.557764983842720596e+01
4.543536827105501175e+01
4.509140043805909670e+01
5.377629138668212505e+01
5.413061247459399539e+01
5.456289004108327845e+01
5.497685857674785836e+01
4.502519011352766398e+01
4.536972438969812060e+01
4.559942623065810352e+01
4.565594283860653491e+01
4.551513779952144034e+01
4.519842872250696786e+01
5.405225029689065508e+01
5.446984488485931308e+01
5.496520336791277117e+01
4.497261260562852669e+01
4.535699821863325099e+01
4.567121399719975017e+01
4.586331462644370305e+01
4.588951913763913382e+01
4.573015130059622635e+01
4.540020151897323331e+01
5.428358774168797396e+01
5.471953582831542917e+01
5.523399492860265525e+01
4.521740977712205733e+01
4.561198195553586032e+01
4.592247800378424216e+01
4.610086899146234884e+01
4.610815899763755255e+01
4.592709085327304308e+01
4.557223434460217248e+01
5.444540258161002555e+01
5.486641635820830487e+01
5.536307187574130495e+01
4.529541467720859060e+01
4.569137730210373860e+01
4.599845103514939382e+01
4.616913461558579712e+01
4.616580655816603240e+01
4.597271778702051392e+01
4.560561550587549107e+01
5.452148382946525373e+01
5.490819920253546371e+01
4.476451107910862248e+01
4.517944052513865216e+01
4.555426000180668922e+01
4.584345541428125870e+01
4.600140441637019251e+01
4.599245179786414184e+01
4.580248780634712347e+01
4.544778600799592994e+01
