4.556615318767396275e+03
4.556300380160717395e+03
4.556290235061891508e+03
4.556633495531681547e+03
4.557285567016027926e+03
4.558138331734693566e+03
4.575428204729856589e+03
4.576328579334645838e+03
4.577060891570479725e+03
4.577526098017492586e+03
4.556080355202658211e+03
4.555834797109256215e+03
4.556000416635436522e+03
4.556573167646948605e+03
4.557428747838525851e+03
4.574732781331804290e+03
4.575727704286367953e+03
4.576650456286777626e+03
4.577412172634816670e+03
4.577910502812794221e+03
4.555650161779837617e+03
4.555556108227548975e+03
4.555981165744516147e+03
4.556840582726723369e+03
4.557905362123919076e+03
4.575289333464734227e+03
4.576237075216498852e+03
4.577076224264157645e+03
4.577780338924080752e+03
4.578256482169706942e+03
4.555329667264247291e+03
4.555420994470086953e+03
4.556119791353129585e+03
4.557257846085938581e+03
4.574865483353190029e+03
4.575953476988094735e+03
4.576814025729981950e+03
4.577525025270175320e+03
4.578126199564074341e+03
4.578541847358019368e+03
4.555086897601961027e+03
4.555326370890796170e+03
4.556220771415894887e+03
4.557547807091752475e+03
4.575306585248827105e+03
4.576426753491525233e+03
4.577240425229019820e+03
4.577868476837393246e+03
4.578388644833898979e+03
4.578741032776638349e+03
4.554905267997027295e+03
4.555213081389947547e+03
4.556172697150093882e+03
4.557554202181596338e+03
4.575372554314384615e+03
4.576537742094217720e+03
4.577386506350756463e+03
4.578025351098862302e+03
4.578525522641180942e+03
4.578835607369437639e+03
4.554816584955568032e+03
4.555127173558494178e+03
4.556043591761316748e+03
4.573762434984616448e+03
4.575163316639412187e+03
4.576371489530904000e+03
4.577307335178249559e+03
4.578019948056365138e+03
4.578540958415870591e+03
4.578822485904591304e+03
4.554878676002756038e+03
4.555174205652660930e+03
4.556005790701092337e+03
4.573624625935784934e+03
4.574948896539043744e+03
4.576165237582235022e+03
4.577167039346432830e+03
4.577937970432641123e+03
4.578465286177006419e+03
4.578706959699821709e+03
4.555125124355623484e+03
4.555421833799637170e+03
4.556179060413654952e+03
4.573709158975586433e+03
4.574927331556597892e+03
4.576091620526228326e+03
4.577080777158618730e+03
4.577834653059983793e+03
4.578314529988042523e+03
4.578491098565677930e+03
4.555539459540395001e+03
4.555851354570155308e+03
4.573043678924231244e+03
4.574012016961642985e+03
4.575101492866537228e+03
4.576150708353518894e+03
4.577040383563142314e+03
4.577696962674011957e+03
4.578079339316600453e+03
4.578175823950354243e+03
