3.482488887578114856e+01
3.501869058080124120e+01
3.579520695044418943e+01
3.718173057274736237e+01
3.903673329508195877e+01
4.102214461077990393e+01
5.937511937447962396e+01
6.092694879523612883e+01
6.140341932346199627e+01
6.101007157963929473e+01
3.373665051438716489e+01
3.407877523219170257e+01
3.512712961880048113e+01
3.689645634896412929e+01
3.918931023149820447e+01
5.733421397829842192e+01
6.024071461672498629e+01
6.202046959218107247e+01
6.253751161138283265e+01
6.204116740707288358e+01
3.280097363872144456e+01
3.327809577884678305e+01
3.453266603311221417e+01
3.655835396969281703e+01
3.911505180616944699e+01
5.718337357285012246e+01
6.033640552241382693e+01
6.228577734014731959e+01
6.290687615181398229e+01
6.246085767159514290e+01
3.209618749342136823e+01
3.268224524387887442e+01
3.405879493058682073e+01
3.619204102149458180e+01
5.260080364740493053e+01
5.648260694527136394e+01
5.969823963691970903e+01
6.174919006891498441e+01
6.252330029263350752e+01
6.226134898429655351e+01
3.171635048649864785e+01
3.238397180096208672e+01
3.380412267156541617e+01
3.591476467990854360e+01
5.184730921580312213e+01
5.555594256991275870e+01
5.866816412219382926e+01
6.073831663521744417e+01
6.166430089437229611e+01
6.164419773882479348e+01
3.178266318334575757e+01
3.249811858460081027e+01
3.388528440776268980e+01
3.586611159270886162e+01
5.141952527013752672e+01
5.478706502149533719e+01
5.766026278045959685e+01
5.965439163165565617e+01
6.067378994197478193e+01
6.086629200893085567e+01
3.236870262254235797e+01
3.308248012559762685e+01
3.435215437007985884e+01
4.868101835089289864e+01
5.148606819774379773e+01
5.440244533018674389e+01
5.693730255432491560e+01
5.876216587798064239e+01
5.978473915132556726e+01
6.010749439681340078e+01
3.338580503970181468e+01
3.404077704922504211e+01
3.511769368641434852e+01
4.971229267891184378e+01
5.199210597069960471e+01
5.440530016945997005e+01
5.654528546913803666e+01
5.813100430805704377e+01
5.907279988469799292e+01
5.943863674975241906e+01
3.457901157632970524e+01
3.513325065774069600e+01
3.598494188460085041e+01
5.097281734182122648e+01
5.274492971222640136e+01
5.466327704487760286e+01
5.639828411842654532e+01
5.771168204564309434e+01
5.851961243398995549e+01
5.886703831195213610e+01
3.567619980462480811e+01
3.611679537911039262e+01
5.119620196298245673e+01
5.220743118574877428e+01
5.355190725453407907e+01
5.503377513733503434e+01
5.639316437576868424e+01
5.743597284048997409e+01
5.809050289450212290e+01
5.838842666827955696e+01
