5.710170010046523714e+01
5.679779946385325218e+01
6.360932579585221447e+01
8.219617996332428334e+01
1.081742950901488314e+02
1.344780902351334362e+02
2.747242045883544961e+02
3.046273805023340060e+02
3.240446069759773877e+02
3.354883682254879886e+02
5.322102432745619183e+01
5.133591002623482069e+01
5.626294466344450740e+01
7.500579843291077964e+01
1.024197367197428008e+02
2.280193115542537612e+02
2.712483145217421452e+02
3.025701419579866638e+02
3.229208057644023029e+02
3.348994490017719841e+02
4.891262729689837840e+01
4.772503251932226220e+01
5.535527831023939171e+01
7.600911999742538683e+01
1.037167810617251149e+02
2.324159757856950534e+02
2.740777091478615830e+02
3.042639189676030469e+02
3.238851280763957448e+02
3.354233244823968789e+02
5.132389822219453634e+01
5.274118150025203278e+01
6.470404775276666953e+01
8.627717050398118204e+01
2.003422134431987445e+02
2.455588149046950832e+02
2.824998306993169308e+02
3.092460242080923649e+02
3.266371667161491814e+02
3.368620387303561188e+02
6.945775243667199561e+01
7.241607162933455299e+01
8.491183493584196640e+01
1.041419066647277702e+02
2.274731270475751899e+02
2.644739118036343939e+02
2.945797986706613756e+02
3.163564183959615548e+02
3.305217759126563806e+02
3.388597104084519742e+02
9.739020734171340621e+01
1.001921346581469976e+02
1.103559067573690555e+02
1.253016849613155443e+02
2.575428962667152177e+02
2.853335368208186082e+02
3.078858584209389164e+02
3.241857251911711160e+02
3.347951514767881918e+02
3.410592609821745782e+02
1.258776278908863162e+02
1.278765863371448432e+02
1.350250802831148178e+02
2.648451117224495874e+02
2.855390831143746482e+02
3.047228385801488457e+02
3.202771020341961048e+02
3.315171211212656317e+02
3.388422003027451410e+02
3.431910905644429590e+02
1.497639792351988319e+02
1.508895321420251037e+02
1.553438206759875584e+02
2.951271966135081470e+02
3.082791000332409226e+02
3.204917609865240706e+02
3.304086269869431476e+02
3.375841408117082665e+02
3.422724183373853748e+02
3.450791230484150560e+02
1.673322620315408926e+02
1.677587720762092260e+02
1.702043087539263695e+02
3.169856307479429347e+02
3.247176742642990916e+02
3.319383997777806030e+02
3.378302225019124307e+02
3.421099845606503322e+02
3.449196176655580643e+02
3.466202709822056249e+02
1.790242181057258222e+02
1.790110003977747226e+02
3.273642309786233682e+02
3.311805167062364035e+02
3.354416306994601769e+02
3.394618641675660342e+02
3.427716867773980880e+02
3.451934220643669278e+02
3.467949286109403602e+02
3.477764823587955902e+02
