3.232845947525409542e+02
3.116434249423946312e+02
2.920863584075581798e+02
2.622594676474795392e+02
2.212995184283587378e+02
1.712696964437857616e+02
6.186230114104676403e+01
6.355859234078537412e+01
6.625631786758917485e+01
6.891091951960153494e+01
3.226444492741803174e+02
3.104702406252478681e+02
2.900388386210244107e+02
2.588972345473549126e+02
2.161484335768630274e+02
5.893293067240356464e+01
5.878670247738835997e+01
6.096214860881372744e+01
6.432948783138621707e+01
6.757462766798454368e+01
3.230054210754075825e+02
3.112821730502425908e+02
2.916440201994666381e+02
2.617388672233453235e+02
2.207024338054117720e+02
5.653979172871083136e+01
5.633825601755309975e+01
5.868701561787031551e+01
6.241935344956677056e+01
6.615887090795193615e+01
3.242746454944028756e+02
3.138723618312143913e+02
2.964963879902979897e+02
2.700706136349905364e+02
5.774245593992281300e+01
5.514538260702020267e+01
5.490870429091905436e+01
5.716203256837710001e+01
6.094423661131580872e+01
6.503605739280692433e+01
3.261686723159018584e+02
3.176543738880509409e+02
3.034911383177624771e+02
2.819934112856689126e+02
5.760101656613188936e+01
5.544877203602295168e+01
5.528497173368721462e+01
5.726456256461708705e+01
6.080613148429689829e+01
6.501369560719345486e+01
3.283123994058336734e+02
3.218735358705084764e+02
3.112287419640934445e+02
2.951223931515260119e+02
5.937503903503397851e+01
5.791692516821583325e+01
5.789628027386327602e+01
5.948740049125997587e+01
6.254115552517373544e+01
6.655144632182228293e+01
3.303590590408150547e+02
3.258490616628256475e+02
3.184630658283232378e+02
6.452571033620762364e+01
6.283438148557541325e+01
6.206727623930048310e+01
6.215907004496594368e+01
6.331716089021448113e+01
6.575695790377834271e+01
6.931935884797887581e+01
3.320776023640768244e+02
3.291402991376807563e+02
3.243993488929247633e+02
6.788050427158459854e+01
6.691799583957225650e+01
6.664024426870922468e+01
6.678237596519153385e+01
6.758174067686519493e+01
6.947508006218868104e+01
7.252930661060000261e+01
3.333777631449703449e+02
3.315872405666174245e+02
3.287607921481235849e+02
7.112167274820578200e+01
7.052356524264689597e+01
7.047372652020446537e+01
7.064909267708976870e+01
7.128321492489017430e+01
7.286378978529205597e+01
7.553107682447848958e+01
3.342810629388106918e+02
3.332481584822410809e+02
7.537944815021383249e+01
7.381512992339723667e+01
7.322521066266756407e+01
7.318596276323533800e+01
7.342038084908338647e+01
7.411129271666671059e+01
7.564428720201135548e+01
7.809870031406147461e+01
