8.067576774869961298e+01
7.946137952297392815e+01
7.779778307355071831e+01
7.576011072759472142e+01
7.355862424976741920e+01
7.147487535839033512e+01
8.743974341183111676e+01
8.809311746302803670e+01
8.902679064665858277e+01
9.031407192460061140e+01
8.017891102921342394e+01
7.871566101231069013e+01
7.668777594379203322e+01
7.413534176851675284e+01
7.125922332038996387e+01
8.374630650643800323e+01
8.419484551986849397e+01
8.516031025847810554e+01
8.652059447516185742e+01
8.829729339273335142e+01
7.954844557717248676e+01
7.779469338718760696e+01
7.534017851437610602e+01
7.216729488213084664e+01
6.844491664074244852e+01
7.874122587687556063e+01
7.952106513482107175e+01
8.111633699565723532e+01
8.330496067225656986e+01
8.594197949609286979e+01
7.877250002015979646e+01
7.669735732265893091e+01
7.378294608117163023e+01
6.994475861415065765e+01
7.240139490765213282e+01
7.217234823220023543e+01
7.354346153657510854e+01
7.619183804381103187e+01
7.965891418449076866e+01
8.349830845470758334e+01
7.790049402572888937e+01
7.551402010876851989e+01
7.217385161714953767e+01
6.773311631780663333e+01
6.493893017629561371e+01
6.481423209851109846e+01
6.698640794311978652e+01
7.102308361278041104e+01
7.608353963315876456e+01
8.130802108012635188e+01
7.705088245240359868e+01
7.442893975658226680e+01
7.079067595158488757e+01
6.593802913079305483e+01
5.831865545974041964e+01
5.820862816225970704e+01
6.108401637780949045e+01
6.647072328426800425e+01
7.308998340128839288e+01
7.962425556990275766e+01
7.637535041976879313e+01
7.365569515229476849e+01
6.992874881709614954e+01
5.718416566629398545e+01
5.442999786412131158e+01
5.410571170174090128e+01
5.715970529753380447e+01
6.333341935019954860e+01
7.104074688675187588e+01
7.854461622335045945e+01
7.599657916919639433e+01
7.333707064359879269e+01
6.975292330926146178e+01
5.640358978073286522e+01
5.388376479970182231e+01
5.323791783807219247e+01
5.588618497715057742e+01
6.204942769800017288e+01
7.012902995421241314e+01
7.810528927399336396e+01
7.596778523488960388e+01
7.349290752695094397e+01
7.023152132637841305e+01
5.752132685566041204e+01
5.548133460679426321e+01
5.476644961034313042e+01
5.694398460910174009e+01
6.263415588002533241e+01
7.048073588227919117e+01
7.842875308298285120e+01
7.628229603232054501e+01
7.406086104183154362e+01
6.164394904042275414e+01
5.932258095019423649e+01
5.783653934103082861e+01
5.751521069621566795e+01
5.967056302162907144e+01
6.493463599020800814e+01
7.223313062040060117e+01
7.973930729214056612e+01
