1.994478432130406190e+03
1.932748757827713462e+03
1.910088660610650550e+03
1.931939996543699635e+03
1.992963048459744869e+03
2.079155172550294537e+03
5.319465106747689020e+01
6.146696725627586488e+01
7.614539151883978718e+01
9.448686133717626490e+01
1.726960161436472163e+03
1.629114290575501855e+03
1.593307805683322158e+03
1.628175215831253809e+03
1.725234993630435156e+03
4.689745799705229246e+01
5.005354121791317823e+01
5.791272733271858186e+01
7.279417858258874219e+01
9.183866076814322810e+01
1.394736026657440107e+03
1.252033832285418384e+03
1.199826048103071798e+03
1.250762691587866357e+03
1.392526947517416147e+03
4.436459362577750909e+01
4.898841007364808320e+01
5.865985955383434458e+01
7.451064843418619432e+01
9.360675357419962950e+01
1.034281619189100866e+03
8.430392541815380127e+02
7.729248672115611498e+02
8.410370860625208707e+02
4.512445956128301106e+01
4.620745520959620478e+01
5.289780797628727527e+01
6.493486654067724828e+01
8.138316215926357700e+01
9.950684850724643127e+01
7.047582052131043611e+02
4.702541571035774837e+02
3.840454145730266191e+02
4.666389178443985770e+02
5.772207041889080159e+01
5.807322062204812596e+01
6.514743382980742581e+01
7.735996381560832447e+01
9.261608639528681408e+01
1.084481591403878866e+02
4.736557825843156024e+02
2.158931018940299964e+02
1.279904644734183847e+02
2.086423686300859970e+02
7.718072505815375450e+01
7.727322799006596199e+01
8.323268741337194854e+01
9.355273034964650947e+01
1.060854986617193987e+02
1.187096662803594995e+02
3.921545114160849153e+02
1.401645697635794363e+02
9.229104563365812908e+01
1.015471493534385417e+02
9.743730237965795027e+01
9.758767029632721801e+01
1.021144931519583707e+02
1.099131496364472014e+02
1.192669995029402372e+02
1.285281089573035445e+02
4.759827156711870089e+02
2.227698558886962417e+02
1.418784977840413148e+02
1.171872080101687601e+02
1.146644566975302695e+02
1.149907055423423117e+02
1.182946853185936931e+02
1.238192257713096041e+02
1.303363811846581086e+02
1.366798689770508304e+02
7.077133129108209459e+02
4.762231340427823625e+02
3.929816669031947072e+02
1.287505356981224907e+02
1.274599494124639847e+02
1.279860912107167650e+02
1.304078959248376464e+02
1.342093436660542238e+02
1.385608915902570288e+02
1.426946960369995736e+02
1.037031423689308895e+03
8.475495245083568534e+02
1.377476148075365643e+02
1.365034670404511417e+02
1.360694726402386152e+02
1.367692370693029034e+02
1.386118049836755119e+02
1.412344476595943092e+02
1.440939261855536984e+02
1.467135497030835722e+02
