8.392661235787788598e+01
8.298613767304769340e+01
8.196353345521900735e+01
8.090348042664996342e+01
7.990441176940122148e+01
7.912133838059946811e+01
6.256542760468019537e+01
6.260900726433200703e+01
6.286046363835281880e+01
6.328310071293180528e+01
8.315090142187268896e+01
8.197004043189112110e+01
8.065410962682160800e+01
7.928575920894310514e+01
7.802926452670918422e+01
6.177699410923565182e+01
6.153225513938940594e+01
6.152971463790360929e+01
6.177039288688504115e+01
6.222924822529498812e+01
8.256728393171172797e+01
8.117522882222276337e+01
7.958502541123233698e+01
7.793664291630283003e+01
7.648208414757186802e+01
6.092456718851595809e+01
6.062801955170503021e+01
6.058661152646015324e+01
6.079278112900938424e+01
6.124517275505674263e+01
8.223832320653943384e+01
8.069585835341544566e+01
7.889200566865748954e+01
7.702461013808090229e+01
6.081250983481592698e+01
6.022352875590233623e+01
5.989190091463986221e+01
5.981568176620105959e+01
5.997833649198228301e+01
6.040775523638266975e+01
8.216721914740303134e+01
8.056527969275060741e+01
7.865574168590603676e+01
7.666562225326713076e+01
6.039084126811250997e+01
5.972943939408258274e+01
5.934396270640490911e+01
5.921973031075366123e+01
5.934453465417807649e+01
5.977019316298486018e+01
8.232986023413413079e+01
8.077782225071145206e+01
7.890629290250446104e+01
7.692531749987739431e+01
6.028256569306611823e+01
5.953582913072605720e+01
5.906302838656365850e+01
5.887042476215229669e+01
5.896980566451185268e+01
5.942303275129403062e+01
8.270712843220731258e+01
8.131050306399784233e+01
7.962315364102647663e+01
7.780077311649507976e+01
6.055773285940358619e+01
5.974767129953359301e+01
5.918578867679624977e+01
5.892311972432103317e+01
5.900639556134676411e+01
5.949306035472888965e+01
8.327976578250466844e+01
8.211539471809194879e+01
8.072001237365174120e+01
6.209676600053753504e+01
6.120102031572925938e+01
6.039700629601816928e+01
5.979694957223566121e+01
5.949344157132333066e+01
5.956190706603565133e+01
6.004774956069229574e+01
8.399928419367019217e+01
8.309970806702219193e+01
8.204002486741222810e+01
6.285135712018269061e+01
6.209820807840915080e+01
6.138510287312634262e+01
6.082389400237761379e+01
6.052503942874115239e+01
6.057491179735683318e+01
6.100716017927538815e+01
8.477914266954338984e+01
8.413310992192882054e+01
6.417061573990386592e+01
6.365466796397422655e+01
6.308241640566161124e+01
6.251771513460606400e+01
6.205536067367259534e+01
6.179852344859808255e+01
6.182747174735096962e+01
6.216793225874425133e+01
