7.784110705214371251e+01
7.723307361647358960e+01
7.670372149548222751e+01
7.628516702026267637e+01
7.598691341234633967e+01
7.582215619606390078e+01
1.225876221960025418e+02
8.355212723868898195e+01
6.293936988922956033e+01
5.865942869715647134e+01
7.703550376653871012e+01
7.628012801382308794e+01
7.559884902039009091e+01
7.504499369094499173e+01
7.465125648498765543e+01
1.626671925499972247e+02
1.144948617282158949e+02
7.516332079975607883e+01
5.764832589643422978e+01
5.583142269428476823e+01
7.640910441489792504e+01
7.554428352283973425e+01
7.474923068769700762e+01
7.407683056811713129e+01
7.356930451610173805e+01
1.681978373095649602e+02
1.215555203165786082e+02
8.199307516816919872e+01
6.090581332751879984e+01
5.664374782519189466e+01
7.615685688151576471e+01
7.523980821016778009e+01
7.435992606781884717e+01
7.355672728700689333e+01
2.220978293810898663e+02
1.841749292449104587e+02
1.425986614282760740e+02
1.053890697620318520e+02
8.117319731667224403e+01
7.358784860204255551e+01
7.643946284206995756e+01
7.553141679768957317e+01
7.458041069515036270e+01
7.361345766716407013e+01
2.372614776115970869e+02
2.068339637984325634e+02
1.731446346009999218e+02
1.421380378265483841e+02
1.205205167208947330e+02
1.130531733567427182e+02
7.721280083067981082e+01
7.635749792162937410e+01
7.535057529165621304e+01
7.421264727137823058e+01
2.535594810062597446e+02
2.313029571406388527e+02
2.065498731973275142e+02
1.835375679159780873e+02
1.672136635366307473e+02
1.614852812067086347e+02
7.822699405735913558e+01
7.743680130734259137e+01
7.640842706030480258e+01
7.515749026138678346e+01
2.682154926558799843e+02
2.533624961009367098e+02
2.368314869256470843e+02
2.214265533094963985e+02
2.104645131798993702e+02
2.066292574178021368e+02
7.921717740545774689e+01
7.847983088462515866e+01
7.748148256721454175e+01
2.867417338978373778e+02
2.796549780699719463e+02
2.705921956666252299e+02
2.605251075225351656e+02
2.511554786843275906e+02
2.445008495658859147e+02
2.422018359381114010e+02
8.008070136385788373e+01
7.938233248103435358e+01
7.846433272331009334e+01
2.915549953508328827e+02
2.875633201864300190e+02
2.824880676099406287e+02
2.768754501666865053e+02
2.716723953419723330e+02
2.679975510797340235e+02
2.667587457676292502e+02
8.087118836146390777e+01
8.021669331308487472e+01
7.941317759312708802e+01
2.945642388540954357e+02
2.924785410117771676e+02
2.898512978265560491e+02
2.869678306187298062e+02
2.843141861377832242e+02
2.824593575419220315e+02
2.818615800937068911e+02
