2.235155970800581429e+02
2.103792770171100415e+02
2.028780457843182035e+02
1.998148695990964825e+02
2.004040977499230110e+02
2.061345567154694152e+02
1.545452929874228403e+02
1.593037981220351753e+02
1.647778985026079965e+02
1.698259447458460158e+02
2.150448663036097798e+02
2.022893597212824091e+02
1.958023671864226571e+02
1.927050716100843033e+02
1.913937591182526319e+02
1.466043825326466106e+02
1.489078181099206688e+02
1.536858372256359075e+02
1.598446854805521014e+02
1.659149312711383288e+02
2.112202222282719219e+02
1.980404081249124602e+02
1.911444357993270273e+02
1.869888384759786391e+02
1.836899792550294421e+02
1.404610490885820582e+02
1.418933865209299370e+02
1.465689773741350734e+02
1.533532761299425999e+02
1.605066845795274446e+02
2.119497497866928484e+02
1.966347565227449365e+02
1.868493386211109168e+02
1.799849838617819842e+02
1.347986022719101697e+02
1.320254127505354518e+02
1.326102930903517461e+02
1.372123517208408998e+02
1.446559440205554665e+02
1.530211163430294334e+02
2.175946531693386419e+02
1.994352488891363464e+02
1.852051616905780520e+02
1.743396103830532979e+02
1.260349170630775006e+02
1.215467329936412852e+02
1.212260321555185953e+02
1.257068767098831188e+02
1.337384978300729870e+02
1.433377049670114332e+02
2.280474233861284290e+02
2.082712118457693578e+02
1.903790320679069339e+02
1.757467657111562005e+02
1.174310953481509898e+02
1.110292592196239241e+02
1.096918064083766495e+02
1.137949344690548372e+02
1.219674216335742614e+02
1.323870326268922781e+02
2.415900264789929963e+02
2.223267807100059770e+02
2.031470925980231925e+02
1.865098346662520612e+02
1.114845732727252283e+02
1.035685348700102537e+02
1.014385359664068602e+02
1.048174237326715996e+02
1.121765043213123079e+02
1.222977311042992739e+02
2.554712291595003251e+02
2.382587168336939669e+02
2.198779020682133591e+02
1.226597384873448533e+02
1.096630700468539317e+02
1.013203102752159026e+02
9.907226148934233834e+01
1.015571239240687476e+02
1.070602032384996392e+02
1.154232253600891767e+02
2.674534526616217818e+02
2.528126558819238028e+02
2.362396978955702878e+02
1.246764873989045981e+02
1.115543898527767226e+02
1.036070493112730304e+02
1.016222989844599169e+02
1.032530984006765920e+02
1.066412446531857796e+02
1.126226480586928460e+02
2.766486135351977396e+02
2.644793285077591918e+02
2.499666858643704472e+02
1.285734597411840241e+02
1.157913537857327242e+02
1.080417335449694320e+02
1.058225017414072511e+02
1.065820941500784045e+02
1.085472313110392975e+02
1.129864289674291200e+02
