2.720001960014715792e+02
2.713265539025905468e+02
2.706767060049597262e+02
2.701754282086740204e+02
2.698365905815240922e+02
2.695928315559445991e+02
2.812255043539361168e+02
2.811015447044472353e+02
2.810332584186743361e+02
2.809987313587467384e+02
2.722710496860435683e+02
2.716015727237547708e+02
2.709303195054080788e+02
2.703904605298721435e+02
2.700164933971369692e+02
2.816745062294588138e+02
2.814932407700231352e+02
2.813797747546319101e+02
2.813155924128489005e+02
2.812708119880987283e+02
2.727087123153127663e+02
2.720725564207030516e+02
2.713842615734987476e+02
2.707844508943782103e+02
2.703454930945011938e+02
2.819831365320640089e+02
2.818122140767029009e+02
2.817113867286883533e+02
2.816511051673182351e+02
2.815926566009032399e+02
2.733391980943879958e+02
2.727787460085779685e+02
2.721057695981367033e+02
2.714640075356248303e+02
2.826172537607196205e+02
2.823653265205492175e+02
2.821941865123931166e+02
2.820943161798207370e+02
2.820259958980839201e+02
2.819427255503827610e+02
2.741498115748431701e+02
2.737077860518882630e+02
2.730948883923709900e+02
2.724521080699134359e+02
2.831061119174898408e+02
2.828263349480983493e+02
2.826318601056406123e+02
2.825093345590135527e+02
2.824119396579187082e+02
2.822879340810110307e+02
2.750679166233061324e+02
2.747695906105035419e+02
2.742483652215557868e+02
2.736378279671220071e+02
2.836640708247203975e+02
2.833316535055889744e+02
2.830855980146434945e+02
2.829129495596333754e+02
2.827641820148233478e+02
2.825854763502827609e+02
2.759640055159784993e+02
2.758089391798065435e+02
2.753860596618676482e+02
2.748190467512897044e+02
2.842103909200379803e+02
2.838069079107725656e+02
2.834876957720583164e+02
2.832446517543046980e+02
2.830301895210835141e+02
2.827915191153229557e+02
2.766801768683266118e+02
2.766462615029442986e+02
2.763099469109723714e+02
2.851247906043806211e+02
2.846320701039572327e+02
2.841567035098445899e+02
2.837604903415180502e+02
2.834433791237572677e+02
2.831636804864157853e+02
2.828723821532942679e+02
2.770756917682459743e+02
2.771290338247040381e+02
2.768621698345064033e+02
2.853480827194529184e+02
2.848207000385001493e+02
2.842950725808612447e+02
2.838404886672030898e+02
2.834658389861758110e+02
2.831378996025282504e+02
2.828136547820496958e+02
2.770738750193035003e+02
2.771781822208389485e+02
2.769670487359834965e+02
2.852382870511648321e+02
2.847131709795797860e+02
2.841767058582552181e+02
2.837006065004025004e+02
2.833011511426935840e+02
2.829544339177684833e+02
2.826249091908749165e+02
