3.363814084830028719e+02
3.316803349628137880e+02
3.266501958804340120e+02
3.221975847896645178e+02
3.192867673013587932e+02
3.184879070768168390e+02
3.512836343273996818e+02
3.557314222997207480e+02
3.629502885906508709e+02
3.719300594548985259e+02
3.328147543797890080e+02
3.262186981141975366e+02
3.190043441389242957e+02
3.124462113884962378e+02
3.079034088315051463e+02
3.315982360984231150e+02
3.321439595566434377e+02
3.369489486200345709e+02
3.455434376194808124e+02
3.569624469494079904e+02
3.295243983804087975e+02
3.210318283624661717e+02
3.118119494623858827e+02
3.035296928342801834e+02
2.978470203333732798e+02
3.155406304928985719e+02
3.156614160521327790e+02
3.201687416792996714e+02
3.290296494559510165e+02
3.418901869608802713e+02
3.272099708841485608e+02
3.171029447243181494e+02
3.063516886472137912e+02
2.970055040545319684e+02
3.095923320044954608e+02
3.050881726383531714e+02
3.050192011013371598e+02
3.085038139548521485e+02
3.162451334624796004e+02
3.290900856151627636e+02
3.265733860157349682e+02
3.153671146083419785e+02
3.036431680948969074e+02
2.937460928501023432e+02
3.045502844135719442e+02
3.005918018719971201e+02
3.003299047455814161e+02
3.024290058881172740e+02
3.083268211317811733e+02
3.201717755093837923e+02
3.279579628890822960e+02
3.162970568590521907e+02
3.040770932203232064e+02
2.937383914657568766e+02
3.041891657954818129e+02
3.000242558121015577e+02
2.991695609013556236e+02
3.001339441831626687e+02
3.047157231201188097e+02
3.157190528412872368e+02
3.312096363122353182e+02
3.197888119653341050e+02
3.075190802748867895e+02
2.966804729496157620e+02
3.076087129754083662e+02
3.020094813188080707e+02
3.000416837405653041e+02
3.005106926277264279e+02
3.050410534544468533e+02
3.160506629121803144e+02
3.357822813924541947e+02
3.252933793021968540e+02
3.135525278734928634e+02
3.279075103510161853e+02
3.152493806382270805e+02
3.076840801516830766e+02
3.044363651780292912e+02
3.049454677547012125e+02
3.102622794523050516e+02
3.216527929860810104e+02
3.409372405967893087e+02
3.319753727122250666e+02
3.214724376328718449e+02
3.407912100585191979e+02
3.277635280056044280e+02
3.189511426083244601e+02
3.148237352957031021e+02
3.154685969660891374e+02
3.213009712391483390e+02
3.323879866533900440e+02
3.459341531736297384e+02
3.388616083234219900e+02
3.302057417035404114e+02
3.559660960516789032e+02
3.441136369359931564e+02
3.354573461153523226e+02
3.311513148325706197e+02
3.316784331861526880e+02
3.370505097176629761e+02
3.466420157652786997e+02
