4.546480958527171765e+02
4.515563126926768973e+02
4.476395060956950829e+02
4.431920956649902905e+02
4.387052743343016346e+02
4.347957829511392447e+02
3.900572037460484012e+02
3.877569438023433008e+02
3.873415232619291260e+02
3.889138279942316103e+02
4.502626913166847658e+02
4.452807589430728399e+02
4.392119843395349221e+02
4.325274644912147437e+02
4.259697900288215919e+02
3.836971788461268034e+02
3.786324231064864421e+02
3.756321142066717584e+02
3.752502065298206730e+02
3.775952754785764682e+02
4.441394037017416281e+02
4.367676821490311454e+02
4.280575996262022045e+02
4.186687104976396085e+02
4.096285037481404743e+02
3.712605063894308728e+02
3.648517223916894636e+02
3.613230548123250969e+02
3.612182613494570091e+02
3.645345742101493443e+02
4.367537925633218947e+02
4.268406993295570828e+02
4.154479124310845464e+02
4.033537922851697317e+02
3.681170476171150767e+02
3.580306991953931401e+02
3.505518946188382756e+02
3.468942189232368492e+02
3.473771887687312301e+02
3.517090169301271203e+02
4.291244871240782004e+02
4.170531438616407627e+02
4.035905550173453662e+02
3.894653677717066671e+02
3.578515749233745282e+02
3.463035259298062556e+02
3.381970462558808208e+02
3.348135014525509519e+02
3.360663516388561902e+02
3.412378173504354208e+02
4.225169938066651412e+02
4.091103584640281952e+02
3.946668090991950066e+02
3.796623614298267739e+02
3.505467153015691224e+02
3.380759779852245970e+02
3.296419545705305723e+02
3.265995528664544167e+02
3.284959113320687152e+02
3.342162219839156592e+02
4.180109170959194671e+02
4.041539303309295406e+02
3.897435577823691233e+02
3.749059067008813031e+02
3.471533498409577305e+02
3.342345745202003400e+02
3.254847785189537035e+02
3.224380990681369212e+02
3.245858114785154953e+02
3.306333819687873188e+02
4.162506231930373701e+02
4.025619763761191621e+02
3.886951281871673132e+02
3.616254297246343299e+02
3.477158209675160379e+02
3.348194423265234718e+02
3.257571424235936206e+02
3.223190669692393158e+02
3.243153845466860048e+02
3.305617082395679631e+02
4.174696604965402571e+02
4.043476695084697212e+02
3.911738805336687506e+02
3.648268309073681621e+02
3.519816336085192461e+02
3.397814276302115104e+02
3.308090862894246129e+02
3.270067658322528246e+02
3.286586976838000282e+02
3.348945635914382137e+02
4.215329265108699133e+02
4.094413929211334562e+02
3.972332587004592028e+02
3.707162160928552339e+02
3.596350295491779434e+02
3.489814936382130099e+02
3.408962365165211850e+02
3.372100752567927771e+02
3.385365674906593654e+02
3.443558725590851850e+02
