5.693435723394894694e+02
5.422048069120584159e+02
5.147157836731975067e+02
4.915762276503065209e+02
4.760098070250309661e+02
4.690803350587906380e+02
2.908714291571504873e+02
5.272062943288522092e+02
9.594697332363838314e+02
1.448712676131492344e+03
5.506083680559542017e+02
5.138303979045732603e+02
4.751919305466067271e+02
4.411775290072653206e+02
4.173279095698031256e+02
2.672744323318587476e+02
3.381011212876517789e+02
6.080532848019510084e+02
1.033397051774943520e+03
1.505008622445356195e+03
5.293924878953391726e+02
4.816595392867553187e+02
4.301766502675210972e+02
3.833209167319005246e+02
3.493488411791121280e+02
5.012520487551279871e+02
5.959621033385670898e+02
8.643211698346989351e+02
1.247933612807891222e+03
1.664978179567711550e+03
5.083592206415339092e+02
4.505727050885872131e+02
3.880613695829398466e+02
3.310388036409589745e+02
1.020150122130991235e+03
9.392881712724913541e+02
1.019868442229833818e+03
1.242305550821024326e+03
1.554485131283808641e+03
1.891398154302990406e+03
4.911846302047545123e+02
4.266630370533209771e+02
3.587424902673336646e+02
2.998217660337939492e+02
1.492648071416721677e+03
1.432489751304380889e+03
1.492420200843222801e+03
1.657416138760890362e+03
1.888304603591877594e+03
2.137000286532057089e+03
4.813106680855065633e+02
4.144514451773183623e+02
3.473348592106017918e+02
2.944249798497605752e+02
1.924932500867365889e+03
1.884342055459923358e+03
1.924956061924658115e+03
2.036564615980329563e+03
2.192626278023892155e+03
2.360630955627855201e+03
4.808853437117860494e+02
4.154476608007001346e+02
3.520347155438266782e+02
3.054723996996648907e+02
2.267616196798275723e+03
2.242589257014111354e+03
2.267835320438467988e+03
2.337015127928684251e+03
2.433689880502877259e+03
2.537739517122899542e+03
4.903853610873031244e+02
4.291934764688076029e+02
3.696588467810934162e+02
2.547373430314784400e+03
2.508194008334107821e+03
2.494013145069488928e+03
2.508409958125151206e+03
2.547775876510133003e+03
2.602774510105493391e+03
2.661986037161126205e+03
5.085702429384962784e+02
4.542951177197530797e+02
3.996375698618415981e+02
2.680250909261327251e+03
2.659674686247554746e+03
2.652202971651340249e+03
2.659695127564730228e+03
2.680273802748738035e+03
2.709074799304260068e+03
2.740144596343705871e+03
5.325157208832778224e+02
4.876939459787328133e+02
4.407740899816586193e+02
2.756181527729631853e+03
2.746085956364491267e+03
2.742338475224502417e+03
2.745843216544298230e+03
2.755717383527177390e+03
2.769640056701025060e+03
2.784755932542678238e+03
