2.685863909891206731e+02
2.608414799573452569e+02
2.529345199133969402e+02
2.461250357134090052e+02
2.416904532748166616e+02
2.405285226883067082e+02
1.913754994791669048e+02
1.936095823815263088e+02
1.960336711886735941e+02
1.983694365874771108e+02
2.562127991222191099e+02
2.441979445418591297e+02
2.321405213712086777e+02
2.220352073518683653e+02
2.157695362119377194e+02
1.803302329457566202e+02
1.834217665723771802e+02
1.871930721018209738e+02
1.910941188396698465e+02
1.947240782998310067e+02
2.404193694863440953e+02
2.232277399546365189e+02
2.063754413892668822e+02
1.928350127988573774e+02
1.851041243724975800e+02
1.689129661699885787e+02
1.738534313808679599e+02
1.795469266462547751e+02
1.852574597963653105e+02
1.904812782073213668e+02
2.224997781512717836e+02
1.998055590134362092e+02
1.782513719239966292e+02
1.620880651733100990e+02
1.512986995743511898e+02
1.565187995713278042e+02
1.635949375706606759e+02
1.714081918055979941e+02
1.790847793830703552e+02
1.860548702350783969e+02
2.049042551524527198e+02
1.772346298643822706e+02
1.519364524754541321e+02
1.348880975639157782e+02
1.375637728521710130e+02
1.447474671503429136e+02
1.539526641494359467e+02
1.638344099474479663e+02
1.734218248768332273e+02
1.820935815687183776e+02
1.908426555719367457e+02
1.596388721219058198e+02
1.320567881846601779e+02
1.156614832681054850e+02
1.263607902333573065e+02
1.351404591981226702e+02
1.461404743766029810e+02
1.578337098213064849e+02
1.691141550914707068e+02
1.792651173459139784e+02
1.832979548211141037e+02
1.507024469992142315e+02
1.221619268912508574e+02
1.060604371568408055e+02
1.190527779654290299e+02
1.287077841337528241e+02
1.409770467820818567e+02
1.541199599156662998e+02
1.667712563412213171e+02
1.780391996423391276e+02
1.837528618541009280e+02
1.521380148402678856e+02
1.237821635437065737e+02
1.109138711843860392e+02
1.161777305870766810e+02
1.260410291105157512e+02
1.390498562852471593e+02
1.531882688510933406e+02
1.667410462311651997e+02
1.786118332595679021e+02
1.915712357353621087e+02
1.630240259972056549e+02
1.364272550042157945e+02
1.130777634010548809e+02
1.179599888729802899e+02
1.277104952239619422e+02
1.409411711015880542e+02
1.554117891194615027e+02
1.691454839737880604e+02
1.809251205907982012e+02
2.046211924721615958e+02
1.806336008725786542e+02
1.577193326720160087e+02
1.198204701266661374e+02
1.245994795676585056e+02
1.340988949000379478e+02
1.469158593881953436e+02
1.608023454495506712e+02
1.737787241701906567e+02
1.846694514145823689e+02
