1.216073693258935151e+02
1.197190568676934248e+02
1.185774951240120458e+02
1.184093774981133436e+02
1.190515279440165699e+02
1.200660920769859388e+02
1.434709170506407077e+02
1.467567838893965870e+02
1.493304556876984179e+02
1.511392673255069781e+02
1.209949297678419953e+02
1.191569353157556321e+02
1.179898693645524475e+02
1.177503806865057783e+02
1.183662533636218654e+02
1.376027237764370454e+02
1.418320601191639412e+02
1.457243444602787861e+02
1.488046682022399807e+02
1.509543272949253776e+02
1.211023883312029454e+02
1.193960428485016791e+02
1.181896064235854311e+02
1.177742516564753288e+02
1.182264342707491949e+02
1.363418222030294373e+02
1.409029469947698772e+02
1.452062371287889846e+02
1.486357213052742452e+02
1.510092076367011202e+02
1.218887892607228167e+02
1.203947375899089423e+02
1.192161747522320354e+02
1.186681201998170110e+02
1.322583152393874855e+02
1.361945644535657038e+02
1.408856393673942193e+02
1.453499138438850480e+02
1.489012674309422835e+02
1.513281730554110709e+02
1.233312001280444008e+02
1.221010784327263252e+02
1.210360849549405202e+02
1.204658341210452903e+02
1.332675812761326881e+02
1.371973788754503403e+02
1.418179046553973706e+02
1.461669918589365977e+02
1.495843397477463270e+02
1.518764613484659662e+02
1.254180501983631046e+02
1.244521932926512022e+02
1.235229429540983404e+02
1.229810982580562779e+02
1.354752765814873499e+02
1.392635776211374150e+02
1.435671332990854125e+02
1.475238357720430713e+02
1.505709880249341381e+02
1.525646559911326676e+02
1.279768443595727376e+02
1.272350577945723842e+02
1.263943744439225583e+02
1.258411549466433570e+02
1.387629287480965843e+02
1.421341969910514820e+02
1.458462307623614151e+02
1.491765652412720442e+02
1.516828362691836958e+02
1.532729495600445944e+02
1.305534618336715482e+02
1.299895635327140440e+02
1.291909634722869669e+02
1.407921911820055811e+02
1.426671742404897145e+02
1.453512069943383267e+02
1.482670345551387925e+02
1.508381789982653345e+02
1.527298685933781428e+02
1.538853473615050689e+02
1.325681168502659659e+02
1.321555794954949477e+02
1.314149579612994216e+02
1.452125141873046630e+02
1.464792959249655269e+02
1.483738543154181002e+02
1.504465625415714669e+02
1.522591220498198652e+02
1.535632636774691093e+02
1.543207003031985778e+02
1.336538723703356766e+02
1.333837641985622895e+02
1.327709512855506944e+02
1.488430502792452899e+02
1.495845555177134258e+02
1.507842544899101824e+02
1.521241965253465480e+02
1.532915869079520235e+02
1.541093354883436461e+02
1.545496436229599624e+02
