8.975856307171312665e+01
8.955249098673064623e+01
8.932630528515410617e+01
8.908364906810764694e+01
8.883621433596668737e+01
8.860497386044089296e+01
1.107553227597946375e+02
1.109039014311931055e+02
1.111383648132626263e+02
1.114591532323655656e+02
8.924586253101507793e+01
8.890049085040577381e+01
8.851359112339143564e+01
8.809322160172736460e+01
8.766231370862898586e+01
1.086984824488665566e+02
1.086861433346185066e+02
1.088366974703980219e+02
1.091527477230005303e+02
1.096303234597205289e+02
8.851936224111128126e+01
8.797070873211634989e+01
8.734960669759193763e+01
8.667033310653289391e+01
1.064154550864802076e+02
1.060032831975129710e+02
1.058419322326967489e+02
1.059609829252601685e+02
1.063701015359338271e+02
1.070581831006045803e+02
8.755862080668663339e+01
8.673650819818114144e+01
8.580100885156095103e+01
8.477430776173260085e+01
1.033528238477681214e+02
1.025811015754052846e+02
1.021862474325269829e+02
1.022349184959240489e+02
1.027490613428712578e+02
1.037053521386184229e+02
8.639383941399951539e+01
8.523743075506318689e+01
8.391852842649159072e+01
8.246856301306532089e+01
9.980654793758913002e+01
9.858289847255156246e+01
9.788845754847069713e+01
9.784203099053647179e+01
9.847956048512706673e+01
9.975483648286437699e+01
8.512399391107911129e+01
8.360275717854771926e+01
8.186698314988780112e+01
7.995826052069666900e+01
9.610408832722158934e+01
9.440014718286742834e+01
9.339338970613007973e+01
9.326298317061439036e+01
9.405114049498362760e+01
9.567021870329973865e+01
8.391276688920947890e+01
8.204511636827584198e+01
7.991607842980913290e+01
7.757792889249297730e+01
9.275798606272849156e+01
9.063396163608403810e+01
8.937278286762666824e+01
8.920874156797466981e+01
9.017141124855230316e+01
9.210959213613590180e+01
8.295448787801551305e+01
8.081425470545937628e+01
7.837930737219052446e+01
9.332591627428098491e+01
9.033993550772743220e+01
8.792941226376532882e+01
8.651867211515806844e+01
8.637854100055996298e+01
8.750592705937134497e+01
8.967508946440834450e+01
8.242021699991487083e+01
8.012624411856832296e+01
7.752271321038769258e+01
9.243949678786094637e+01
8.928540349836568168e+01
8.674423893069045732e+01
8.527919763150278243e+01
8.517561756259776473e+01
8.639589493505903306e+01
8.865662734990947058e+01
8.240899711028856700e+01
8.010305852977298002e+01
9.621872215622313718e+01
9.289754398665083102e+01
8.975564917456441094e+01
8.721604961536576184e+01
8.574358103230068195e+01
8.562366010504850067e+01
8.680942001168567401e+01
8.900544685655134458e+01
