1.194426963106196240e+02
1.155004577070199758e+02
1.099952695229002302e+02
1.031469813142142442e+02
9.576987383376204832e+01
8.912301540172700243e+01
1.114607275742765609e+02
1.078609524441283867e+02
1.078935101335836464e+02
1.109567511991753008e+02
1.182407904198949495e+02
1.134061596598277504e+02
1.066561226550846584e+02
9.832277164237922307e+01
8.953354800285448789e+01
1.076438811166649145e+02
9.995549792579731729e+01
9.739383319818662699e+01
9.817209619672237864e+01
1.010149879867273199e+02
1.173654109973507360e+02
1.117890304834741784e+02
1.040148953320457679e+02
9.445589187471097148e+01
8.449161990922281973e+01
9.907919776276105495e+01
9.181860493933703538e+01
9.047278281542254774e+01
9.193674780376203159e+01
9.433873865066735220e+01
1.170067832875790259e+02
1.109531173705001521e+02
1.025079404275355444e+02
9.208530421969277313e+01
1.082875328076056007e+02
9.385075052457112577e+01
8.615552100384525147e+01
8.490880997647735740e+01
8.646091308082145588e+01
8.867706082327022443e+01
1.173027441379496878e+02
1.111219038521845022e+02
1.024648253286304964e+02
9.166204541598321498e+01
1.082944969685591872e+02
9.259465366984086643e+01
8.300425598920888604e+01
8.001360489989058067e+01
8.074500183030357903e+01
8.329218680789706752e+01
1.182499141619045844e+02
1.123174048515065948e+02
1.039589750069252574e+02
9.339193115507124787e+01
1.129573879869154638e+02
9.656538569249684656e+01
8.473800056739104036e+01
7.895537008682747171e+01
7.816848605881992285e+01
8.130144458043017153e+01
1.196765095722723373e+02
1.143127743062966459e+02
1.067148676005314627e+02
9.702276914277726405e+01
1.217310598379869049e+02
1.061324654446821967e+02
9.361475050576652279e+01
8.608075048220943870e+01
8.402161682295086109e+01
8.731468681620191319e+01
1.213047760508610651e+02
1.167093956922129507e+02
1.101784432161890379e+02
1.463803965251126726e+02
1.329136356516152375e+02
1.195293909495611331e+02
1.083067272858337589e+02
1.010198486896839967e+02
9.864990865589308555e+01
1.014777971395203764e+02
1.228605051653146347e+02
1.190932207497432529e+02
1.137329019626790512e+02
1.549969896710686328e+02
1.443940203757719303e+02
1.338455219187632395e+02
1.249361924775866441e+02
1.190588168955966779e+02
1.170624041803123845e+02
1.192124640738440178e+02
1.241622814225083431e+02
1.211737832939615771e+02
1.696247245784358597e+02
1.625353377012910983e+02
1.545642863271175713e+02
1.467124912416624056e+02
1.401487814410249939e+02
1.358642850934841988e+02
1.344336417158549466e+02
1.359992926153101962e+02
