3.872034406709647669e+01
3.855490538024189817e+01
3.834781130701110641e+01
3.812457495687869624e+01
3.792112759303896041e+01
3.777452630251958254e+01
5.423248636208032991e+01
5.419881581434405859e+01
5.431881041209582861e+01
5.454741739282080459e+01
3.856673299139454514e+01
3.839442134866072820e+01
3.818583148447423525e+01
3.797088693571328832e+01
3.778901831986724602e+01
5.434837521290776863e+01
5.417021836510731703e+01
5.416434794539519260e+01
5.431179391351390962e+01
5.455907069767593498e+01
3.838707805730867761e+01
3.823129612667126054e+01
3.804823367701131076e+01
3.787117587711208699e+01
3.774061526273516876e+01
5.443920607437271286e+01
5.430587899331906243e+01
5.433264631333853600e+01
5.449450132470462904e+01
5.473554270125382715e+01
3.823896834204271755e+01
3.812491328387868350e+01
3.798607469462537978e+01
3.786018199132225703e+01
5.488655842964229947e+01
5.468085340439110098e+01
5.460111646879691705e+01
5.465542856017475515e+01
5.481481806324654116e+01
5.502729710867130564e+01
3.821615241977851696e+01
3.816570232122167283e+01
3.807151513232008710e+01
3.798103002609406786e+01
5.517875403967589421e+01
5.502914627303265149e+01
5.499077886312822017e+01
5.505861118190114922e+01
5.520006615437296205e+01
5.537019649470320104e+01
3.840022401076942060e+01
3.842830902338753418e+01
3.836137288995369943e+01
3.826511812086283726e+01
5.557710140866072379e+01
5.544377992828056279e+01
5.541846161922542535e+01
5.548166950250856644e+01
5.559456968541844901e+01
5.571761792517507672e+01
3.878123138148389160e+01
3.889423820968218592e+01
3.883348529711155095e+01
3.868933721196762576e+01
5.604845568151743151e+01
5.588786784751099646e+01
5.584624848026905397e+01
5.588968366637428886e+01
5.596924003849368034e+01
5.604634148264302951e+01
3.921506503046774839e+01
3.941020308326773147e+01
3.934987262443322464e+01
5.682808318952959326e+01
5.651214241538976779e+01
5.630767667396317222e+01
5.623788123303314279e+01
5.625683508559032475e+01
5.630445323984355355e+01
5.634008613303858937e+01
3.948189186742889234e+01
3.974626085764943895e+01
3.970398261645908633e+01
5.718252099626366203e+01
5.684864410282425240e+01
5.662755243047146081e+01
5.654551646998729098e+01
5.654975963080597268e+01
5.657353244472501075e+01
5.657555669608056093e+01
3.942188904468792998e+01
3.973176401077677156e+01
3.973846260391413665e+01
5.723394669027759818e+01
5.695896604993003365e+01
5.678086726703064357e+01
5.672340373917214862e+01
5.673356287720061886e+01
5.674690690556103334e+01
5.672699405607664858e+01
