1.128136832676469581e+01
1.124863317524508588e+01
1.122248744393952968e+01
1.120714051087138508e+01
1.120560193260981130e+01
1.121920834143107548e+01
2.042021931129438173e+01
2.047234513117794208e+01
2.051393823973531383e+01
2.053753354370001460e+01
1.124232325416138245e+01
1.120786409637188008e+01
1.118492893140663469e+01
1.117647525217645565e+01
1.118329129366778396e+01
2.040652034693984263e+01
2.049617771981318626e+01
2.058007073985130830e+01
2.063284407548146149e+01
2.064526049372934935e+01
1.121581015419879712e+01
1.118956139992401511e+01
1.118137412017713395e+01
1.118951824730943656e+01
1.120889025580780540e+01
2.047924330984975683e+01
2.061325477913041126e+01
2.072708233188393478e+01
2.078575716987191768e+01
2.078000416688121277e+01
1.120997803833519768e+01
1.120367427284267414e+01
1.122261212967545596e+01
1.125633227996765839e+01
2.041300008916304876e+01
2.056017154044620909e+01
2.072614495442661209e+01
2.085832254700295962e+01
2.091579184587925511e+01
2.089111662541429126e+01
1.122487861843710455e+01
1.124604249671588363e+01
1.129857530696439660e+01
1.136081701170540192e+01
2.045561143581977959e+01
2.061448404471599360e+01
2.078812298253658852e+01
2.092071442551969440e+01
2.097105786569483143e+01
2.093458255157118231e+01
1.125088895659069799e+01
1.129712268803421082e+01
1.137809736878016231e+01
1.146214805776624246e+01
2.048265156266272768e+01
2.062591171109956178e+01
2.078062961545072085e+01
2.089627664321280065e+01
2.093688052656045073e+01
2.090047697923374059e+01
1.127442484056185812e+01
1.133276255340704886e+01
1.142557285591811755e+01
1.151629677559157727e+01
2.049778900639597978e+01
2.060591401310649573e+01
2.072363465379442715e+01
2.081189091907103972e+01
2.084338706367826788e+01
2.081759238254593214e+01
1.128723098824770155e+01
1.134003403813833266e+01
1.142360117107449469e+01
2.047398788184619889e+01
2.051419875615363253e+01
2.058212078840920967e+01
2.065872840028283619e+01
2.071832236921280312e+01
2.074285366168695788e+01
2.073196366420285486e+01
1.129136540808208977e+01
1.132507413658665918e+01
1.138345916936279423e+01
2.052464047517739587e+01
2.054197656980020525e+01
2.057717061272368753e+01
2.062018453971990795e+01
2.065666602270816199e+01
2.067608690147877226e+01
2.067757397812589559e+01
1.129575482166267975e+01
1.130657890386554065e+01
1.133515139462674526e+01
2.057627311788701618e+01
2.058072604056672716e+01
2.059584427864115597e+01
2.061743145639027119e+01
2.063863580049725854e+01
2.065384252922438080e+01
2.066166315428647238e+01
