5.454855728485917155e+01
5.018156213901387730e+01
4.682983466754772905e+01
4.511610951997348451e+01
4.563209621717674480e+01
4.845935336566884644e+01
8.309162763863918144e+01
9.309794739122607155e+01
1.002146565553228186e+02
1.048187906656330455e+02
4.907439945927806946e+01
4.425252706458405072e+01
4.048772071357573310e+01
3.833776666433529812e+01
3.865288258781274777e+01
6.835028652704365015e+01
8.156292442535797704e+01
9.207973991752439247e+01
9.959065729316736792e+01
1.044716896865084692e+02
4.505229768063048823e+01
4.033054022454138021e+01
3.654591440453089035e+01
3.392947278242442621e+01
3.353996956958976483e+01
6.919809021697254536e+01
8.208414183053167790e+01
9.237322505509155235e+01
9.976154511452742213e+01
1.045938326266583118e+02
4.275167275790751376e+01
3.852484562181439998e+01
3.509773616580665845e+01
3.227148450950771519e+01
5.990559726976783850e+01
7.286417915048812688e+01
8.458006170695797721e+01
9.396278915982171043e+01
1.007431685774790395e+02
1.052095787264909035e+02
4.186037616176943033e+01
3.806706838579134455e+01
3.509749807686966960e+01
3.250099740354442446e+01
6.753823332916445565e+01
7.860900985077486780e+01
8.855776886626139799e+01
9.655241458961108947e+01
1.023690819347410610e+02
1.062264580124164297e+02
4.219580754781556209e+01
3.851380921416075154e+01
3.591063651926822331e+01
3.395151708524365830e+01
7.653817607410778123e+01
8.536470472124780429e+01
9.327474037736918433e+01
9.965920915273014202e+01
1.043369499669883851e+02
1.074565108501664383e+02
4.410598158284818027e+01
4.038765227814387515e+01
3.810022642207819388e+01
3.698440422517756332e+01
8.550807085946836139e+01
9.208490913390119204e+01
9.798756700219909987e+01
1.027804830750271634e+02
1.063179542609248642e+02
1.086877226968310453e+02
4.793309821054824482e+01
4.437502751950248125e+01
4.245066180358084296e+01
8.886172098588345136e+01
9.340676273719010680e+01
9.799839559802362032e+01
1.021426468402676591e+02
1.055348698879214879e+02
1.080588184870084660e+02
1.097560865615932215e+02
5.330825740018910608e+01
5.021226441905080407e+01
4.868352218945559429e+01
9.672968771807408928e+01
9.968641163802305982e+01
1.027010533897661020e+02
1.054481812702752848e+02
1.077204260396062807e+02
1.094268595918232165e+02
1.105785059326401694e+02
5.926285987109989151e+01
5.678341168065124833e+01
5.560973454926645587e+01
1.024401102271759640e+02
1.042483189734010836e+02
1.061197422059870377e+02
1.078490021487334189e+02
1.092987145180970998e+02
1.103994465496486299e+02
1.111449038835147718e+02
