6.514933446485234469e+01
6.421644849275529054e+01
6.282156494345422004e+01
6.093663990060915836e+01
5.868400578559500502e+01
5.636434135332029172e+01
6.731920756053455079e+01
6.599386463904978939e+01
6.573755068817729352e+01
6.659263345941941736e+01
6.454496415510539009e+01
6.315973898920216811e+01
6.109506574669674706e+01
5.832543262645113913e+01
5.505418033913333886e+01
6.344085315258219282e+01
6.026730331503543425e+01
5.832122237501032913e+01
5.791298210168488936e+01
5.905919270362450391e+01
6.383128188330945818e+01
6.192170802361228255e+01
5.909144550960222375e+01
5.533126599620596409e+01
5.096024773131877339e+01
5.681032669157521298e+01
5.279041074811505752e+01
5.049908268636836794e+01
5.007908242529455833e+01
5.139879035078921987e+01
6.308457597774636838e+01
6.064684075591575407e+01
5.706371731206224496e+01
5.236998064784945228e+01
5.676681388279590834e+01
5.087309238966514613e+01
4.678631677628113295e+01
4.495080667900061400e+01
4.485134503373120651e+01
4.598404301443316911e+01
6.241762235547959392e+01
5.953798838721210984e+01
5.535015591451637817e+01
4.996728036910338488e+01
5.287057447842447289e+01
4.702141716497974500e+01
4.398636475836795512e+01
4.354839629204421669e+01
4.407789105369995752e+01
4.459935979251960703e+01
6.195061081298847228e+01
5.879910381179357870e+01
5.426676267595021130e+01
4.855750121647098183e+01
5.088571751801156751e+01
4.571419239038856830e+01
4.418900924618341719e+01
4.523878555257994094e+01
4.632286819337979011e+01
4.619052354857502252e+01
6.177486987916775973e+01
5.857146722855453191e+01
5.400452654941901898e+01
4.833174527683488009e+01
5.085965228005111527e+01
4.625578712034158713e+01
4.551749610002931945e+01
4.717364224542330220e+01
4.842698833577730966e+01
4.798518790219403485e+01
6.192566538389465336e+01
5.889495567728247494e+01
5.459125270467436053e+01
5.929733912453941969e+01
5.252321982722906313e+01
4.792373392243332120e+01
4.675890576926821751e+01
4.787132323717622029e+01
4.885089178328369286e+01
4.854552430673872010e+01
6.237368825667609684e+01
5.970437492861812956e+01
5.591092861369323685e+01
6.195613875151742889e+01
5.566423131226530074e+01
5.078969057421117839e+01
4.847705658204567669e+01
4.828290449445974275e+01
4.867538840371999953e+01
4.883219422199888982e+01
6.303534826498485444e+01
6.085134417123700956e+01
7.065954790869503199e+01
6.553737716007654512e+01
6.003179983601273051e+01
5.520072227791577291e+01
5.199311806143753500e+01
5.057138637030437422e+01
5.037288618667357554e+01
5.101165441536689116e+01
