6.197866871542555600e+01
6.054791395376201280e+01
5.992315667916422939e+01
6.020478596968435170e+01
6.135432528361652516e+01
6.316385454485812545e+01
1.010875292108896275e+02
1.061279042143081313e+02
1.101511869815976894e+02
1.131375773286909805e+02
5.637902800396135206e+01
5.427139670309119168e+01
5.315940464674483934e+01
5.329921135421933087e+01
5.478888135902433731e+01
8.568968566313252211e+01
9.378816849227536068e+01
1.009153032428113193e+02
1.065597261259681403e+02
1.107001496019881159e+02
5.084369527631896091e+01
4.797632567019432059e+01
4.611954103631595814e+01
4.579357395255659924e+01
4.741795045141794418e+01
7.576023897732210344e+01
8.638397259513450877e+01
9.573427862481693751e+01
1.030719331051164431e+02
1.083790586695904352e+02
4.622539563301646837e+01
4.267172554597210166e+01
3.992497765006275046e+01
3.881442572640398936e+01
5.505395297097099672e+01
6.722343238084732775e+01
8.011381072525840352e+01
9.146492303907776034e+01
1.002876832853929443e+02
1.065769773921781933e+02
4.289807029087989321e+01
3.888620264316715947e+01
3.545232195671555786e+01
3.361775964976096986e+01
4.839926762072789046e+01
6.167800491006232022e+01
7.613630704478768507e+01
8.886442199692440624e+01
9.867321287615584424e+01
1.055793236732580880e+02
4.069228912987549762e+01
3.645109790927072879e+01
3.288750570076735613e+01
3.101496910648148031e+01
4.646271469081799665e+01
6.013511384673936533e+01
7.515383099976567394e+01
8.833619298607156622e+01
9.843181584784221627e+01
1.054832035361734057e+02
3.957911074444716348e+01
3.521852213089265859e+01
3.209060303624699628e+01
3.103944221299211748e+01
4.940327282838935474e+01
6.282903425087843630e+01
7.728933870697876785e+01
8.990334114731021486e+01
9.953243631534189717e+01
1.062419737441399121e+02
4.022386238106798118e+01
3.583552904372948689e+01
3.336191779702139826e+01
4.821789859346321094e+01
5.693193743314528632e+01
6.927862106677611109e+01
8.214308336897799734e+01
9.328384622533430104e+01
1.017882464007112020e+02
1.077333273409081613e+02
4.339723816207559537e+01
3.920612158266146707e+01
3.722310738474877212e+01
5.979165884849591350e+01
6.790357884663687571e+01
7.831722908276205430e+01
8.885605228938530331e+01
9.792861498437220291e+01
1.048735239912824824e+02
1.097656134105756536e+02
4.885986025633753371e+01
4.514968140988531076e+01
6.987764295489513700e+01
7.372188920321663375e+01
8.031304831489076435e+01
8.832393050968508419e+01
9.627169677070716602e+01
1.030883857498568119e+02
1.083307865851738683e+02
1.120610018036699955e+02
