3.026012270176198626e+02
3.012881474799987700e+02
3.002535814033781776e+02
2.996815377862822629e+02
2.996893566251980019e+02
3.002888755717016807e+02
3.242713046274816406e+02
3.259311480778255827e+02
3.277102941039669304e+02
3.293565145631458790e+02
2.981525308370502216e+02
2.959239840145954190e+02
2.942119377422276330e+02
2.933425260135980466e+02
2.935065536919126430e+02
3.158021162430870845e+02
3.181668464122000728e+02
3.211971064376266440e+02
3.243860391053551666e+02
3.272805774539442041e+02
2.918204168074016138e+02
2.883279729309182926e+02
2.857292753623979706e+02
2.845251683803600713e+02
2.849681714411419193e+02
3.055867441014568726e+02
3.094819857662918139e+02
3.144091809443920056e+02
3.195743073855250600e+02
3.242472404715879293e+02
2.836432850814384778e+02
2.786662138672948572e+02
2.751505494245383829e+02
2.737438719377319103e+02
2.896686068033312154e+02
2.930322225987227398e+02
2.986979355658846202e+02
3.058292892912684806e+02
3.133638712222295908e+02
3.202455652447359853e+02
2.742527904483908969e+02
2.678800168628428082e+02
2.637663989576194012e+02
2.625689142404619929e+02
2.756124898848538010e+02
2.801675777389325503e+02
2.874028590091953674e+02
2.965329515703141396e+02
3.063895460786574176e+02
3.155987578198443089e+02
2.648739888400986615e+02
2.575792667006214742e+02
2.535503598659018394e+02
2.532060097868459820e+02
2.643041807495416720e+02
2.697950383932852105e+02
2.778605455146607710e+02
2.881646706622316287e+02
2.997337738993459766e+02
3.109497979756055770e+02
2.569680889263009931e+02
2.494145366386438809e+02
2.461925299747180986e+02
2.538859644412499108e+02
2.577826045074188528e+02
2.637607117230268727e+02
2.717190379971796119e+02
2.821215360012330962e+02
2.944802091237025934e+02
3.070472572616920388e+02
2.517134354527710229e+02
2.443384510288929903e+02
2.421414005498404833e+02
2.502809275917971377e+02
2.553919354382616689e+02
2.615083192061028967e+02
2.688867240236338034e+02
2.787783334276747382e+02
2.912294235081313332e+02
3.044643775222554609e+02
2.497528792998138556e+02
2.425144161704648127e+02
2.408037164143479743e+02
2.490706186330498610e+02
2.547297721485446402e+02
2.609178121567958897e+02
2.680317867771861984e+02
2.776485319900788795e+02
2.900529785769046498e+02
3.034810811308538518e+02
2.513291946697739832e+02
2.439380082986561433e+02
2.469557427448168880e+02
2.492119488252565986e+02
2.545376821588124301e+02
2.608593632296242504e+02
2.683946142862016018e+02
2.783882212670594072e+02
2.909016697034020353e+02
3.041796275921457209e+02
