2.783894365066365140e+02
2.772213816216925579e+02
2.760970412448041884e+02
2.751383624422987850e+02
2.744968249493884969e+02
2.743024658058743057e+02
2.544603413571801980e+02
2.548399436964305380e+02
2.554916435051943893e+02
2.563159943396921108e+02
2.769253954314888233e+02
2.750698395339431386e+02
2.730825586037246921e+02
2.711496569683080224e+02
2.695560971059115332e+02
2.498506403992003300e+02
2.494557678803290059e+02
2.497339752407979461e+02
2.506323271862907234e+02
2.519979216563725970e+02
2.752529417157717830e+02
2.724334066094017999e+02
2.691940659243233540e+02
2.658033545848598465e+02
2.627301475899008096e+02
2.431604893801268474e+02
2.419906355451381046e+02
2.419950672297804317e+02
2.431633160300469285e+02
2.452806057857452799e+02
2.734577377311861142e+02
2.694164886428984005e+02
2.645590731930511197e+02
2.592499892857817940e+02
2.381576592653836713e+02
2.344199802362257969e+02
2.320874797408522454e+02
2.315747042844571411e+02
2.329609726073674096e+02
2.359823518182454620e+02
2.717166706026639531e+02
2.663030252752490696e+02
2.596113116332197137e+02
2.521125166324835334e+02
2.301033301923628756e+02
2.244401637007635202e+02
2.206310958700647973e+02
2.193314493565524970e+02
2.207630719555453140e+02
2.246653889248397036e+02
2.702451830694653268e+02
2.634815607164870812e+02
2.549923709167913159e+02
2.453728831805217681e+02
2.222975409951801282e+02
2.147416040064711922e+02
2.094096682742282951e+02
2.071471168045294746e+02
2.083398213594500135e+02
2.128279869090864338e+02
2.692067316296366357e+02
2.612885763099785663e+02
2.512956213692919505e+02
2.261412222957152380e+02
2.159584332626350260e+02
2.069933644016599885e+02
2.004984740503491025e+02
1.973457224686236486e+02
1.980250886738241149e+02
2.025793691551314168e+02
2.686713683721358166e+02
2.599116156944033946e+02
2.488645024323922144e+02
2.228749474428798294e+02
2.117945590861686185e+02
2.021626132267183777e+02
1.951545011402853618e+02
1.914718834089741222e+02
1.915713767042411462e+02
1.957187764069948628e+02
2.686635481665463203e+02
2.594435592940986339e+02
2.478395108911812770e+02
2.212349205337085323e+02
2.098619968966744125e+02
2.001789773164090320e+02
1.932338618154503536e+02
1.894816357911215050e+02
1.892306213798028978e+02
1.928661752617874754e+02
2.692307115288555792e+02
2.599966291211238740e+02
2.327585568619215621e+02
2.212860320714911495e+02
2.100212539324142256e+02
2.005726913322747009e+02
1.939324749682633353e+02
1.904168490618839371e+02
1.901881956894389702e+02
1.935920554950765791e+02
