7.439174097390091447e+02
7.441466733323767357e+02
7.445929673343468949e+02
7.452394907269541591e+02
7.460259312216965100e+02
7.468526227724207729e+02
7.438086576091892539e+02
7.444115566212011572e+02
7.446715365357844121e+02
7.445669448443302372e+02
7.437309851669435830e+02
7.437378112808424930e+02
7.439248889903439022e+02
7.443148110375849456e+02
7.448949938946435623e+02
7.416572844412686436e+02
7.424959958578120904e+02
7.431779421079685335e+02
7.435449385824026649e+02
7.435391793689296946e+02
7.436449153582241252e+02
7.433544821012543480e+02
7.431860795741494030e+02
7.432064467309361362e+02
7.434591058118764977e+02
7.399655666152947333e+02
7.407310845513038657e+02
7.414503222628110279e+02
7.419116087970451190e+02
7.420147149681196197e+02
7.437909458132377267e+02
7.432231870223247370e+02
7.427102339191147848e+02
7.423364258061551482e+02
7.380580945394059427e+02
7.383262279410938618e+02
7.388559573646037961e+02
7.394624008678266591e+02
7.399151072377616174e+02
7.400851770101820648e+02
7.442996548254998288e+02
7.435951690849601619e+02
7.428822444832784413e+02
7.421972768937862384e+02
7.374677047156383196e+02
7.372055469532965617e+02
7.372130647660858358e+02
7.374168602127826944e+02
7.376543649353552610e+02
7.378062569058678264e+02
7.451962764450286159e+02
7.445695335972555995e+02
7.438819127784621514e+02
7.430357381629326028e+02
7.378459230528483204e+02
7.368327929223548836e+02
7.359650516269580294e+02
7.354066322294580687e+02
7.351826967320223503e+02
7.352345025378871242e+02
7.463046415877724939e+02
7.459240488929279991e+02
7.454381084463706202e+02
7.403499548023323769e+02
7.389114656540909891e+02
7.369925796601189631e+02
7.349993075870949042e+02
7.334322212734956565e+02
7.325999720610727763e+02
7.325405313235455651e+02
7.472607525537349602e+02
7.471242704593329336e+02
7.468369187018491857e+02
7.417790575079070550e+02
7.398781428806292979e+02
7.370837897412877737e+02
7.340095831940050175e+02
7.314967922369482949e+02
7.301432206547178794e+02
7.300764161519565505e+02
7.476823321863481624e+02
7.475898064593087611e+02
7.472935145018897174e+02
7.422018230836885095e+02
7.399043833240001504e+02
7.365005381166436109e+02
7.327498335051872118e+02
7.297170161248147906e+02
7.281800898582343962e+02
7.282996107141808579e+02
7.474007146215208195e+02
7.470652523688236215e+02
7.426564140865663148e+02
7.412453281221947918e+02
7.386838427471387831e+02
7.351025106649879035e+02
7.313015345062825645e+02
7.283734696999209746e+02
7.270972223361850411e+02
7.275878125704737158e+02
