4.194776577788573491e+02
4.174715332165565655e+02
4.269037460255429437e+02
4.502915449492448374e+02
4.859888389763843293e+02
5.277221030401718735e+02
6.397856510334358973e+02
6.820221022009532135e+02
7.139825756697342740e+02
7.368567723662010849e+02
3.892194770005770010e+02
3.809989128214752441e+02
3.820266938386151878e+02
3.999601873517130457e+02
4.362715680575027477e+02
5.414408581797089255e+02
6.013837176824209791e+02
6.518880359578135995e+02
6.904566218820513086e+02
7.183950478424117136e+02
3.715324989443815866e+02
3.559701208908180092e+02
3.466113098309308498e+02
3.566225175020161942e+02
3.915448815845633703e+02
5.005233765792042391e+02
5.672794126317261316e+02
6.240332209429769819e+02
6.675391251372154784e+02
6.993286946506847244e+02
3.590876611254004729e+02
3.370547502067162782e+02
3.198352016454979321e+02
3.241810149837594963e+02
4.040490295099562559e+02
4.731109045081312843e+02
5.434674372640077991e+02
6.032038382791542972e+02
6.488349535744837340e+02
6.823117332780728930e+02
3.500662755278613076e+02
3.240188691464789486e+02
3.048029278951352126e+02
3.092813264001312632e+02
3.964787722760621023e+02
4.654524486798451903e+02
5.350366926252528401e+02
5.935125082732713508e+02
6.377187415927420489e+02
6.701255002097331044e+02
3.530178533412141064e+02
3.263985533253606945e+02
3.108878104829742597e+02
3.196319962495917935e+02
4.153516904632463138e+02
4.796247785269030146e+02
5.433585479187387364e+02
5.962413906834390218e+02
6.356615868758096894e+02
6.644610818689886855e+02
3.788849391990743243e+02
3.547329114516383015e+02
3.444279559127632524e+02
4.144263267297839661e+02
4.569030235535724387e+02
5.113050477605932542e+02
5.647752411504294514e+02
6.088242925273674473e+02
6.413008824146876350e+02
6.650624729903237267e+02
4.276020465485493105e+02
4.069202122787892790e+02
3.992279676508842954e+02
4.789775059293490926e+02
5.111766742534988452e+02
5.521647038575235911e+02
5.928021720159437109e+02
6.265057025535069215e+02
6.514772826383941720e+02
6.701953134395182587e+02
4.876229577835101736e+02
4.699177073455977620e+02
4.619994786176727644e+02
5.476573924372427200e+02
5.678266476281150972e+02
5.945238881571073080e+02
6.219240800711246493e+02
6.454019025934712772e+02
6.635441086536224020e+02
6.781826945297895008e+02
5.461432633121187337e+02
5.308602976850727373e+02
6.081553466574356435e+02
6.106844489452560083e+02
6.199585188617905942e+02
6.339851364053417910e+02
6.496628840636955147e+02
6.642554615723837514e+02
6.768361907027328925e+02
6.885308374043598860e+02
