3.805687417622771704e+02
3.744042512483965766e+02
3.733056485626083827e+02
3.826928064572801418e+02
4.044472574255191830e+02
4.346220906634384278e+02
4.733322435829473420e+02
5.098756150516652497e+02
5.373196566821815168e+02
5.559520471337931440e+02
3.564029665175760329e+02
3.470369808205298341e+02
3.450873242180612124e+02
3.560704451361498286e+02
3.812012164260129907e+02
4.172173553104615848e+02
4.629981054434769590e+02
5.020212903818821815e+02
5.315652293923251364e+02
5.519213359327612807e+02
3.265468191593120650e+02
3.137718158790614780e+02
3.125915824340854670e+02
3.273262949802195863e+02
3.571575801908239214e+02
4.077076265073984587e+02
4.549588324123404846e+02
4.951912683202888275e+02
5.260188879241127324e+02
5.477046454798197601e+02
2.984674644693896539e+02
2.825855686040015371e+02
2.832631182354472230e+02
3.023094401528891808e+02
3.548345575513259860e+02
4.029021644375184223e+02
4.493601667837819491e+02
4.892765853276613370e+02
5.205552569554860156e+02
5.432276470253921161e+02
2.821751422380493182e+02
2.649171968208979706e+02
2.676695776244125113e+02
2.889243078047652489e+02
3.596223575308417253e+02
4.035286684095040073e+02
4.464249743186006185e+02
4.843906087490266259e+02
5.153082645474369201e+02
5.386499346474399772e+02
2.836395778835531019e+02
2.679565213492628004e+02
2.721000984084221841e+02
2.916570899577121168e+02
3.731673684265568909e+02
4.093235279693294046e+02
4.462673863494534885e+02
4.809003618877852659e+02
5.107547056987131668e+02
5.344367834742728292e+02
3.002548266093259031e+02
2.881119910769564285e+02
2.924661475101718224e+02
3.695169373000683777e+02
3.919589022524946245e+02
4.188038266493006745e+02
4.486941338374230668e+02
4.792833121776229177e+02
5.076031521603068200e+02
5.312665400414258556e+02
3.241713373178314441e+02
3.152138502366211128e+02
3.185286506892115881e+02
3.977483004405662541e+02
4.115455892861900793e+02
4.298816276459712640e+02
4.532557304978700472e+02
4.799588677136633237e+02
5.065618180806103510e+02
5.298115370543774816e+02
3.485797170136773957e+02
3.409029122140278787e+02
3.420759977230665072e+02
4.212473984755527567e+02
4.287225024390265276e+02
4.409807501234820961e+02
4.596127382774627108e+02
4.832428785125790682e+02
5.081330342817938686e+02
5.305180480912093799e+02
3.706252046895065178e+02
3.621609291797685728e+02
3.605369873186728000e+02
4.388634951971977785e+02
4.428123684969986584e+02
4.519145311617942298e+02
4.679120914223952354e+02
4.893845965793670416e+02
5.125143479018161088e+02
5.334941432942541724e+02
