2.461171865294905103e+02
2.429531481648269562e+02
2.384698288389734273e+02
2.326249260533078314e+02
2.257901552356410946e+02
2.187976169726802027e+02
2.455185272656621009e+02
2.393973087937014270e+02
2.364231228079194125e+02
2.364475636061983721e+02
2.442727731031004907e+02
2.401148124776760824e+02
2.342114978997953756e+02
2.265343382669436210e+02
2.176417546446535027e+02
2.416008699925873486e+02
2.311589593354398460e+02
2.244456830085392198e+02
2.218269995916049027e+02
2.225795488529102499e+02
2.422244443990636853e+02
2.369597889462100966e+02
2.294823914065362658e+02
2.197492964339233197e+02
2.084838407571697019e+02
2.278719633787963801e+02
2.152612835078829505e+02
2.076602992385403468e+02
2.053378167112792312e+02
2.070068286771638952e+02
2.400622151660122938e+02
2.336017817346171910e+02
2.244219899288040665e+02
2.124275564778471050e+02
2.319927327155257899e+02
2.130840281143983930e+02
1.974437984620912800e+02
1.880249938857362224e+02
1.853698883028193336e+02
1.879163762131568092e+02
2.379522648114087815e+02
2.302584622485352952e+02
2.193256739645867981e+02
2.049949223805566589e+02
2.209611784744897420e+02
1.982639608519035335e+02
1.788605909068159008e+02
1.665402636328299479e+02
1.625947413983134879e+02
1.657094890741847735e+02
2.360962864949042626e+02
2.272267203507568638e+02
2.146552731842346020e+02
1.982186729355466071e+02
2.116805248208889338e+02
1.859667555117426616e+02
1.633684048293180524e+02
1.481443520257450928e+02
1.423495866108701478e+02
1.453936047298417122e+02
2.346855672171097069e+02
2.248310752390217147e+02
2.109659183155444850e+02
2.316818530382591348e+02
2.059852138093169174e+02
1.794786570808251724e+02
1.564131326463711673e+02
1.406411742551854331e+02
1.338745856622709312e+02
1.359656177544866580e+02
2.338808101499314489e+02
2.233743003990797433e+02
2.087747214474651116e+02
2.300062694151909852e+02
2.050162780394781521e+02
1.805101789673810231e+02
1.605443797546202802e+02
1.476710681618249055e+02
1.418948218333772218e+02
1.426185666765335327e+02
2.338167743335812645e+02
2.231056912122050164e+02
2.084454503001834098e+02
2.313831632919102788e+02
2.084995446464064912e+02
1.876548118018459093e+02
1.724279865773216898e+02
1.637703147799238366e+02
1.599583717242819887e+02
1.597879507442434885e+02
2.345981336312914038e+02
2.241910698823072892e+02
2.549903294207744864e+02
2.355047058040961758e+02
2.151912072390194623e+02
1.978506890752745448e+02
1.864362201000519974e+02
1.808482247004933754e+02
1.786131910536554699e+02
1.783168111264066624e+02
