7.638804266626557649e+01
7.654457517925791876e+01
7.690880174721445428e+01
7.751084835629664838e+01
7.836807154249282803e+01
7.941883207922791144e+01
8.938997692341283141e+01
9.072213280854879258e+01
9.173882567288013945e+01
9.237879589595628715e+01
7.602947660292106491e+01
7.627539104378989521e+01
7.673190338361523288e+01
7.742406778633751685e+01
7.837672394671092491e+01
8.794562243406102198e+01
8.958178070979752761e+01
9.105618213415336015e+01
9.217631892676763528e+01
9.286327000898634765e+01
7.594083152218293264e+01
7.628305426457586691e+01
7.685702097488977813e+01
7.766737180425083409e+01
7.872661810816195782e+01
8.836313771896018920e+01
9.010396990679799956e+01
9.165763294150025331e+01
9.281875762184816381e+01
9.349957414693474789e+01
7.618758782663606155e+01
7.661245007708937749e+01
7.730502520921027099e+01
7.824105212370751872e+01
8.735278731127571916e+01
8.912409135203665755e+01
9.091756622220506756e+01
9.248331622440180411e+01
9.361919857096300746e+01
9.423942317351182396e+01
7.683214739716464692e+01
7.731247807962117236e+01
7.809370691785649399e+01
7.912505690632676192e+01
8.832417082346778159e+01
9.014306993146787761e+01
9.192584279640698242e+01
9.343520439828697022e+01
9.448435413438726016e+01
9.499809946017187201e+01
7.786510540976429695e+01
7.837270992219102084e+01
7.919104922275556646e+01
8.025369294132239872e+01
8.951240456695380487e+01
9.129737409757038336e+01
9.299290071321578921e+01
9.437948901793117784e+01
9.529188192242244781e+01
9.566930040386394296e+01
7.916226933503966734e+01
7.967582914289445739e+01
8.047640335822084978e+01
8.920391667435880834e+01
9.078359244345033119e+01
9.243763087373595511e+01
9.396702534921335825e+01
9.517418636454897296e+01
9.591692717436471582e+01
9.614820260674713381e+01
8.051241833297946471e+01
8.101668327892653565e+01
8.175577714076386826e+01
9.057314716983761116e+01
9.196938382212496776e+01
9.340826667807451145e+01
9.470894155320189611e+01
9.569976742597636132e+01
9.626100747676028391e+01
9.635642974610098577e+01
8.169723152766034957e+01
8.217792715414189786e+01
8.282782342587164237e+01
9.175168551704156528e+01
9.290768681539476859e+01
9.408223643209322518e+01
9.512271129718999418e+01
9.588667546485011428e+01
9.627584839710431197e+01
9.626191862233963548e+01
8.256747851591288168e+01
8.300849288327260922e+01
9.179669994850198123e+01
9.259285828328010837e+01
9.349423435158082896e+01
9.439630672400379297e+01
9.517947795339492245e+01
9.573167602172743784e+01
9.597507814192427134e+01
9.588747850906749193e+01
