1.205579378433663322e+02
1.136049864723442511e+02
1.116008395760050433e+02
1.142976664858654914e+02
1.218385375967950495e+02
1.339812577558871851e+02
1.980491899588744786e+02
2.259375936231395769e+02
2.502164705364181145e+02
2.690288997875534847e+02
1.090536614560299427e+02
1.033081318088008516e+02
1.020298595077978234e+02
1.041724368075126534e+02
1.106526956581621590e+02
1.477010795771687128e+02
1.792016319680945742e+02
2.117594809439660537e+02
2.405011299578708872e+02
2.629118721850118163e+02
1.036115881582673239e+02
9.975962017756559419e+01
9.941805752163753596e+01
1.007852743281495407e+02
1.055128409968386052e+02
1.338643567086472217e+02
1.668522769232233998e+02
2.022335430880575871e+02
2.339063343643910571e+02
2.587429336071638204e+02
1.030181469018869791e+02
1.001793612956376904e+02
1.003164760611419837e+02
1.013379513912931884e+02
1.078675708110674094e+02
1.299267973176068267e+02
1.629743527754098125e+02
1.991268411583315867e+02
2.317240891630004569e+02
2.573592090679072157e+02
1.061845801696179734e+02
1.027491497237310085e+02
1.026292588966949637e+02
1.039919668699164674e+02
1.130656755808046938e+02
1.356964444426185992e+02
1.680762461515218149e+02
2.030208260192237617e+02
2.344075274510139479e+02
2.590609051499969269e+02
1.137909871038646941e+02
1.088821371707614958e+02
1.080461041838225071e+02
1.101214044527850859e+02
1.274782310468310413e+02
1.508932333699948458e+02
1.813898801853031841e+02
2.132021397879788651e+02
2.414359162539048498e+02
2.635116064733435906e+02
1.266644253218244813e+02
1.208116720209219466e+02
1.193874984781554360e+02
1.378993826963288143e+02
1.520051698506337061e+02
1.740787396319735194e+02
2.008200214132568249e+02
2.278258003564182843e+02
2.514695052879071682e+02
2.698452708578562351e+02
1.435674738108835697e+02
1.379835937517079856e+02
1.364504646274697279e+02
1.707749877123896738e+02
1.832278588939419421e+02
2.016781298495804435e+02
2.231596691196083100e+02
2.443777014356396080e+02
2.627449521157889194e+02
2.769357027872405297e+02
1.615192490641000234e+02
1.570765900522696654e+02
1.558171476430317455e+02
2.058337718779674788e+02
2.153813941341660723e+02
2.292094343130025038e+02
2.449919979328549857e+02
2.603707054901602760e+02
2.735720614457824809e+02
2.837183209743532757e+02
1.776078102823716733e+02
1.745540130426125529e+02
2.345885723734749320e+02
2.370890254430925665e+02
2.436615917306278050e+02
2.530761596600875691e+02
2.637068953441612962e+02
2.739771748892782739e+02
2.827379662592869636e+02
2.894395252880475482e+02
