1.101875950663375647e+02
1.078420282365222249e+02
1.064184039687160777e+02
1.061348458617292181e+02
1.070422481076908525e+02
1.090292670001399671e+02
9.961452174974955653e+01
1.012323802992821271e+02
1.026605851022654292e+02
1.037792448339271658e+02
1.058428660012232427e+02
1.031764854998200889e+02
1.016872847742151436e+02
1.014587808298967246e+02
1.024506038323844308e+02
9.692302405219169259e+01
9.865578152698650172e+01
1.004500442631343446e+02
1.020829639045455792e+02
1.034001902481888493e+02
1.023643407032770938e+02
9.979911970018939371e+01
9.862066205259282015e+01
9.861049041682845484e+01
9.955481720063424689e+01
9.647589954716455907e+01
9.817405604384661899e+01
9.998635570797698335e+01
1.016997870828843986e+02
1.031319036519680168e+02
1.004235401494081117e+02
9.835715091790341091e+01
9.778221789089410265e+01
9.808080132285617481e+01
9.555814195302652081e+01
9.680561188318090160e+01
9.830151155515483197e+01
9.996189439181013370e+01
1.016099965687494802e+02
1.030465574783009686e+02
1.001847577259198658e+02
9.871690172592984425e+01
9.872532726995611085e+01
9.926215540115619262e+01
9.681080531364693798e+01
9.780915674175190588e+01
9.899703957774073615e+01
1.003855065891720386e+02
1.018470498397805528e+02
1.031803664510629659e+02
1.013415312627725910e+02
1.002036280220768134e+02
1.004506348591350502e+02
1.010203970095462154e+02
9.848093131514275456e+01
9.921435764040391803e+01
1.000823422685795805e+02
1.011620591674908241e+02
1.023708922524911173e+02
1.035208077659777075e+02
1.035029120640837021e+02
1.022790925734068423e+02
1.023187957775284644e+02
9.967318397561065524e+01
1.002367758108515261e+02
1.007453612633205040e+02
1.013499325416167949e+02
1.021495087312777201e+02
1.030910878176984795e+02
1.040124941136962917e+02
1.064683792765930264e+02
1.049076991348826056e+02
1.044647122920615203e+02
1.015052302655581684e+02
1.018963604006957411e+02
1.022344865753649827e+02
1.026447618019464869e+02
1.032119231269999062e+02
1.038979249983230488e+02
1.045743447121378864e+02
1.101280023290434400e+02
1.082945882955910122e+02
1.073967739210138745e+02
1.031640045325111146e+02
1.034014148392088401e+02
1.036067651124981239e+02
1.038657292229493265e+02
1.042342450596346453e+02
1.046825641821587709e+02
1.051186424418290386e+02
1.142109979306833623e+02
1.123855567311964165e+02
1.044532356362202421e+02
1.045996383508932155e+02
1.047100205544494287e+02
1.048013154161098441e+02
1.049257910726684457e+02
1.051152788595580034e+02
1.053488999743466792e+02
1.055686869379105417e+02
