5.313494563058027325e+02
5.152783386506581564e+02
4.961792218063449127e+02
4.753626024268124297e+02
4.548125310833303274e+02
4.370347834789932335e+02
5.379925134959225943e+02
5.513162861956411689e+02
5.831443794134216887e+02
6.276266559182081437e+02
5.212625929429365215e+02
5.011111768574637040e+02
4.776113610161227712e+02
4.525378753240478318e+02
4.282735427065153999e+02
4.706583759102643967e+02
4.610253649027901020e+02
4.745057788150621718e+02
5.116704909569489814e+02
5.662666767225131252e+02
5.119486458260671498e+02
4.883113968896140591e+02
4.613512065120582974e+02
4.333274750226765377e+02
4.068404975790353433e+02
4.189865017514987926e+02
4.055368082690875440e+02
4.148302797878257593e+02
4.522027095717393763e+02
5.130134185037276211e+02
5.046719595391832627e+02
4.785289223229391382e+02
4.493375438609980392e+02
4.197803858478363281e+02
4.214430054731761288e+02
3.928461883335211269e+02
3.756711020752762238e+02
3.778882024247118352e+02
4.109581176359407664e+02
4.737736052423144884e+02
5.004470234377793645e+02
4.729512637076767874e+02
4.426804692543640840e+02
4.125755055208969679e+02
4.107222598547566577e+02
3.830526638050994279e+02
3.635428293444483074e+02
3.607037524333663328e+02
3.898595942558952743e+02
4.528428460608018895e+02
4.998621977880868030e+02
4.722174829379370635e+02
4.418540707728581083e+02
4.117405787475518650e+02
4.116710035027514323e+02
3.827434253589250943e+02
3.632594660161815909e+02
3.612999347701505144e+02
3.912253336532554613e+02
4.544487239208046390e+02
5.030011582887156010e+02
4.764453501387764049e+02
4.470077029127874653e+02
4.749548431110925435e+02
4.291738225711262089e+02
3.982817942049863973e+02
3.815482892680528835e+02
3.855749545635285358e+02
4.194199502322615558e+02
4.814888135341779503e+02
5.094133500654027671e+02
4.851692191087006449e+02
4.578539874432888723e+02
5.177508371370756777e+02
4.713525881844437890e+02
4.408759282528512244e+02
4.285398902579389642e+02
4.386323268959733923e+02
4.742364497645659185e+02
5.312204651867467646e+02
5.181589715578944606e+02
4.972573768802737391e+02
4.732770959827998922e+02
5.784016494484195618e+02
5.366064468043621218e+02
5.098189898732720167e+02
5.014903216904618262e+02
5.138855517499310963e+02
5.465132336720816966e+02
5.944358524874335217e+02
5.279937487209347182e+02
5.110507411296296141e+02
6.876757837777494160e+02
6.464352112256976852e+02
6.126714933363347200e+02
5.912800863507141003e+02
5.855748798357476517e+02
5.966865940279189999e+02
6.229378011813764715e+02
6.598598542259483111e+02
