1.232552444177358382e+02
1.164044487151931975e+02
1.038927813166757659e+02
8.838000627152700872e+01
7.696050809899864475e+01
7.218406151518126990e+01
7.273331395599296911e+01
3.071417755665632043e+01
3.187996661698409184e+01
3.336471613325784347e+01
1.226871171485256156e+02
1.149198668787167890e+02
1.007585903367069875e+02
8.348124037089836236e+01
7.152498495596726968e+01
6.652683346248036855e+01
2.849261225561424382e+01
2.876522714241563250e+01
3.010608241009397901e+01
3.199757683960049093e+01
1.230165918823206255e+02
1.158874920348573454e+02
1.026429135002963875e+02
8.540381269432626254e+01
7.119675184016666947e+01
2.786435565986693419e+01
2.721420858456658110e+01
2.775721331562311889e+01
2.908427966064773074e+01
3.098746032165052355e+01
1.239107400168665407e+02
1.185495968605434456e+02
1.083899843227951010e+02
9.404716782256653573e+01
7.990080018066274192e+01
2.715466820863020203e+01
2.664371640108625883e+01
2.745793075993563548e+01
2.876759007138215907e+01
3.056426660799781558e+01
1.246641908464142574e+02
1.211802495953897107e+02
1.147111986450659060e+02
1.052120858794586127e+02
2.949585860623946587e+01
2.728797526000721874e+01
2.654418134183730160e+01
2.729310836690682862e+01
2.873655351675534320e+01
3.065624382166841499e+01
1.247729287688177919e+02
1.224964261502706790e+02
1.187712849105101043e+02
1.134674698770193260e+02
3.008397636389983987e+01
2.802453368593167227e+01
2.709148452625871428e+01
2.765589576858512899e+01
2.921934271620506607e+01
3.125001354855333702e+01
1.243524733767220880e+02
1.226080189027468350e+02
1.203442029164284719e+02
1.174568077597465390e+02
3.065925641542575875e+01
2.907414180258050251e+01
2.836609398295442830e+01
2.888480092955552436e+01
3.034090432787953517e+01
3.217418971597139432e+01
1.239132983672239021e+02
1.224439384996293256e+02
1.208836884150998685e+02
3.256400318200091704e+01
3.126921997514466156e+01
3.023420670530718013e+01
2.991543178386518065e+01
3.043726022663163633e+01
3.161959284627839750e+01
3.308167968128894643e+01
1.238160521942334782e+02
1.225268467970242625e+02
1.213148904966176076e+02
3.294667593972567943e+01
3.198517113477467433e+01
3.134744666022012183e+01
3.128587005396641274e+01
3.177377645389405458e+01
3.269726685609035144e+01
3.382368124154767486e+01
1.241768790345204962e+02
1.229506257205063235e+02
1.218676364677726696e+02
3.351238473361760128e+01
3.280016735335405542e+01
3.238186307445077006e+01
3.241851553361473748e+01
3.285794381229578676e+01
3.359858170385777498e+01
3.445390762592355571e+01
