3.602981206423347089e+02
3.577183553028363576e+02
3.541210640345117895e+02
3.496583120034696890e+02
3.449159330591656953e+02
3.408067540290017519e+02
3.353741192640329132e+02
3.321429462603896923e+02
3.318524825165955576e+02
3.325722811001271566e+02
3.604296752415084484e+02
3.579668582522198790e+02
3.545018683549249658e+02
3.501851242949574612e+02
3.455727614959765788e+02
3.439456694508461965e+02
3.366031706494182458e+02
3.330121085334604913e+02
3.323350069833807652e+02
3.328932539169708207e+02
3.612209330794241282e+02
3.590761153307515769e+02
3.560355685999662683e+02
3.521846056098951863e+02
3.479484483750516119e+02
3.486875504361644857e+02
3.410182752336120870e+02
3.364706974681927250e+02
3.347496812019309118e+02
3.348252990943539089e+02
3.626996098336771865e+02
3.610147543230107203e+02
3.586040089589059789e+02
3.554574144833536593e+02
3.654144944267227402e+02
3.565245211360525559e+02
3.488547487668424765e+02
3.434895219521364993e+02
3.407161116591644259e+02
3.402443345274195963e+02
3.648714014403362285e+02
3.636992637671343118e+02
3.619827903039923740e+02
3.596295268821083937e+02
3.740505373955729169e+02
3.665418538234719676e+02
3.595263085262963045e+02
3.540414271021955983e+02
3.507494416779861695e+02
3.499007119506428580e+02
3.675824459195765712e+02
3.668884857142519991e+02
3.657953768925165718e+02
3.641682759732182717e+02
3.831282202716895995e+02
3.772813019454724781e+02
3.714825814907352992e+02
3.666189281224811793e+02
3.634546285939850918e+02
3.624766719868924270e+02
3.704819237067957829e+02
3.701731727561838170e+02
3.695523251204767803e+02
3.950209781632848376e+02
3.914541352232244549e+02
3.872274777441260198e+02
3.828546464714236777e+02
3.790198138861055099e+02
3.763954313294889289e+02
3.754711996247614820e+02
3.731323373036054249e+02
3.730946619516583382e+02
3.727812047854098410e+02
4.005591977670527513e+02
3.982016864522627202e+02
3.953130281264215569e+02
3.922380198976478596e+02
3.894616730183055324e+02
3.874864643653028793e+02
3.866948411677415720e+02
3.751760282908534805e+02
3.753028380076362396e+02
3.751628008888646377e+02
4.045707324707415751e+02
4.030434816045491857e+02
4.011255839724175871e+02
3.990487644753176824e+02
3.971366976145924923e+02
3.957261686178432569e+02
3.950745383370471586e+02
3.764432300537693550e+02
3.766498306994909058e+02
4.077255484664162850e+02
4.070814766616741736e+02
4.060808842944341563e+02
4.048054550362222699e+02
4.034144490616375265e+02
4.021172033956391374e+02
4.011244426343708938e+02
4.005932522847281234e+02
