9.333789928254918777e+01
8.729993249703805702e+01
8.404762580912711201e+01
8.533250264580715339e+01
9.704567476797535619e+01
1.203813598569293646e+02
1.752287474706334933e+02
2.118015106194458781e+02
2.432686038306724186e+02
2.675306539730256645e+02
9.505561299763439820e+01
8.817454273913322993e+01
8.515814578412573610e+01
8.769234515461917567e+01
1.005702556327290011e+02
1.433117880458831337e+02
1.794095794753365283e+02
2.150165207484732264e+02
2.455690638649424784e+02
2.690861096167748769e+02
1.027634412631795868e+02
9.408864601227891455e+01
9.169530358424370320e+01
9.699604094427563439e+01
1.120675642853744023e+02
1.578266659612806961e+02
1.915657586488818822e+02
2.242163326159145811e+02
2.520056522149700697e+02
2.732956043160066315e+02
1.204014899756037664e+02
1.111594598918072023e+02
1.095795177173706350e+02
1.165516440957533320e+02
1.539444541412460410e+02
1.804525781899372134e+02
2.098740860704654096e+02
2.378430498009977896e+02
2.614356876959979559e+02
2.794013088243095240e+02
1.464387543143572543e+02
1.383544063476316524e+02
1.374158333856694014e+02
1.440868313969174892e+02
1.858925871112905952e+02
2.076967632217264281e+02
2.313722529320577053e+02
2.536254805564298636e+02
2.722618525519025638e+02
2.863629572821075726e+02
1.751963504984079236e+02
1.690338869369216752e+02
1.684773804318625139e+02
1.737694910421570285e+02
2.188439946667041625e+02
2.351892887748008718e+02
2.527676959976055286e+02
2.691892310826650032e+02
2.828661278697801436e+02
2.931432085122129934e+02
2.014642965570939737e+02
1.972034645959822399e+02
1.968535248822136055e+02
2.394297676508117831e+02
2.480670807627539318e+02
2.593484471046159001e+02
2.714344611337846800e+02
2.826862834203960801e+02
2.920103128957881040e+02
2.989553650114684160e+02
2.223729015874292827e+02
2.196533181292589916e+02
2.194148233002001405e+02
2.654848925170377925e+02
2.710227858958759839e+02
2.782409811712645364e+02
2.859645806694317685e+02
2.931368439470246585e+02
2.990440188779667778e+02
3.033875393707371586e+02
2.372414273965563041e+02
2.356271777289739191e+02
2.354532154016357026e+02
2.839464017063235133e+02
2.872428464185051098e+02
2.915421191956593248e+02
2.961433375544349929e+02
3.004043712725425621e+02
3.038824642253151751e+02
3.063871832977846452e+02
2.467908149087285494e+02
2.458976252615071871e+02
2.948342801594561706e+02
2.957914513936601111e+02
2.976182643939429795e+02
3.000077790731536425e+02
3.025685351921358688e+02
3.049308718434963339e+02
3.068317425603300990e+02
3.081530692222953576e+02
