6.687187443026581946e+01
6.641151672114952476e+01
6.638021670752620196e+01
6.681751106458696654e+01
6.792757924793890822e+01
6.984518307216981725e+01
8.130075399429522065e+01
8.548570762667645795e+01
8.946306141631269782e+01
9.270419031908828345e+01
6.725848644910720964e+01
6.693155871631391562e+01
6.699191557050893664e+01
6.747214762375497799e+01
6.858759732379741081e+01
7.820157686630230387e+01
8.186235815990032449e+01
8.604449979639082358e+01
9.000249713475713520e+01
9.320151853353958415e+01
6.797327741880741314e+01
6.771629676373993334e+01
6.789076242740433997e+01
6.851624056442059896e+01
6.975763524714373887e+01
7.973000212039798384e+01
8.338654018264212198e+01
8.743403052751027360e+01
9.118046603628017976e+01
9.414670289750263521e+01
6.913030277258404510e+01
6.892195452186226134e+01
6.922929196631622517e+01
7.005093876210533210e+01
7.937067026176740114e+01
8.217488907966307465e+01
8.574478831928516342e+01
8.950364572638247296e+01
9.286177315535340426e+01
9.543497669741009304e+01
7.085401215250806217e+01
7.072471631779194468e+01
7.116566941864446960e+01
7.215064750308174268e+01
8.254873118760993123e+01
8.535865249250142028e+01
8.867253268729129445e+01
9.198080440777596323e+01
9.481396683028462746e+01
9.688995928158890081e+01
7.304465016007047495e+01
7.303820304355946291e+01
7.358684755461069926e+01
7.464353352213153414e+01
8.628957611221875368e+01
8.888783662411323405e+01
9.176978720276899537e+01
9.451049021822257146e+01
9.675256645995202121e+01
9.830023540637624535e+01
7.536870521478866181e+01
7.549912478092470280e+01
7.610857633999590632e+01
8.825650759504306109e+01
9.003026701792457231e+01
9.225217722042862079e+01
9.460269766142327796e+01
9.674430208099502693e+01
9.841125492791623230e+01
9.947036300169980905e+01
7.744937725731898581e+01
7.768898650587159693e+01
7.830570067526755906e+01
9.174072729206766041e+01
9.323504803980326017e+01
9.502083087397328143e+01
9.683996509782279816e+01
9.843394375871835678e+01
9.960661936747000311e+01
1.002663185658231413e+02
7.905083112126590095e+01
7.934725438187126656e+01
7.992401121798690156e+01
9.440499746282615945e+01
9.560128938056152492e+01
9.697652968297963127e+01
9.833396506948461990e+01
9.948019038613668386e+01
1.002701569812749085e+02
1.006389112299203816e+02
8.012946593085716529e+01
8.042979275042532095e+01
9.546649525298704475e+01
9.617024861372132705e+01
9.709588072991077468e+01
9.812640710746006789e+01
9.911684389684867824e+01
9.992444726897768703e+01
1.004416581252418439e+02
1.006212104938626339e+02
