2.010429149321506657e+02
1.951627549874835097e+02
1.943803747075427850e+02
1.972451146918218399e+02
2.063918546740892452e+02
2.248414895536547533e+02
2.734213006993251156e+02
3.066300367572969208e+02
3.370771001501585147e+02
3.611757320564815359e+02
1.983085682988020721e+02
1.933494984087115540e+02
1.929278710186389105e+02
1.953687054567119503e+02
2.037399518597738108e+02
2.399398043202444910e+02
2.701598978237817619e+02
3.041754412233449898e+02
3.355371915378885888e+02
3.604026006182909896e+02
1.998533283453203921e+02
1.937634995199857144e+02
1.930522333513096953e+02
1.963025235502500720e+02
2.060645682219338539e+02
2.438131595348841927e+02
2.743054736263909490e+02
3.078399147824846978e+02
3.384158389693951676e+02
3.625074689267141821e+02
2.073841388183749928e+02
1.990262378205957532e+02
1.976416615291479957e+02
2.024418848771832984e+02
2.321653862270853779e+02
2.554430540704551333e+02
2.855257581405174960e+02
3.171238295115944084e+02
3.452844060034135509e+02
3.671927953052910993e+02
2.233512087514062330e+02
2.134817693548161799e+02
2.116065056630249614e+02
2.175882500615722961e+02
2.511815636749956582e+02
2.745898095038401152e+02
3.025389332221138261e+02
3.305958528431865489e+02
3.549803643523909500e+02
3.736548881613524031e+02
2.469368904022001914e+02
2.373958013767907289e+02
2.355649257504037735e+02
2.416590652829455053e+02
2.778682721118727841e+02
2.989232662168416255e+02
3.228433955073611514e+02
3.460883489854012964e+02
3.658752009734204762e+02
3.807917545702227358e+02
2.738181358902525062e+02
2.660279537130958829e+02
2.646640764872699378e+02
2.949660326812559674e+02
3.074727210836835525e+02
3.244865315880434196e+02
3.433093234472710265e+02
3.612566089492036099e+02
3.763179163220506780e+02
3.875117430832284526e+02
2.991331703764617487e+02
2.935525051157152916e+02
2.927818395810337506e+02
3.254547594218184940e+02
3.348998438730361613e+02
3.474934350445594760e+02
3.612451541529519545e+02
3.742429927892174533e+02
3.850657804671707254e+02
3.930125845065961698e+02
3.197705372220922868e+02
3.161568873534783393e+02
3.158826347906681349e+02
3.502742328466320600e+02
3.569243897076981966e+02
3.656530990851997558e+02
3.751308582585645013e+02
3.840783031535355008e+02
3.915143546581483633e+02
3.969222224952061424e+02
3.347955668683866293e+02
3.326103381490989364e+02
3.326374013645339005e+02
3.681363556652769375e+02
3.726150005889608110e+02
3.784174530733814095e+02
3.847158125488363112e+02
3.906916732024233170e+02
3.956762613958356951e+02
3.992783839352647419e+02
