5.035498245209953893e+03
5.035217449493142340e+03
5.035088021200858748e+03
5.035136374165142115e+03
5.035353954548125330e+03
5.035699176038822770e+03
5.024826481887874252e+03
5.025231978843665274e+03
5.025585912275381816e+03
5.025861587020487605e+03
5.034909987945962712e+03
5.034549984052181571e+03
5.034356671967636430e+03
5.034356203184165679e+03
5.034538370408108676e+03
5.023591832636167965e+03
5.023991323526023734e+03
5.024408870490784466e+03
5.024799988233145996e+03
5.025140700885996921e+03
5.034149686945373105e+03
5.033699091585791393e+03
5.033434455998381054e+03
5.033378994614707153e+03
5.033518655594611118e+03
5.022546767818531407e+03
5.022931050913207400e+03
5.023357414002718542e+03
5.023790386740393842e+03
5.024210808561820159e+03
5.033193081334219642e+03
5.032642848149534075e+03
5.032306166766707975e+03
5.032200881994661358e+03
5.021042713255703347e+03
5.021312481526293595e+03
5.021690974245278994e+03
5.022136828715768388e+03
5.022625041482995584e+03
5.023142262597239096e+03
5.032069988645282137e+03
5.031416738029977751e+03
5.031015087649643647e+03
5.030875861618442286e+03
5.019700003111703154e+03
5.019972305297677849e+03
5.020369059960511549e+03
5.020856214276500395e+03
5.021418135938949490e+03
5.022046894952392904e+03
5.030883185872241484e+03
5.030133254019311607e+03
5.029681331667959967e+03
5.029530701287301781e+03
5.018361504564797542e+03
5.018667261224940376e+03
5.019111822718729854e+03
5.019664420787483323e+03
5.020315626633811007e+03
5.021061331981548392e+03
5.029801776252078525e+03
5.028974525090041425e+03
5.028493246448757418e+03
5.017060835403107376e+03
5.017214168875688301e+03
5.017578799599444210e+03
5.018093491061401437e+03
5.018726306977639979e+03
5.019469942273293782e+03
5.020321886470534082e+03
5.029024298701125190e+03
5.028152848180327055e+03
5.027666910020024261e+03
5.016250784219074376e+03
5.016457989665776040e+03
5.016890702896076618e+03
5.017479599651782337e+03
5.018188367657086019e+03
5.019008206412748223e+03
5.019936102851692340e+03
5.028721399331836437e+03
5.027849492739414018e+03
5.027384203787902152e+03
5.015992907124825251e+03
5.016250626671275313e+03
5.016739586893088926e+03
5.017383951766904829e+03
5.018142152385231384e+03
5.019001783026917110e+03
5.019957970200308409e+03
5.028979971636872506e+03
5.028155125851401863e+03
5.027732977657876290e+03
5.016366527088729526e+03
5.016656597141004568e+03
5.017171809373860924e+03
5.017833925290721709e+03
5.018597683035474802e+03
5.019446843158817501e+03
5.020374328838151087e+03
