3.676562536867716062e+02
3.652093617323126296e+02
3.624238052390277289e+02
3.604916597366386668e+02
3.602618430133433662e+02
3.615828589641403141e+02
3.637595040676337703e+02
3.661042274836944443e+02
3.680428391594908817e+02
3.692782870909620101e+02
3.626697766441645285e+02
3.561393785748934420e+02
3.494112512088817653e+02
3.457918393060858193e+02
3.470497290720886099e+02
3.518669144968979481e+02
3.577075332708770929e+02
3.628434624562958106e+02
3.665185472509360807e+02
3.686575595120968956e+02
3.505447827529960705e+02
3.343090971851642053e+02
3.182695280965266988e+02
3.106563435930859782e+02
3.156557872468022197e+02
3.294978814985577742e+02
1.634327366132438044e+02
1.687630586021772956e+02
1.717899932755556449e+02
1.731817212329806352e+02
3.274491505642142783e+02
2.929787715725445310e+02
2.594662460051091557e+02
2.440198738117249206e+02
1.209045345954704942e+02
1.358253813037655107e+02
1.519525219322716509e+02
1.636414126550103845e+02
1.699494884853482688e+02
1.726274800202053825e+02
2.950301430346442544e+02
2.357404581754989863e+02
1.795495116908040245e+02
1.539324458366447459e+02
8.096755841175161095e+01
1.071744423393660668e+02
1.358499120280490047e+02
1.565101187950332644e+02
1.674330776218636743e+02
1.719007609796540521e+02
2.645815951157038626e+02
1.837245030346680323e+02
1.139178236861785081e+02
3.623257548339592660e+01
4.593362385966047867e+01
8.056160104824699886e+01
1.207129226515395288e+02
1.497821227904555599e+02
1.650557739325214186e+02
1.712182458575721853e+02
2.517833207236289184e+02
1.629257191962358320e+02
9.494894619232630362e+01
3.030593178620456030e+01
3.450027020063326688e+01
6.980218205913188001e+01
1.144308442687130736e+02
1.469591466939728264e+02
1.640400744746797272e+02
1.709170126494328485e+02
2.642183599182934586e+02
1.834373934203698582e+02
1.151268606898144924e+02
3.690910509161329145e+01
4.671930430820011537e+01
8.093712046467192067e+01
1.208562187819183009e+02
1.498097193466327610e+02
1.650296153397366083e+02
1.711878480223724353e+02
2.947249002638798743e+02
2.357771670452902129e+02
1.812431065813877353e+02
7.165385342614430897e+01
8.167209724287540951e+01
1.076867134502851826e+02
1.361558006219985657e+02
1.566509482962477762e+02
1.674624629226739785e+02
1.718918630656691278e+02
3.275528619112130855e+02
2.937339070527880267e+02
2.615937043792707186e+02
1.155137138720268695e+02
1.214408291547008929e+02
1.363359765405897690e+02
1.523949766200143472e+02
1.639537467171520007e+02
1.701102613359466318e+02
1.726909874210518012e+02
