1.031294561188695843e+04
1.031238029405760790e+04
1.031247036899525119e+04
1.031330872383194765e+04
1.031492712967334410e+04
1.031717782842181077e+04
1.033141067512270820e+04
1.033392543712973202e+04
1.033608102332029193e+04
1.033775162473378259e+04
1.031353256114007490e+04
1.031293952411750070e+04
1.031284944568386527e+04
1.031338547530633878e+04
1.031465535526207350e+04
1.032823535489701680e+04
1.033058874654141437e+04
1.033297520027002793e+04
1.033509680866076633e+04
1.033681037348183418e+04
1.031489445288791285e+04
1.031428697805210868e+04
1.031403864986699227e+04
1.031427708438547779e+04
1.031515140121525292e+04
1.032830486141289293e+04
1.033025953380389001e+04
1.033233199276671439e+04
1.033425281950243698e+04
1.033588477426988902e+04
1.031680016335206528e+04
1.031618520254954092e+04
1.031582253784678869e+04
1.031581913064447326e+04
1.032796445118894371e+04
1.032901441117421382e+04
1.033046779673363380e+04
1.033208632419445894e+04
1.033366350170918849e+04
1.033509377399078767e+04
1.031909588909900231e+04
1.031849117702588046e+04
1.031806473406098121e+04
1.031788765573727323e+04
1.032972781402879446e+04
1.033031751920600800e+04
1.033122764449565875e+04
1.033231071522874117e+04
1.033344467167910989e+04
1.033457473101870892e+04
1.032166025415160584e+04
1.032110431541658727e+04
1.032066281384459216e+04
1.032036865119639697e+04
1.033196190157871933e+04
1.033212867300836115e+04
1.033250656527689716e+04
1.033303631012202095e+04
1.033368337999317555e+04
1.033445036685766900e+04
1.032431259666484402e+04
1.032385683837854413e+04
1.032344528929874105e+04
1.033477339595233025e+04
1.033448488977233865e+04
1.033429156419604806e+04
1.033419977199629466e+04
1.033422305755447633e+04
1.033440079685147612e+04
1.033478700087522520e+04
1.032679107718269734e+04
1.032647937840326631e+04
1.032613762037706510e+04
1.033746641741594249e+04
1.033703414220328523e+04
1.033657491568815931e+04
1.033612406830540021e+04
1.033574486834724303e+04
1.033552708482191701e+04
1.033556202310087428e+04
1.032882807476836206e+04
1.032867846136843946e+04
1.032843588898732560e+04
1.033981515707855942e+04
1.033932152325748575e+04
1.033871514184741136e+04
1.033804713945530420e+04
1.033740576484086341e+04
1.033690577622425189e+04
1.033665898572952938e+04
1.033025266077635933e+04
1.033025150477121679e+04
1.033012006173900591e+04
1.034159008805634585e+04
1.034111765912525152e+04
1.034048394665520755e+04
1.033974260467293789e+04
1.033898571821283258e+04
1.033833163278456050e+04
1.033789728928337900e+04
