5.543771750749826879e+02
5.353565603543033831e+02
5.157096167444484536e+02
4.987486227686728739e+02
4.872041304865524580e+02
4.818625833426509075e+02
4.710608485202453721e+02
4.790016145656062463e+02
4.945153162329613679e+02
5.181457987318947289e+02
5.419585536728785655e+02
5.183870039023969412e+02
4.941359206189186466e+02
4.737410615068317270e+02
4.606378171208411345e+02
4.372083396537915974e+02
4.389905075621875312e+02
4.464082082417164088e+02
4.609617350806784657e+02
4.854743169202898798e+02
5.316387485507594874e+02
5.036424501687670841e+02
4.745730224871317660e+02
4.500898961499688653e+02
4.344503380676586062e+02
4.087905154989947505e+02
4.107696631957310274e+02
4.168390803699323897e+02
4.297521224389262784e+02
4.546754973376224598e+02
5.236748523659582588e+02
4.914916419087729764e+02
4.572212766527099461e+02
4.272484240993113076e+02
3.884150065893421697e+02
3.801951372956812634e+02
3.806129407712925286e+02
3.854539401060162618e+02
3.982577784950228761e+02
4.253954670760849694e+02
5.184595975633175158e+02
4.826190593781228699e+02
4.430537030766054727e+02
4.062579906823310125e+02
3.651144411151262261e+02
3.505887144831769433e+02
3.474872533371745362e+02
3.521147373054625405e+02
3.678048114312611006e+02
4.000013830199356448e+02
5.168507636150919780e+02
4.784811234424414579e+02
4.345712851870380291e+02
3.911608384122098983e+02
3.516087869204333742e+02
3.286990642680341921e+02
3.211908569098577004e+02
3.268502032457951714e+02
3.474687428320881395e+02
3.854131359574073485e+02
5.197071847594249903e+02
4.805881264176764489e+02
4.346203799277728308e+02
4.021088632108387060e+02
3.575575640104388526e+02
3.288424262961956401e+02
3.184045308243742625e+02
3.254225979675346139e+02
3.493135823835920064e+02
3.891262583459418920e+02
5.270819599333771066e+02
4.892384527467533530e+02
4.441379148804284682e+02
4.287515115377722736e+02
3.853181982952312978e+02
3.563402601626970636e+02
3.457697678049269143e+02
3.530414226555778896e+02
3.757984227328740872e+02
4.115872741911570074e+02
5.379496691616992621e+02
5.030779065727284092e+02
4.612726927225390341e+02
4.651378752171765996e+02
4.268415588328026047e+02
4.011685104605379593e+02
3.917888922160507263e+02
3.978328636628425556e+02
4.163672091776600155e+02
4.449231495842827258e+02
5.507008143786139271e+02
5.198778606466968313e+02
5.404575621073616958e+02
5.037546823115282564e+02
4.714611745598945731e+02
4.494805944064825098e+02
4.408234537117557466e+02
4.446501128713948106e+02
4.583253844427060244e+02
4.798385326266974289e+02
