3.942273019472536930e+02
3.952713837158946149e+02
4.046861313774242603e+02
4.216921495218479663e+02
4.437479648421528964e+02
4.671499461929554400e+02
5.490783724365677472e+02
5.759921234972825914e+02
5.946476794107746855e+02
6.066000321359701957e+02
3.583419505946753816e+02
3.569339372054328692e+02
3.647750683026877709e+02
3.829719746770136339e+02
4.094985144859219304e+02
4.801117498693502625e+02
5.260568135036138528e+02
5.613748702235079691e+02
5.859038306780498715e+02
6.015971659513901386e+02
3.306391051864086990e+02
3.248737826199732694e+02
3.280903862419722827e+02
3.447136817705839462e+02
3.741112168173908685e+02
4.494234945553748162e+02
5.049387302717921102e+02
5.478935104706090442e+02
5.778041877168403744e+02
5.969498161746843152e+02
3.103343630666726654e+02
2.993043313847921354e+02
2.965878212479505009e+02
3.103134180760663412e+02
3.573647121364005557e+02
4.269917073666045439e+02
4.893188687283417266e+02
5.377874363023888691e+02
5.716285304647567500e+02
5.933377097271758203e+02
2.928378392269192432e+02
2.774476743003493198e+02
2.710197171300568471e+02
2.837812012531529717e+02
3.445558817173152306e+02
4.170577902518391511e+02
4.821895148152898969e+02
5.329326058486271904e+02
5.684543306248172030e+02
5.913377642065867121e+02
2.771990084822202789e+02
2.600031690047529196e+02
2.549940676870427865e+02
2.710232843031094490e+02
3.506974001004613228e+02
4.217316408978940672e+02
4.850175007426688012e+02
5.342577928339705977e+02
5.688333666367421984e+02
5.912626623437705575e+02
2.708950838603191755e+02
2.551201255851752592e+02
2.560207489642871224e+02
3.127360252047383824e+02
3.752278145836069143e+02
4.401613480747914195e+02
4.971663285658794393e+02
5.414051201170328795e+02
5.726131074180084397e+02
5.930752697576604078e+02
2.842907619634757452e+02
2.718154919192992907e+02
2.782093673407487131e+02
3.587994121251244906e+02
4.136359651664665762e+02
4.685024052001935502e+02
5.160067452948539994e+02
5.528212784285063890e+02
5.789878017135599748e+02
5.964103993168215538e+02
3.184015725015505041e+02
3.084808766157112814e+02
3.159435169910420882e+02
4.148084856393094810e+02
4.584747441545779907e+02
5.011787877457617242e+02
5.378367655002340371e+02
5.663048492158857243e+02
5.867789447265349736e+02
6.006980194189553686e+02
3.635583193564998510e+02
3.544573312071635200e+02
4.431123057335656767e+02
4.705835773815865082e+02
5.022187396813276337e+02
5.328817645475789959e+02
5.591761774965224276e+02
5.797570761758825029e+02
5.948208375723537529e+02
6.053362042245663588e+02
