1.090182290077317248e+03
1.059513116725821874e+03
1.014857273248730053e+03
9.561496425317176318e+02
8.875694399914583528e+02
8.178782230522334658e+02
7.088571640745043396e+02
6.743389319394659651e+02
6.625986836834069891e+02
6.750417962126551856e+02
1.073113072139716905e+03
1.032771883808378107e+03
9.744353544430387046e+02
8.985009447162882452e+02
8.113387133440752450e+02
6.794273137532916280e+02
6.188738133175957046e+02
5.819904788382600600e+02
5.705147465029484692e+02
5.837220786673099155e+02
1.055823768998420064e+03
1.006562249026587551e+03
9.357917604771533888e+02
8.446387815021762435e+02
7.422144353089538527e+02
6.089430268029528861e+02
5.477762788968667564e+02
5.162943720192511137e+02
5.086816229842604002e+02
5.198089871364983310e+02
1.041024252094279291e+03
9.851363770742373163e+02
9.052372429267161351e+02
8.031814516408779809e+02
6.465738935552502653e+02
5.590530874553425065e+02
5.029151934553266301e+02
4.814067729861168914e+02
4.795174630118478376e+02
4.873911447412337452e+02
1.031377545821497279e+03
9.724700811038294432e+02
8.884467557070859129e+02
7.814810874776854916e+02
6.223544127107064696e+02
5.336215096385666357e+02
4.807899704949199418e+02
4.651737507369055606e+02
4.669591806677675550e+02
4.739780590316982511e+02
1.028530204660060235e+03
9.708923980368148250e+02
8.886905313751520907e+02
7.838297319303443373e+02
6.246126844661450832e+02
5.351827402184849234e+02
4.791862716353946325e+02
4.600434738233669805e+02
4.611511811460428021e+02
4.714461645423857590e+02
1.032484541009533586e+03
9.801968782906072875e+02
9.056146050534740652e+02
7.486323952150266905e+02
6.544046886192716102e+02
5.674855670202607598e+02
5.062166439378363521e+02
4.778787499573556374e+02
4.749691978118500515e+02
4.905926923720631407e+02
1.041796315776239453e+03
9.978685874790855905e+02
9.353458666692640691e+02
7.881870434820741593e+02
7.074373577377918991e+02
6.296292557296069390e+02
5.690809405472190292e+02
5.350970386533932697e+02
5.284580046512902527e+02
5.470192523807959333e+02
1.054438361140147890e+03
1.020291304013973217e+03
9.720203363716857439e+02
8.371874485783644104e+02
7.739655679093962135e+02
7.111660016811921423e+02
6.593316923094711228e+02
6.273640123188159805e+02
6.197312020385726328e+02
6.370537501081371374e+02
1.068615134790828961e+03
1.044060958101147207e+03
9.265998546709342918e+02
8.875175973638555433e+02
8.424115460207602837e+02
7.966989131570489917e+02
7.577088991945024645e+02
7.325758255144921804e+02
7.261041674355514033e+02
7.397747805996001489e+02
