3.885670709316296438e+02
3.876276677036768774e+02
3.897466910441846721e+02
3.943508023086250205e+02
4.004559810531451944e+02
4.069603331810809550e+02
3.842336418141910599e+02
3.886973316896971369e+02
3.921319049083108439e+02
3.947352207599679446e+02
3.650117182438788745e+02
3.635929030983684811e+02
3.664412448883195452e+02
3.728609735723271115e+02
3.816015258371398886e+02
3.648227768241029025e+02
3.729129483657293918e+02
3.796854703490175780e+02
3.849414527509355253e+02
3.889132380204127912e+02
3.396078586616266648e+02
3.375955671607217710e+02
3.407319526016492546e+02
3.484213661119948142e+02
3.594428536738959679e+02
3.478979905543096152e+02
3.588940729908192679e+02
3.683468495204641613e+02
3.758015201784423880e+02
3.814473326696960385e+02
3.168664153087210025e+02
3.141979567197863616e+02
3.167315905258120665e+02
3.243752351733421051e+02
3.162191219013496379e+02
3.296642574938074404e+02
3.434181096708960581e+02
3.556989622920652323e+02
3.655915523197922425e+02
3.730893268398652936e+02
3.005597556743276755e+02
2.972292020023199370e+02
2.981813206314373588e+02
3.042158669504368618e+02
2.979151037202573207e+02
3.125256966025372662e+02
3.286145214899389089e+02
3.436544505404699521e+02
3.560333289541188719e+02
3.653485291128389463e+02
2.912729585037563993e+02
2.872784084429330846e+02
2.862733960541041256e+02
2.899781053459728355e+02
2.839873601468523816e+02
2.990504939571009118e+02
3.169799006425774337e+02
3.344808742301565871e+02
3.491129095169315519e+02
3.599262858075417739e+02
2.870107622808281462e+02
2.823167092184464195e+02
2.799435718706213834e+02
2.672872784094479925e+02
2.759893906454544776e+02
2.912854407312406693e+02
3.104794042325668784e+02
3.297527802010124560e+02
3.459738573375874466e+02
3.576604367364184327e+02
2.867734126469742364e+02
2.814043313944787883e+02
2.788261083732659245e+02
2.662765410510568813e+02
2.749940792136005143e+02
2.903598566399861625e+02
3.098284109000150011e+02
3.295698386322419537e+02
3.461936035870422188e+02
3.578956997815686805e+02
2.926084132832970681e+02
2.868298486758495756e+02
2.849970341284415554e+02
2.727614029148783743e+02
2.817541359953540336e+02
2.963969112302664257e+02
3.145248439905823830e+02
3.328716804579030395e+02
3.483403621164445667e+02
3.591284893375964202e+02
3.072483698998505588e+02
3.015964230418254033e+02
3.007122704025148323e+02
2.874970103464985414e+02
2.959677230603480211e+02
3.084994971229089629e+02
3.234729067743148221e+02
3.385502019402492238e+02
3.513680784645746940e+02
3.604440442457012068e+02
