5.492599467925095951e+02
5.440585297985303441e+02
5.379162877427993408e+02
5.311490544314845010e+02
5.243394155964739412e+02
5.183118473788626943e+02
4.701023676446695845e+02
4.677715245234813892e+02
4.678542216096479933e+02
4.705243164995932261e+02
5.414236911066902849e+02
5.331841623125739034e+02
5.233026992217754696e+02
5.122620693031825567e+02
5.009947325043091837e+02
4.520575362407620332e+02
4.448802212974524082e+02
4.406573770034687527e+02
4.403637016074607686e+02
4.443401649004920273e+02
5.319148061356261223e+02
5.197932059221737973e+02
5.050658545750794133e+02
4.884210691235335844e+02
4.712456036056404400e+02
4.229951368010400188e+02
4.117425467538038220e+02
4.048483246433598879e+02
4.037332539383496055e+02
4.090367149575111512e+02
5.214626671422073514e+02
5.048955232679956566e+02
4.845794465007183476e+02
4.614585905166122188e+02
4.086536751555624960e+02
3.892398881484367053e+02
3.734497588800289236e+02
3.634481590755664797e+02
3.609883666140214018e+02
3.671527199785191442e+02
5.111838809558678918e+02
4.900791180947700809e+02
4.640619928323851013e+02
4.344197035127668300e+02
3.797176407498749313e+02
3.551744784069842353e+02
3.355844835771731596e+02
3.229693182433263132e+02
3.188927218196719195e+02
3.248754799552824579e+02
5.024115289990907627e+02
4.772240620645244462e+02
4.460878896404303759e+02
4.107351409320066864e+02
3.540547556958738369e+02
3.259692220891993770e+02
3.045654122222338174e+02
2.910449408259545976e+02
2.858289771366032141e+02
2.904525252147793140e+02
4.964957343317551590e+02
4.682110383173714467e+02
4.331209204955059136e+02
3.701750120616745789e+02
3.351600645021454170e+02
3.051899211572649619e+02
2.839174063177562743e+02
2.714540574462708378e+02
2.663520081576730263e+02
2.693830848396611373e+02
4.945793833779440547e+02
4.646793884127257570e+02
4.273021195309748919e+02
3.625482662259097992e+02
3.252231930649059564e+02
2.938403063788811664e+02
2.727558632324598875e+02
2.616885461219739568e+02
2.577338441547303773e+02
2.604423938999736379e+02
4.972844310462840554e+02
4.676647885016315627e+02
4.301809032999274223e+02
3.642170560860294586e+02
3.256337823200603339e+02
2.923694346069585777e+02
2.696455064039307103e+02
2.581865642041003639e+02
2.551970171476936002e+02
2.593113157780713323e+02
5.043690481722842947e+02
4.770659334955095687e+02
4.419990784094055698e+02
3.754116641065066915e+02
3.373094921606448793e+02
3.025999130049600581e+02
2.769744843176806057e+02
2.630444890926463586e+02
2.598274175386210345e+02
2.659436795217257554e+02
