5.602977343054807534e+03
5.373860227617698001e+03
5.000681510582695410e+03
4.447294994675898124e+03
3.705011198419800166e+03
2.813545915867396616e+03
2.077293453509431401e+03
1.143763481978364325e+03
5.216611013150670715e+02
3.586157896452507998e+02
5.592742783081253947e+03
5.354594363274769421e+03
4.966809595053632620e+03
4.391831926875438512e+03
3.620601474207643605e+03
2.990475371800197081e+03
1.903882351227171739e+03
9.349125713576346470e+02
3.182182538012879718e+02
2.633515684158624595e+02
5.602049716667779649e+03
5.372918318472548890e+03
4.999947560197498206e+03
4.447038511936951181e+03
3.705470124209549340e+03
3.124382861712290833e+03
2.079395805494886190e+03
1.145522610960456859e+03
5.200268346322886828e+02
3.523904907039361660e+02
5.628789371111611217e+03
5.424697339259605542e+03
5.092630290947297908e+03
4.600486028437476307e+03
4.374749717918354690e+03
3.494425189778751246e+03
2.564267175754498112e+03
1.730864595059923431e+03
1.156255122064389298e+03
9.614669688925564515e+02
5.667320846027319021e+03
5.499012386645420520e+03
5.225312102709571263e+03
4.819812008524529119e+03
4.747631776219382118e+03
4.022556170628561176e+03
3.256379217270086428e+03
2.569025280472777013e+03
2.091632269812935192e+03
1.924763340961113499e+03
5.710395734114972583e+03
5.581889206997703695e+03
5.373044961961293666e+03
5.063774186547125282e+03
5.162136221845148611e+03
4.609453930180916359e+03
4.025514537584439495e+03
3.501433490525007073e+03
3.136686555159350974e+03
3.008267288578468651e+03
5.751334998566096147e+03
5.660499069874378620e+03
5.512981825792649943e+03
5.879051836310752151e+03
5.554189721735912826e+03
5.164344477979344447e+03
4.752561525201464065e+03
4.382985427593866007e+03
4.125625920031373425e+03
4.034862595407817480e+03
5.785588345863742688e+03
5.726149908035322369e+03
5.629701595072855525e+03
6.092858205462856859e+03
5.880710123012343502e+03
5.626250483484047436e+03
5.357567868021672439e+03
5.116470234842156970e+03
4.948583974808492712e+03
4.889405061156618103e+03
5.811249802577230184e+03
5.775247103631691971e+03
5.716887126107088989e+03
6.252442165130318244e+03
6.124241049659711280e+03
5.970555584138589438e+03
5.808347543466104980e+03
5.662838603789785338e+03
5.561551098321151585e+03
5.525911975678938688e+03
5.828638359409812438e+03
5.808450053622623273e+03
5.775776217998383800e+03
6.360144810195398350e+03
6.288466130996939683e+03
6.202589244122120363e+03
6.111991496114054826e+03
6.030753993321305643e+03
5.974239940079967710e+03
5.954413066816872742e+03
