7.594980906927328306e+02
5.196283680358242236e+02
4.392675750413789615e+02
4.962747329658216131e+02
7.173220940849631688e+02
1.006621119700575832e+03
1.230321798836094558e+03
1.352806519131739378e+03
1.403255155804784408e+03
1.419421207601372771e+03
6.865856310268014795e+02
4.535570305792720092e+02
4.063388734072916577e+02
4.358308043452326501e+02
6.425627573103348595e+02
9.562781431698540473e+02
1.204777868007303368e+03
1.341193196094213135e+03
1.397112292051280519e+03
1.414990826967525663e+03
7.593246915223858196e+02
5.199944263642473743e+02
4.399817902676062999e+02
4.958265804631569722e+02
7.151966944619537117e+02
1.002872473693601250e+03
1.346754762048510429e+03
1.485296585722319605e+03
1.541367444833802892e+03
1.559112269761991683e+03
9.456730576541933715e+02
7.487139048893641302e+02
6.615260397572536704e+02
7.248190407975090466e+02
9.791555841588219664e+02
1.226507473363331428e+03
1.407868109200827348e+03
1.503660384973392638e+03
1.541414950628233782e+03
1.553305032065241221e+03
1.153891214826829582e+03
1.037016881818345382e+03
9.827601895718037213e+02
1.021703392243362373e+03
1.235623046084284852e+03
1.374076848487536836e+03
1.472805229456183724e+03
1.522907754628385419e+03
1.541893523044131143e+03
1.548107599230087999e+03
1.304887783420969754e+03
1.251990893614634388e+03
1.227073554787704779e+03
1.365499352763387833e+03
1.420796348795657650e+03
1.479528202566114487e+03
1.518793675677510237e+03
1.536759218177147659e+03
1.543579011346879952e+03
1.546502241907578991e+03
1.383603362213693345e+03
1.364817250994516371e+03
1.355748213884626011e+03
1.499286984502864243e+03
1.517269325128815808e+03
1.534622741431543545e+03
1.543300553664933659e+03
1.544966105219533574e+03
1.545778732847074707e+03
1.547095849027588201e+03
1.414416848778598251e+03
1.409078981182712369e+03
1.406312329628588031e+03
1.551782583360116860e+03
1.555458203570766500e+03
1.557292958099319549e+03
1.554857418750841589e+03
1.550327599497277788e+03
1.547833372885116205e+03
1.547765295643873515e+03
1.423696460640235955e+03
1.422427585053185794e+03
1.567831918563765839e+03
1.567776895603886942e+03
1.567613863073299626e+03
1.565811326323569574e+03
1.561504997604974051e+03
1.556037550783977167e+03
1.552153534950883341e+03
1.551101525380913699e+03
1.425913659604045051e+03
1.425623570707504086e+03
1.571999276604654597e+03
1.571763931945934019e+03
1.571151219070899970e+03
1.569529458210289022e+03
1.566482764807735293e+03
1.562577701223542817e+03
1.559384180294210864e+03
1.558304613336895500e+03
