9.475552551409123225e+02
8.917605302966533145e+02
8.295680752095588559e+02
7.692334858189826718e+02
7.200105015431497577e+02
6.888321375177084747e+02
6.198004906728720016e+02
6.283539356800305313e+02
6.484805481811316668e+02
6.787887110419040937e+02
9.135536470388567523e+02
8.435866283316315730e+02
7.671784597835957129e+02
6.958585799821518094e+02
6.412889601859543518e+02
5.759535273109140689e+02
5.732919493455435713e+02
5.816632070528175973e+02
6.016946421780353376e+02
6.342692460299399499e+02
8.839527447040078414e+02
8.022042466001639696e+02
7.151164279731173110e+02
6.380022017875041911e+02
5.847506771133928396e+02
5.453060021645507049e+02
5.444108288917296932e+02
5.510948091150052051e+02
5.677371845409769548e+02
5.988194653065969533e+02
8.633870586069896262e+02
7.737986475045862562e+02
6.803921926439583103e+02
6.018067248892111820e+02
5.378402592322362352e+02
5.298072131705076799e+02
5.305416904661339004e+02
5.350229290215052060e+02
5.472789473262856745e+02
5.752378395201143348e+02
8.553128624218099958e+02
7.625888984736385510e+02
6.666196194459276967e+02
5.874056514901582204e+02
5.289752092275153927e+02
5.221323859954534328e+02
5.230589272693947578e+02
5.262526251329737761e+02
5.365216369084213284e+02
5.632870056195234838e+02
8.612579595849608722e+02
7.703876819160367404e+02
6.752009944224548690e+02
5.943042178488313994e+02
5.287706933249673966e+02
5.187607197560139412e+02
5.178770001169581292e+02
5.214112830243022927e+02
5.337612183842510376e+02
5.630245756967657371e+02
8.803795726539844964e+02
7.963627947010195385e+02
7.061282878581541809e+02
5.734277922462587185e+02
5.410600309085714343e+02
5.251386701854802368e+02
5.211010115623410002e+02
5.261089284686566998e+02
5.431236963837698113e+02
5.767018043217789227e+02
9.094525095587026726e+02
8.366593976510799848e+02
7.563609563116212939e+02
6.062396260959375240e+02
5.710897729262267148e+02
5.503061089320000292e+02
5.434098137520844602e+02
5.496937160910638340e+02
5.703751369590356717e+02
6.061544342387752522e+02
9.435926942088564147e+02
8.848075096081988704e+02
8.185590508966910193e+02
6.515774095688991565e+02
6.180839477598882468e+02
5.962641989661046864e+02
5.881716448692956192e+02
5.945237608388962371e+02
6.153185165334216435e+02
6.488455647448702166e+02
9.776419908251906463e+02
9.334840384490453289e+02
8.829862672722854313e+02
7.020448849811842820e+02
6.739579777743012983e+02
6.547293297587849565e+02
6.471580770420379167e+02
6.524514704432784811e+02
6.701221875151380800e+02
6.977498185250292408e+02
