2.525384258683647261e+02
2.512174300123471653e+02
2.502415136071035988e+02
2.497811389053330799e+02
2.499235028320904632e+02
2.506412107819339212e+02
2.586970619046648494e+02
2.607673352544985050e+02
2.627254212389067902e+02
2.643613960590446936e+02
2.481910168330677209e+02
2.459937330015757766e+02
2.442705229781741991e+02
2.432570346758910205e+02
2.430929382994725358e+02
2.489570792663584200e+02
2.513577701739654913e+02
2.542364157176604351e+02
2.571836785582735274e+02
2.598679883203490704e+02
2.428198037394396067e+02
2.396189920573646646e+02
2.370275059543498912e+02
2.353079100655379250e+02
2.346421727658383816e+02
2.389782827682018933e+02
2.417702088708505528e+02
2.454728090532719875e+02
2.495789336996268162e+02
2.535959145868054350e+02
2.369859213075484945e+02
2.328371904735702458e+02
2.294083201446147200e+02
2.269027744507358761e+02
2.268040528039167611e+02
2.278867163584321247e+02
2.307174892129527279e+02
2.350465189101912529e+02
2.403156211585085771e+02
2.458343301829584675e+02
2.314726690478471198e+02
2.266217411394854082e+02
2.225499829343744409e+02
2.192855574601878175e+02
2.170063506276532621e+02
2.171998493024407537e+02
2.195345845078768718e+02
2.240768046339638033e+02
2.303037212247994887e+02
2.373056118186833032e+02
2.269725504280566213e+02
2.217330613622640954e+02
2.172789101054067089e+02
2.133769321232956031e+02
2.093781650944065120e+02
2.083380897272410550e+02
2.096949183343940604e+02
2.139856840689583919e+02
2.208229896465058175e+02
2.290897527035865835e+02
2.238370961965201786e+02
2.183969891259116025e+02
2.137218471794884067e+02
2.075514657722674770e+02
2.042196327081964284e+02
2.020003132907787631e+02
2.022913783527613703e+02
2.061018209905032847e+02
2.132292227252096097e+02
2.224048586525470910e+02
2.221278609381396336e+02
2.164544106797681025e+02
2.115328257689891700e+02
2.048557498538712309e+02
2.010302920148577641e+02
1.981561397478687923e+02
1.978447000450925941e+02
2.013608230150663587e+02
2.086254124619701997e+02
2.183042633359738431e+02
2.219031223838219091e+02
2.158632820611022112e+02
2.105794725909847216e+02
2.034027711936288370e+02
1.995057815462057818e+02
1.967374878869476902e+02
1.966013559007971878e+02
2.002713522313638350e+02
2.076429869741276661e+02
2.174077146136428667e+02
2.233808527303612550e+02
2.169899724559701895e+02
2.113536993754681816e+02
2.038762514725962376e+02
2.002689595171079304e+02
1.982211729567977727e+02
1.988665102911892859e+02
2.029994233419521663e+02
2.103668829387611368e+02
2.197671613050391386e+02
