2.317649696343377173e+02
2.312269213137351755e+02
2.306434983174158901e+02
2.300927339968401952e+02
2.296588729483174234e+02
2.294059803531914667e+02
2.255174929407781690e+02
2.259322706513078742e+02
2.262994083674999786e+02
2.265836099842352951e+02
2.302490744581744195e+02
2.292073759374849260e+02
2.280828596299253093e+02
2.269964089888577519e+02
2.260790757497040602e+02
2.218135014304964443e+02
2.220627293666568676e+02
2.224741785455368017e+02
2.229894312106412428e+02
2.235633924873267517e+02
2.282200035881350573e+02
2.265357841032315491e+02
2.247332363961276940e+02
2.229749444321963381e+02
2.214341490783616848e+02
2.172835528291525122e+02
2.172678681282419006e+02
2.176129644876574503e+02
2.182909594102532935e+02
2.192509253292398625e+02
2.258132590856845923e+02
2.234044455620336294e+02
2.208504629897201994e+02
2.183450615706883866e+02
2.127389242431465561e+02
2.118026975784603678e+02
2.113916965726196224e+02
2.115878160154372836e+02
2.124194227319317463e+02
2.138360427585036803e+02
2.232828851145241913e+02
2.201470914248886004e+02
2.168506033596509042e+02
2.136018713744245474e+02
2.075007059844592447e+02
2.059003516563509493e+02
2.049836453591129271e+02
2.049484625885327489e+02
2.059029907764636391e+02
2.078032685045235723e+02
2.209416096456837977e+02
2.171536893172076361e+02
2.131961718900374194e+02
2.092783619834488604e+02
2.025530116036453023e+02
2.002599930418525673e+02
1.987950374454076155e+02
1.984852851055550218e+02
1.995286991763385629e+02
2.018892900854654897e+02
2.190885945457053197e+02
2.147796219262212958e+02
2.102876427439311158e+02
2.019000632988074813e+02
1.984720960740129101e+02
1.955733816213613636e+02
1.936291999653467428e+02
1.930798469703152591e+02
1.941981895017472084e+02
1.969492563599400512e+02
2.179609302082255056e+02
2.133006988267843838e+02
2.084295066720864327e+02
1.995976068390736486e+02
1.957281963698367235e+02
1.924278847661981047e+02
1.901895582556265367e+02
1.895191251606058529e+02
1.907234715299097161e+02
1.937545586937512780e+02
2.177123969137022641e+02
2.129091268689652452e+02
2.078534830590129729e+02
1.987242381330127614e+02
1.946726567522104574e+02
1.912481613105188956e+02
1.889640083128985850e+02
1.883271270835033988e+02
1.896266685607955367e+02
1.927888723624682825e+02
2.183941257970104743e+02
2.136970666305405473e+02
2.087078138773526916e+02
1.994617255136867868e+02
1.955111399737871523e+02
1.922414859795021869e+02
1.901381454781396769e+02
1.896517491103331565e+02
1.910147672333857827e+02
1.941266561801519117e+02
