2.823094594775283895e+03
2.791816200216909237e+03
2.751557737938879200e+03
2.704822727400310669e+03
2.656739425070308698e+03
2.614396092118719025e+03
2.328625476275479286e+03
2.319350120309381509e+03
2.328844821578468327e+03
2.355191496927584012e+03
2.785580595059216648e+03
2.732572546108870938e+03
2.664309455367865212e+03
2.585038443974765414e+03
2.503460977225725856e+03
2.190367720061543878e+03
2.145919215439405889e+03
2.130119017976164287e+03
2.146175142709803367e+03
2.190839222582815637e+03
2.732571648934163932e+03
2.648813480369273293e+03
2.540925824760498472e+03
2.415627002912807711e+03
2.286674424349465880e+03
1.957791987649287194e+03
1.887463648267243798e+03
1.862418979764823007e+03
1.887729893437872761e+03
1.958274780786275187e+03
2.664332910033976532e+03
2.540959730344068248e+03
2.382039348291178158e+03
2.197484213065041331e+03
1.808674488097062067e+03
1.658428625674873729e+03
1.554843386339297922e+03
1.517915108186655061e+03
1.555084966859753195e+03
1.658852749430000131e+03
2.585116539733543959e+03
2.415736864440505542e+03
2.197575870686011967e+03
1.944283645544896899e+03
1.517340615424270709e+03
1.311356294595119152e+03
1.169486636225767597e+03
1.118913953987709874e+03
1.169674499696902558e+03
1.311659269857931349e+03
2.503617350821173659e+03
2.286892945320183571e+03
2.007805470855050089e+03
1.683916063705107035e+03
1.218036120490145549e+03
9.555352913344639774e+02
7.755391344518742471e+02
7.116563538490452174e+02
7.756843802808318742e+02
9.557091865584789048e+02
2.431848654567401809e+03
2.173419446737814269e+03
1.840709129802137340e+03
1.310741991102102475e+03
9.551604710324739926e+02
6.451041143266447762e+02
4.367421865065805946e+02
3.653211004417290155e+02
4.369925330555900018e+02
6.452762169102827556e+02
2.382396674199093468e+03
2.095208169242470831e+03
1.725559861682492283e+03
1.168480553346159468e+03
7.746740020429559763e+02
4.361122619636641389e+02
2.280191678260893866e+02
1.773233363713611936e+02
2.288764293955468361e+02
4.366044031344505356e+02
2.364847093378764384e+03
2.067403074719900360e+03
1.684601061086753589e+03
1.117612542943475091e+03
7.103970576320905366e+02
3.640956273283569544e+02
1.764987903033872669e+02
1.610531331581869097e+02
1.781270977715750234e+02
3.650309723356316454e+02
2.382764238470395867e+03
2.095635792283877436e+03
1.726084739209936060e+03
1.168350763435855697e+03
7.744469491446416214e+02
4.359102259764558767e+02
2.282359285142912597e+02
1.781605578884954753e+02
2.295039860184427596e+02
4.366612189031795879e+02
