2.485332703307793452e+02
2.462525312920411125e+02
2.443244777534984280e+02
2.430607660744967973e+02
2.426981692810829259e+02
2.433176481915488409e+02
2.758305261675512838e+02
2.782970952456994382e+02
2.810730140289513770e+02
2.837766544490706906e+02
2.414651249214748248e+02
2.375917266530411780e+02
2.343473476234207453e+02
2.322767383501855250e+02
2.317816805165809910e+02
2.620269205520317541e+02
2.650591681484986566e+02
2.693176248789280862e+02
2.740610409894909480e+02
2.786315041229372014e+02
2.315347714400337225e+02
2.254017225119656018e+02
2.202938151632084782e+02
2.170857235688212370e+02
2.164001153678744913e+02
2.450851245890514747e+02
2.498975844944992275e+02
2.566137411639846846e+02
2.640959802646391381e+02
2.713148572742962301e+02
2.189732331041022348e+02
2.099918698724619901e+02
2.025749514067867096e+02
1.980043010665742145e+02
2.209358068129787682e+02
2.239111238577472704e+02
2.308463984995221097e+02
2.405033199874936258e+02
2.513318996176573421e+02
2.618745261146595453e+02
2.048253598940933671e+02
1.927380187341693158e+02
1.829464659077388262e+02
1.771466457827023930e+02
1.970622240044594946e+02
2.011348461084074302e+02
2.101696287437904971e+02
2.227265934544631421e+02
2.369928543766285713e+02
2.511150394576628173e+02
1.908593092403056630e+02
1.759478128255322247e+02
1.643332198135767612e+02
1.580183947511995655e+02
1.759370141180292819e+02
1.811259666794807117e+02
1.916567596156196203e+02
2.062698735554914435e+02
2.232704301062148318e+02
2.405538587416405392e+02
1.791341329228005179e+02
1.621708942803853404e+02
1.497708197695446870e+02
1.615775891406364053e+02
1.617313930914009461e+02
1.678933529723967979e+02
1.788827440041091563e+02
1.941269445838790091e+02
2.125294266643814467e+02
2.319446496234246808e+02
1.714773320658505611e+02
1.533574046165488767e+02
1.410218068148820407e+02
1.535441756554772894e+02
1.553363726017507815e+02
1.621944062357329983e+02
1.728833171068298498e+02
1.876755096790775781e+02
2.062639840032472591e+02
2.266303151543290824e+02
1.691960856900735166e+02
1.506241518869608171e+02
1.384212763101531323e+02
1.518649163230197701e+02
1.545434986666688246e+02
1.617468975090006040e+02
1.721730737223717256e+02
1.864818319825166952e+02
2.047938572880995025e+02
2.252328301909340951e+02
1.729352352145016027e+02
1.545902081883934045e+02
1.421839634932349270e+02
1.558299866257522410e+02
1.579996094431676852e+02
1.650513830463103204e+02
1.755806303552670613e+02
1.899158275644163041e+02
2.079480553894712500e+02
2.278295841857479047e+02
