3.799042499525247081e+02
3.716096911740912105e+02
3.643847671239524857e+02
3.593043999684381902e+02
3.572155024388433162e+02
3.584776689886564327e+02
4.129055659716587456e+02
4.204973228528754134e+02
4.286323732572437279e+02
4.360006801780991168e+02
3.597189837006210382e+02
3.468698033157317013e+02
3.361258271043274135e+02
3.291906520266416010e+02
3.273398702085850118e+02
3.749114202985028328e+02
3.854002298784961908e+02
3.991250395946863136e+02
4.131734013592095494e+02
4.254188376075474594e+02
3.331662516313431865e+02
3.146547052499420261e+02
2.996207312819177560e+02
2.904016706120237927e+02
2.887446506982199139e+02
3.323622636454493318e+02
3.493162804353601700e+02
3.708915065094018360e+02
3.927024933353292226e+02
4.115793436266800995e+02
3.022986156484461731e+02
2.779019026144262625e+02
2.586131794175330469e+02
2.469971820013788033e+02
2.711974730788755892e+02
2.831610525087267547e+02
3.068617020359093885e+02
3.372252984585339846e+02
3.681320242741301172e+02
3.950735981541256479e+02
2.713571021977223836e+02
2.424915371814294076e+02
2.206222336649026659e+02
2.073812851718120385e+02
2.217655187651439235e+02
2.350385668993673960e+02
2.638788373463731887e+02
3.024630746806491288e+02
3.426243351417966778e+02
3.781058311400848879e+02
2.455870692615982023e+02
2.152792608449669842e+02
1.942111913905998790e+02
1.813517215634846309e+02
1.879252545172563202e+02
1.986525146089237523e+02
2.288139356163015066e+02
2.730961997190668740e+02
3.209521675961423739e+02
3.639343627945472690e+02
2.289192343153679303e+02
1.999170846522183638e+02
1.823691752196579046e+02
1.816230715461634873e+02
1.753235233324571141e+02
1.812007757460139032e+02
2.089348888601381020e+02
2.553082170277451439e+02
3.077393573290057134e+02
3.556283917070635425e+02
2.226272745051000754e+02
1.950121967343803249e+02
1.801327065097204638e+02
1.824066273176671586e+02
1.765377339284661673e+02
1.804665720264731874e+02
2.061502724739249288e+02
2.521682641831359035e+02
3.055904001181208969e+02
3.549081687716959550e+02
2.266969751013561165e+02
1.985671444354246375e+02
1.830337007135899512e+02
1.870089968635904825e+02
1.838010696497396168e+02
1.911233629515915595e+02
2.182069456319083258e+02
2.631266302298805044e+02
3.144635688603826225e+02
3.617598237530635856e+02
2.413492918231397937e+02
2.121082338106563725e+02
1.939773684027981915e+02
1.998442714397345981e+02
2.002350329976584362e+02
2.133528619780112479e+02
2.430155364985863002e+02
2.857060712433168419e+02
3.323652153289889952e+02
3.747835633783940352e+02
