7.946262706168977275e+02
7.844915728668421480e+02
7.757608822467519758e+02
7.695052835894558712e+02
7.655981409009498293e+02
7.632220358878624893e+02
7.793298202782508497e+02
7.819364697820150241e+02
7.894302831186968206e+02
8.021599420610838251e+02
7.918091841955914560e+02
7.808244468309500235e+02
7.713610546641943984e+02
7.643947069811679285e+02
7.594980148933542523e+02
7.709305284125579192e+02
7.681946192736688772e+02
7.684106105249447864e+02
7.743583263082670101e+02
7.870661118176846003e+02
7.910189974319147268e+02
7.792565658121418437e+02
7.685912854265932310e+02
7.598941322252959480e+02
7.527104631266981869e+02
7.608168956632598565e+02
7.551865269253174802e+02
7.529716762000770132e+02
7.575514020287694166e+02
7.702905773075381148e+02
7.923141271378623287e+02
7.797899928276806349e+02
7.673496832166674722e+02
7.557664103366321342e+02
7.598504328305976969e+02
7.489833643974142205e+02
7.399022415725435167e+02
7.354290278525222675e+02
7.390241933804664995e+02
7.519296545624972623e+02
7.954673168358598332e+02
7.823391452483778039e+02
7.678841344085625451e+02
7.527558562880857380e+02
7.537222169499880238e+02
7.378431576202640372e+02
7.249719935231674981e+02
7.182988379084213193e+02
7.209553765037727544e+02
7.337114593237552072e+02
7.999829151630444812e+02
7.866329529430793173e+02
7.704807787867054003e+02
7.520121198316597884e+02
7.519048249652450977e+02
7.312374166098203432e+02
7.147213944980410361e+02
7.058303375531017991e+02
7.071544169396962616e+02
7.188526994423482392e+02
8.051646869796555848e+02
7.921065775407585079e+02
7.750125973985551582e+02
7.813192308965658412e+02
7.559699754048120894e+02
7.317756229727298205e+02
7.124133211487962853e+02
7.015125790071532492e+02
7.010563142444044615e+02
7.106085613836723951e+02
8.102762224900542378e+02
7.979922776925486687e+02
7.808508905137714464e+02
7.919862669750988289e+02
7.652781335203072786e+02
7.393114510920705698e+02
7.183196229578002203e+02
7.059334496044247089e+02
7.035656545096918535e+02
7.102900023000870533e+02
8.147384042271505677e+02
8.035799839343786743e+02
7.871880645504378435e+02
8.041416657588540602e+02
7.777637954831735669e+02
7.516192338160714144e+02
7.301208218173794648e+02
7.167901092932794427e+02
7.126461091919974251e+02
7.164990805787996351e+02
8.182569148513462096e+02
8.084426103003991102e+02
7.934212129956905528e+02
8.162287312840280720e+02
7.913972489659848861e+02
7.662176954678936909e+02
7.449499651471852530e+02
7.309663861571251573e+02
7.252074247339986641e+02
7.265913178553443004e+02
