1.400476164731846040e+02
1.361588707862461263e+02
1.346168542232245215e+02
1.344357032420423081e+02
1.367684335332249361e+02
1.413965431989095691e+02
1.455020846278353019e+02
1.477618269584016275e+02
1.491477750167577767e+02
1.507478410821184980e+02
1.377367806504541079e+02
1.339619264479914591e+02
1.324799775522651544e+02
1.313567629249545234e+02
1.322355558609565662e+02
1.354168442813445949e+02
1.377552762858277617e+02
1.382385441221783253e+02
1.390199781169050652e+02
1.418959529207437527e+02
1.378151034469570959e+02
1.334437145233597732e+02
1.313099795621237433e+02
1.295158160856608447e+02
1.286511262526822748e+02
1.281608863548655677e+02
2.504709618066579253e+02
2.224312894252878436e+02
2.108586212413111696e+02
2.229179143861683201e+02
1.406766430476746450e+02
1.359539900890439128e+02
1.330769520048316110e+02
1.305655389824960650e+02
2.878515760584111263e+02
2.500508740517923343e+02
1.967168589027371013e+02
1.468492424487137100e+02
1.265905452740352075e+02
1.476099803288069836e+02
1.453402109646265785e+02
1.413520498475517968e+02
1.383790767365443344e+02
1.350080629720093555e+02
2.754952910577845842e+02
2.217375454087535900e+02
1.463002438811019204e+02
7.818519353042533737e+01
5.440393768697804688e+01
7.959861043835691419e+01
1.497808155878925618e+02
1.470429057009798726e+02
1.445065539585417866e+02
3.018244850401346184e+02
2.705656677463196047e+02
2.101207572243348523e+02
1.256602632319401209e+02
5.346492700456099101e+01
3.917395888730339948e+01
5.528189498048506323e+01
1.528180121339341326e+02
1.511655319108784283e+02
1.492640476032644585e+02
3.040007411512495992e+02
2.761563785121985006e+02
2.222987165883891123e+02
1.467947501122024221e+02
7.879443599478024396e+01
5.503029881589944949e+01
7.971589357512326046e+01
1.544563803177057366e+02
1.535096653606888424e+02
1.522250593548410791e+02
3.086345947821151299e+02
2.889724245153220181e+02
2.509225073058016449e+02
1.973009659425521249e+02
1.472220052700871236e+02
1.267717176164921824e+02
1.475485747799205285e+02
1.552168905241398704e+02
1.546599612142962883e+02
3.177401624980573729e+02
3.134270535733488146e+02
3.024179969885580590e+02
2.811147478413718659e+02
2.510163296427368209e+02
2.226455971947642638e+02
2.108600493749951568e+02
2.227940346448945945e+02
1.555829250223198130e+02
1.552449133117093538e+02
3.187189991758977499e+02
3.167993970216388675e+02
3.119117546961867333e+02
3.024611639920352673e+02
2.891007017365756155e+02
2.764811423148033214e+02
2.712307452703591366e+02
2.765656941562342581e+02
