6.020815273672400281e+02
6.013552556644934839e+02
6.007601417180584349e+02
6.004118461775780133e+02
6.003809943889415308e+02
6.006700041611564984e+02
6.044688800118433392e+02
6.057747644805729124e+02
6.071605997451633812e+02
6.084176861780479157e+02
6.003516922410652796e+02
5.990543612567042828e+02
5.978988423742721352e+02
5.970676220882807002e+02
5.966899404345817857e+02
5.976658469966505436e+02
5.988661984478758313e+02
6.006709228315365863e+02
6.027751921495801071e+02
6.048621603793932309e+02
5.977499483994588445e+02
5.956158549782797991e+02
5.936456295867559447e+02
5.921095727720099831e+02
5.912117880550256359e+02
5.897464601256700689e+02
5.911002438596514139e+02
5.934649380009351489e+02
5.964823928377584252e+02
5.996971415972084287e+02
5.941618019819542269e+02
5.909319214084007399e+02
5.879200284594272716e+02
5.854920123332734647e+02
5.802381957686210399e+02
5.800254212403860947e+02
5.814136344144983468e+02
5.843274626752022414e+02
5.883984336391182524e+02
5.930082150757374393e+02
5.897017675200648910e+02
5.852166527876819373e+02
5.810625712341131930e+02
5.776772588758728944e+02
5.700227308464604903e+02
5.693040438581714398e+02
5.705550254016079634e+02
5.739175066321533905e+02
5.790812129285683341e+02
5.852539364984736494e+02
5.847972946675024559e+02
5.790967481829820827e+02
5.739226302519701903e+02
5.697163048789786899e+02
5.601421417206371416e+02
5.588344442683933266e+02
5.597629417003648769e+02
5.633932062382857566e+02
5.695536338049489586e+02
5.772873298135090181e+02
5.801411134672372327e+02
5.734990504350291758e+02
5.676610612448496340e+02
5.554989821512172057e+02
5.519743163185984258e+02
5.500921846366685486e+02
5.505670715146732164e+02
5.542508039159260989e+02
5.611748998399682478e+02
5.702509108549545545e+02
5.764865528230742484e+02
5.693196629694216426e+02
5.632702856191209548e+02
5.503863636468711320e+02
5.466388488938799810e+02
5.443273979463378964e+02
5.443617067258362567e+02
5.479462154949064825e+02
5.553223922329008246e+02
5.653210158560425498e+02
5.743979178225094984e+02
5.670871715445217660e+02
5.611503344834906102e+02
5.483276407357813014e+02
5.445776615165740395e+02
5.421117317413973069e+02
5.419318695468924716e+02
5.454323176920883043e+02
5.529776220505482343e+02
5.633684436843496997e+02
5.741300425782518460e+02
5.669049179989688128e+02
5.543020280423938857e+02
5.491860808752948060e+02
5.455829409666423544e+02
5.433086586808318543e+02
5.433136921196534104e+02
5.469193852303989161e+02
5.544445482514632886e+02
5.646959911357740793e+02
