2.004656394329444424e+02
1.993617177487826382e+02
1.984093052890791569e+02
1.977928972568154222e+02
1.976415932649314584e+02
1.979851926126517583e+02
2.173162737664647466e+02
2.186120586819512823e+02
2.200130051346846471e+02
2.213187344669815957e+02
1.975058925854019094e+02
1.955745853187421517e+02
1.939358685363152688e+02
1.929040814273541855e+02
1.926936179122587589e+02
2.108181697844192684e+02
2.125083306566821193e+02
2.147627257036623689e+02
2.171737420122168487e+02
2.193903789895261980e+02
1.930533997542634097e+02
1.899234257451988412e+02
1.873091048610176870e+02
1.856963259960243136e+02
1.854061706576672748e+02
2.028745276963737183e+02
2.055800234650388916e+02
2.091875712527874498e+02
2.130499439077105990e+02
2.165928622152665923e+02
1.870155642617170884e+02
1.823522091788873638e+02
1.785290465836857550e+02
1.762140277299675404e+02
1.908015641162377847e+02
1.926502948295291731e+02
1.965653126321608966e+02
2.018495318299211192e+02
2.075709688960973551e+02
2.128545574075028526e+02
1.797205957780714698e+02
1.733755552800407429e+02
1.683070314885033270e+02
1.653037339177428180e+02
1.787098078456305359e+02
1.810634915456357703e+02
1.861584757668647114e+02
1.932182662186197035e+02
2.010289732081539853e+02
2.083451939039356660e+02
1.719913499341085696e+02
1.641379188420515618e+02
1.580980532003996757e+02
1.546212331885542142e+02
1.671612127184096437e+02
1.697683739080966916e+02
1.757031900263804971e+02
1.843020156211306926e+02
1.941321767855349663e+02
2.035294295508525977e+02
1.649718642998877272e+02
1.560916701747940749e+02
1.496040653355776442e+02
1.588614990629894805e+02
1.580417371262630013e+02
1.605408938818826527e+02
1.667703068027912536e+02
1.763994210145453110e+02
1.878743450057530140e+02
1.991028359665800735e+02
1.597331497816695105e+02
1.503732862398269674e+02
1.438980961692055871e+02
1.531477725385396980e+02
1.522387448362708255e+02
1.543989128313802723e+02
1.605192278626178108e+02
1.706766148099430040e+02
1.832637066861731228e+02
1.958211647766998169e+02
1.569384633823455886e+02
1.474084594111733963e+02
1.410124297928985300e+02
1.504253695678589224e+02
1.494219783058583175e+02
1.513674686000028373e+02
1.574316291991498247e+02
1.678899922352539136e+02
1.810692802805602923e+02
1.942993683790663795e+02
1.568469856743397486e+02
1.472010666821613540e+02
1.406150619955423906e+02
1.502070477924073941e+02
1.491575188159893628e+02
1.513029771635177099e+02
1.577013135932037926e+02
1.684279002877606217e+02
1.816953745299493335e+02
1.948568070518548438e+02
