4.150812955800388977e+02
4.110461231722139814e+02
4.081468083838997813e+02
4.070062231442962002e+02
4.078812219807253427e+02
4.105674843256069266e+02
4.454641123674487062e+02
4.501251469210333767e+02
4.545010797625999999e+02
4.580782842069461367e+02
3.998686235737804395e+02
3.924188991117949854e+02
3.871096035110580260e+02
3.850861713428613484e+02
3.868097234253187935e+02
4.212202438516770258e+02
4.290746348778596371e+02
4.378147805132720123e+02
4.459889034643615560e+02
4.526525846376879940e+02
3.763145173366822291e+02
3.636243964389200301e+02
3.546330536915559151e+02
3.512669076407591433e+02
3.542860765216585150e+02
3.902399727112442065e+02
4.037302571030679701e+02
4.187117261133316788e+02
4.327285783890073958e+02
4.441772080018308770e+02
3.434701177821305009e+02
3.235912486941990664e+02
3.095958059706332506e+02
3.044157086443767071e+02
3.325771479718740693e+02
3.472334982580493943e+02
3.684066182676264702e+02
3.919734492630239515e+02
4.140927378033388209e+02
4.322272188639652768e+02
3.026509467464593968e+02
2.741570403519373826e+02
2.543283301675463690e+02
2.470781121218816452e+02
2.734377488262904308e+02
2.942516734067158950e+02
3.245742201371693909e+02
3.586010700427429470e+02
3.907382839330741717e+02
4.172139264805163066e+02
2.582641758254359274e+02
2.212397256944652213e+02
1.962273424067961116e+02
1.873329316258444805e+02
2.115878879843645279e+02
2.377941415753277283e+02
2.770842409726536744e+02
3.220657765025561048e+02
3.650314199600400116e+02
4.006501200318739961e+02
2.175085876106602427e+02
1.745864835823851990e+02
1.479362659300012410e+02
1.521180955771063736e+02
1.607339727679025998e+02
1.884771895411928710e+02
2.337863633634307519e+02
2.880442124431411912e+02
3.408781324355614402e+02
3.850379305220400283e+02
1.882928224437667666e+02
1.443022106334902901e+02
1.219865166415083735e+02
1.286012111338231989e+02
1.340051707123582787e+02
1.570470214412903260e+02
2.031453364831140505e+02
2.629644251114532381e+02
3.228069203612836873e+02
3.733000766702033388e+02
1.759147617792946221e+02
1.339859952121291258e+02
1.173377524645542280e+02
1.271572738931725155e+02
1.295715393509774458e+02
1.468059827826664616e+02
1.905458418851426927e+02
2.518305351981905744e+02
3.145664432570515601e+02
3.679039129762323341e+02
1.815594664650593302e+02
1.405021246485697759e+02
1.234690021298864906e+02
1.331060443097803727e+02
1.361335638500352729e+02
1.539656678955124107e+02
1.969057438532599349e+02
2.566436181408528228e+02
3.178824746063240241e+02
3.700353574227261220e+02
