3.785152257356688210e+02
3.301618340578440893e+02
3.024028207888607085e+02
2.929986560737420973e+02
2.932921557139139850e+02
2.984464100619887290e+02
3.069433872324073036e+02
3.287108724356840526e+02
3.620908324064799899e+02
4.037503432579457012e+02
3.693660864982886665e+02
3.215428339511610716e+02
2.957859264340187337e+02
2.887123674541966238e+02
2.901511438352992514e+02
2.913635436483913281e+02
3.024776719374861500e+02
3.235727841706348613e+02
3.568976474071269536e+02
3.991590827853203223e+02
3.753535644928732040e+02
3.268468127161119696e+02
2.991286748645365492e+02
2.899883451481858287e+02
2.906532445650885847e+02
2.915919596314511750e+02
3.042213406822576758e+02
3.268668934947105527e+02
3.610572655244886846e+02
4.033366255546486627e+02
3.961165625144315641e+02
3.468598223674662790e+02
3.149805701565766185e+02
3.008569803223734880e+02
2.901363180039736562e+02
2.982699945611290104e+02
3.139238867607737120e+02
3.393829824447137185e+02
3.746114897508646777e+02
4.159542414306270075e+02
4.300062989091094892e+02
3.822141647731382363e+02
3.477924641925711171e+02
3.293744862797080941e+02
3.072823503687462221e+02
3.164926759844340154e+02
3.347445006305163702e+02
3.621097970955976848e+02
3.970158715829826406e+02
4.357965387984322092e+02
4.733708429269995008e+02
4.303240463558400393e+02
3.972530277784558166e+02
3.778384129398593814e+02
3.389509960628674321e+02
3.483962284082617202e+02
3.672219023946673246e+02
3.940077964956524283e+02
4.262899810696687268e+02
4.606437133170733205e+02
5.210195661589691554e+02
4.852419812820976972e+02
4.568727641638311638e+02
3.824972749579643505e+02
3.816601145585069617e+02
3.904274933347871865e+02
4.076636653733351068e+02
4.314098877638546696e+02
4.590343053098007431e+02
4.875671693490944563e+02
5.676437678553124897e+02
5.400874034240956689e+02
5.179712303184085158e+02
4.286641061489950744e+02
4.283073196332805992e+02
4.358249559550807248e+02
4.501638588183239449e+02
4.694640654265630246e+02
4.914072107939637135e+02
5.136088000311384576e+02
6.091168462993106232e+02
5.893370729956130845e+02
5.734468263901779892e+02
4.720543467017389503e+02
4.722601775290607975e+02
4.783196935203320663e+02
4.893841105721005533e+02
5.039608502475501268e+02
5.202447118887823763e+02
5.364603951489357314e+02
6.430935423419066410e+02
6.298084405694139605e+02
6.192015207263766570e+02
5.087206953443509292e+02
5.093374325748284832e+02
5.139740701752244831e+02
5.219998406054437510e+02
5.323319314762927661e+02
5.436852436442588896e+02
5.548285197148215957e+02
