3.326244331750898255e+03
3.285730670362439923e+03
3.266342942350742760e+03
3.270922409383275863e+03
3.298231857338558257e+03
3.343311070218570421e+03
3.513219228345963984e+03
3.573381562576699707e+03
3.630114472827992358e+03
3.679472507009910714e+03
3.108922586236368716e+03
3.049075565273400116e+03
3.022559334434555240e+03
3.033500262911703430e+03
3.079563803478985847e+03
3.260302022228621809e+03
3.351669617728442972e+03
3.446614844325355989e+03
3.535624130169793261e+03
3.612496700975415479e+03
2.817083973381725173e+03
2.731308820933210882e+03
2.695176134311338046e+03
2.714609443987003488e+03
2.785879634181392248e+03
2.996120474160031790e+03
3.133330498676634306e+03
3.275558148501460892e+03
3.408517591101826838e+03
3.522871201714892322e+03
2.451912810032029483e+03
2.333509158344423213e+03
2.284845995090763608e+03
2.314310406691277876e+03
2.499321380723313268e+03
2.662734743106774204e+03
2.857734197085000233e+03
3.059764856358558973e+03
3.248457582528531020e+03
3.410402402165884268e+03
2.030752698654502183e+03
1.874603328734919614e+03
1.810512127788861335e+03
1.850184476642589971e+03
2.054122579773536472e+03
2.273600726534705245e+03
2.535802346377956837e+03
2.807698111294245791e+03
3.061700032826100141e+03
3.279494032062379119e+03
1.591206194369594641e+03
1.396958513530403707e+03
1.315531882666769661e+03
1.362758882110421382e+03
1.580970183438972981e+03
1.858828177738818340e+03
2.192081333550322597e+03
2.538445331070425254e+03
2.862343521073397824e+03
3.140005176779002795e+03
1.191671155349532910e+03
9.712716793800841515e+02
8.751547909906277027e+02
9.236280106234914911e+02
1.134678251473993214e+03
1.464054408752045219e+03
1.863451952144607503e+03
2.280581984843995542e+03
2.671430058959945654e+03
3.006595585715352172e+03
9.025882723478316620e+02
6.956837902826330264e+02
6.053979723295359463e+02
5.758316629236674089e+02
7.847061074355765413e+02
1.143725195650957630e+03
1.593219497485467627e+03
2.067517515897022349e+03
2.513503998407504241e+03
2.896332524735457355e+03
7.680726645760570364e+02
6.242646987371691694e+02
5.719035906933480646e+02
4.456135615931145253e+02
5.941630765577849616e+02
9.464168141837759549e+02
1.420754733541783708e+03
1.929994660332548847e+03
2.411276816779212822e+03
2.825052605197758567e+03
7.578619074955292945e+02
6.576066770215760471e+02
6.304768649786716423e+02
4.616655991061551845e+02
5.635542129186152351e+02
8.946509481377554494e+02
1.370159685978500420e+03
1.888285419272553099e+03
2.380130997368395128e+03
2.803611493075089584e+03
