2.164713665109853764e+02
2.135410280334454569e+02
2.116478058524000971e+02
2.109742933263354985e+02
2.115513456470251299e+02
2.132850598228618537e+02
2.355000071920337064e+02
2.396904239595360480e+02
2.441529522147455395e+02
2.484315811444187148e+02
2.096409821980001880e+02
2.061010129476739792e+02
2.039274583209312937e+02
2.032904234526886569e+02
2.041821267781458573e+02
2.234183672300192995e+02
2.278323868562359564e+02
2.332235787126804780e+02
2.390139819984431995e+02
2.446086972409867712e+02
2.024848554012931743e+02
1.984647151463978503e+02
1.961592570590752587e+02
1.956713612364884511e+02
1.969189190349648015e+02
2.148029944652972461e+02
2.200715879941421633e+02
2.265689765601764236e+02
2.336459234791737458e+02
2.405702774119689309e+02
1.956304477474149905e+02
1.913633825964471100e+02
1.891528969341794664e+02
1.889627182609020792e+02
2.031467629942339670e+02
2.072017391778243223e+02
2.130765594522788433e+02
2.204210188034793703e+02
2.285756819531280541e+02
2.366911649467695611e+02
1.897021981265671400e+02
1.854598343290587650e+02
1.835880739324265107e+02
1.838466075344523176e+02
1.970584975831907002e+02
2.014047065489203874e+02
2.075907088822659148e+02
2.154377878559448334e+02
2.243442070976899174e+02
2.333815957043623541e+02
1.851777275335075217e+02
1.811605573277096539e+02
1.797858468251446027e+02
1.805868768776751949e+02
1.931717621318090323e+02
1.977145089414595702e+02
2.040038564140668882e+02
2.120555337569998926e+02
2.213717378206301589e+02
2.309952259535559165e+02
1.823447102784494405e+02
1.785918664470354713e+02
1.777001413084059323e+02
1.878131150280888164e+02
1.911959904425886236e+02
1.959545966493481899e+02
2.023097453928984351e+02
2.104148013360282619e+02
2.198763697061602898e+02
2.297572821088356534e+02
1.813710920109152198e+02
1.777580908216826856e+02
1.771533503874050268e+02
1.869630270541414063e+02
1.907285962898453420e+02
1.957811441503701246e+02
2.022940289496834794e+02
2.104400079047532302e+02
2.198836492101781914e+02
2.297419065877201376e+02
1.823890837106725087e+02
1.787258172235042650e+02
1.781137561190961378e+02
1.876814173819633993e+02
1.916763977653482414e+02
1.970409168932868909e+02
2.037914933413112522e+02
2.119927162847382931e+02
2.212992196366458018e+02
2.308959432615618255e+02
1.854769717380328871e+02
1.816456981213179631e+02
1.807681637655346947e+02
1.903768049932794781e+02
1.943460718682476340e+02
1.998842960304254746e+02
2.067996320260224934e+02
2.149664683153374938e+02
2.239756472561357441e+02
2.330793235510219574e+02
