2.333149835384742516e+02
2.230164229076891331e+02
2.126338410848333069e+02
2.034802981489452804e+02
1.967913005575257159e+02
1.932369562789351392e+02
2.085476030059305401e+02
2.116126199799697645e+02
2.154927158622080583e+02
2.198232123817637103e+02
2.247157376150843504e+02
2.123351045344851116e+02
2.001655532965566806e+02
1.899232589515623317e+02
1.831348377920942312e+02
1.954900361061450269e+02
1.983783173312737063e+02
2.027619359864359012e+02
2.080244424756509432e+02
2.136867867670798660e+02
2.157962787246183893e+02
2.013967199952547276e+02
1.875215997705416839e+02
1.762816934572700802e+02
1.695010135438438397e+02
1.826783881438441313e+02
1.868051474536976002e+02
1.927195105467850738e+02
1.996204904337367054e+02
2.068966862860704339e+02
2.073047654499592625e+02
1.911683876979336105e+02
1.758106406361843881e+02
1.636211968639171346e+02
1.669418485382323922e+02
1.691749227933855479e+02
1.744832571751794035e+02
1.819240161307581900e+02
1.905628360366703475e+02
1.996484111666573540e+02
2.001931027901396760e+02
1.829222379386066848e+02
1.666037945509174563e+02
1.536645874092221504e+02
1.538883263775040007e+02
1.566029677106183442e+02
1.627476806609169273e+02
1.714049190841973314e+02
1.816190080687708530e+02
1.925070289507004873e+02
1.953926400682761653e+02
1.779054399872353258e+02
1.615248826789822658e+02
1.484102190233003000e+02
1.441009799437587731e+02
1.469688042636416583e+02
1.533750106302088341e+02
1.626564122866725484e+02
1.739907764065725644e+02
1.863922303225058954e+02
1.934963620517025902e+02
1.768137584568710565e+02
1.614425515141599590e+02
1.399508611686285064e+02
1.390277386188477919e+02
1.417657205399690099e+02
1.478709975448635419e+02
1.571145676719023356e+02
1.689434301418083919e+02
1.823197848294913967e+02
1.945561971999790387e+02
1.794621554296589068e+02
1.659193904976538079e+02
1.391758084963915110e+02
1.386190587320075167e+02
1.411472422512437106e+02
1.467118633589418550e+02
1.555118910887293566e+02
1.672898984897473156e+02
1.810148076754730369e+02
1.981662946535634546e+02
1.849955908701091118e+02
1.735704579279629911e+02
1.419008796670939034e+02
1.416728694293333319e+02
1.441138178220393797e+02
1.493048529464764442e+02
1.576667135323447155e+02
1.691145992571543957e+02
1.826560375859622241e+02
2.037496870358600063e+02
1.924485297218649578e+02
1.829774794995823015e+02
1.471077552069340300e+02
1.470640095441986261e+02
1.495868439289781975e+02
1.547416163670586116e+02
1.628965999209941060e+02
1.739420578330316971e+02
1.869173583469402615e+02
