2.418896069133565732e+02
2.251645502478378091e+02
2.034234632866956929e+02
1.769763405701282863e+02
1.471650482350354139e+02
1.165690919982584575e+02
5.641096949804524030e+01
5.443687022941665532e+01
5.340959683934681834e+01
5.319784651474472525e+01
2.396654358814611783e+02
2.217375196351115676e+02
1.984414347544612269e+02
1.701416694932750886e+02
1.383546344023863810e+02
6.057540285787396073e+01
5.762671847135795389e+01
5.556765132089186210e+01
5.436703618316639819e+01
5.385364519748158330e+01
2.392716843325848686e+02
2.210028879038028435e+02
1.972584873686420792e+02
1.684337628255616437e+02
1.361285792335112603e+02
6.318330803221410719e+01
6.006668663517131534e+01
5.774266607509120774e+01
5.619696305013334836e+01
5.528255761932566514e+01
2.408228494359709373e+02
2.231189004725120526e+02
2.000755677008266957e+02
1.720749721167328801e+02
7.068763530219104041e+01
6.686892765826129903e+01
6.342715101111152620e+01
6.063797764819386060e+01
5.857316808331479052e+01
5.717745248785774237e+01
2.441514861874426003e+02
2.278391266611001242e+02
2.065425225207800963e+02
1.805901374423705192e+02
7.536591383953576440e+01
7.137713551491846431e+01
6.753395117919892243e+01
6.417687750948503833e+01
6.150302134929124520e+01
5.959279660014560420e+01
2.488339927278983623e+02
2.345549403171091285e+02
2.158230428829259040e+02
1.928953351020881826e+02
8.050389732156109801e+01
7.640735733582890532e+01
7.222494482287228834e+01
6.835682366286259537e+01
6.512199320960839088e+01
6.273875383845995657e+01
2.542709908309523428e+02
2.424106327292943490e+02
2.267460210004538226e+02
8.899777985380987388e+01
8.560253828858753877e+01
8.153592904965698551e+01
7.719130432614382187e+01
7.300610831265566958e+01
6.938489670056243597e+01
6.664733222912640542e+01
2.598069299567562780e+02
2.504720197379626541e+02
2.380298229811826047e+02
9.319221290632556531e+01
9.010774856038823089e+01
8.623457240022182191e+01
8.195110545917897582e+01
7.770364125197693284e+01
7.393375714034399948e+01
7.100903075316237789e+01
2.648591476331359900e+02
2.579076376676691211e+02
2.485284861214601904e+02
9.622543428460315340e+01
9.352431848956675253e+01
8.998885597651906210e+01
8.597307481317406541e+01
8.190537850052608349e+01
7.822054980589498996e+01
7.528586589465082568e+01
2.690200330947741918e+02
2.641306969036031091e+02
2.574254561252386679e+02
9.781616439888847481e+01
9.553635061610108892e+01
9.243996039506124873e+01
8.884717808978179221e+01
8.514754752334611965e+01
8.173774154805661851e+01
7.895206937791381563e+01
