1.370744215429616872e+02
1.294637003566387818e+02
1.217758463448076043e+02
1.149426092846225060e+02
1.101436526593658414e+02
1.082966035937781726e+02
1.312833406838211374e+02
1.352075734214225804e+02
1.400234899041102778e+02
1.451546614649953142e+02
1.317185613313842794e+02
1.229514394450846595e+02
1.140552272172655393e+02
1.061799040137044727e+02
1.008322426854668521e+02
1.166020355127357533e+02
1.197347760431505463e+02
1.248823459589555682e+02
1.312209715181195122e+02
1.379716948785758177e+02
1.272252671941280369e+02
1.174939952948341215e+02
1.075540228457780927e+02
9.869205499315084751e+01
9.267903422361574428e+01
1.039779192953172213e+02
1.076198205465333899e+02
1.138587847279306828e+02
1.217067861206953552e+02
1.301704617120667820e+02
1.239897176301503379e+02
1.136686569825873363e+02
1.030902208564090614e+02
9.354336494286160075e+01
9.239014748233405783e+01
9.245288490874226284e+01
9.623075590929781242e+01
1.032170389482744639e+02
1.123436555757739654e+02
1.224153444534374700e+02
1.222893852805358819e+02
1.118879234156338072e+02
1.012955926707785608e+02
9.167480528031792630e+01
8.400291716616533222e+01
8.357495085194190665e+01
8.710604512912576070e+01
9.436145296152629669e+01
1.043307980005758822e+02
1.156712766667320835e+02
1.222334656026879856e+02
1.122626558861542492e+02
1.023195157988520663e+02
9.336932795569225618e+01
7.904003217719100860e+01
7.831041447429136326e+01
8.145568885991215780e+01
8.857948893163006687e+01
9.887259536167853469e+01
1.109560214279296133e+02
1.237806323567733386e+02
1.146096729339711544e+02
1.057832313830706283e+02
8.064178439263392306e+01
7.715093719603768818e+01
7.657836487551882954e+01
7.959068271709719511e+01
8.649137449813309786e+01
9.671315202375531328e+01
1.089769908753094398e+02
1.267955759637964093e+02
1.185919701973768667e+02
1.110423148626303345e+02
8.049477958601326577e+01
7.764514289171462735e+01
7.767518765902259759e+01
8.100957388724819452e+01
8.788926165121667111e+01
9.788175198306817038e+01
1.098864563537672439e+02
1.310842168315638219e+02
1.238589843580375742e+02
1.174993034265573328e+02
8.265901695113484493e+01
8.039697009444796549e+01
8.118493359668656240e+01
8.511514010541712594e+01
9.216688891400185923e+01
1.018886314100807340e+02
1.133446522255243565e+02
1.363842751377585500e+02
1.300854889571403419e+02
1.247267819472773596e+02
8.783388258275699911e+01
8.593681601279126880e+01
8.727648214666473336e+01
9.166897537389701256e+01
9.879990711181397955e+01
1.081150954367276711e+02
1.187855708513257440e+02
