5.706697394825147995e+01
5.668794742952054122e+01
5.622508037281190951e+01
5.570470360461228410e+01
5.516507498010614796e+01
5.465592986750937143e+01
6.212838917983090425e+01
6.215168926219740797e+01
6.229826136373819878e+01
6.257081187343539597e+01
5.758274462512699898e+01
5.728156289737211893e+01
5.687824929038765021e+01
5.639069478008253355e+01
5.585177806411508783e+01
6.298646310515283631e+01
6.282963965867094203e+01
6.272246971218559253e+01
6.273321559720450580e+01
6.288855457358860690e+01
5.823899036699641840e+01
5.805250577092188990e+01
5.774582455687866656e+01
5.732541357958151451e+01
5.681589942827022810e+01
6.414749373307614633e+01
6.389057873051952186e+01
6.363439577385369006e+01
6.347844640903370816e+01
6.347554060711577506e+01
5.898787419169580204e+01
5.894351958525556512e+01
5.876259601279974021e+01
5.843823660382696517e+01
6.570551479817773100e+01
6.553005687001319757e+01
6.518617582675788924e+01
6.479036735433565752e+01
6.446578928523415186e+01
6.428797719474938788e+01
5.977015276589344950e+01
5.988265929273794086e+01
5.984505382197232137e+01
5.963653253371185059e+01
6.714736268724190893e+01
6.696787784614384975e+01
6.656460408489783731e+01
6.606068035693687079e+01
6.559087357602862767e+01
6.524582529340014503e+01
6.052110421434711185e+01
6.079084415827480825e+01
6.090044032647931260e+01
6.081586552507020116e+01
6.849046458869929666e+01
6.831892388743698064e+01
6.788779022443719668e+01
6.731605090026305049e+01
6.673765104973787743e+01
6.624947727162279421e+01
6.117400294942189021e+01
6.158662624590522228e+01
6.183299193787822645e+01
6.947088414494311337e+01
6.963703270856036909e+01
6.948122917785386221e+01
6.904820639194829823e+01
6.844497268369623555e+01
6.779532594992009820e+01
6.719510935379430805e+01
6.166464761156530727e+01
6.219210722139596470e+01
6.255151735227983067e+01
7.033984160430217969e+01
7.052078504335659659e+01
7.038320658898020099e+01
6.996447818961755161e+01
6.935594893281707130e+01
6.866653841373494060e+01
6.798665266270680263e+01
6.194002009769808126e+01
6.254343770199199071e+01
6.298181994507954329e+01
7.090559567177122346e+01
7.109054850786625934e+01
7.096967157612033361e+01
7.057317305731979218e+01
6.997666479981845100e+01
6.927344050085058313e+01
6.854664634797572376e+01
6.196998952428400997e+01
6.260454627159982977e+01
6.308224217675316225e+01
7.112858792902532912e+01
7.130835886743761876e+01
7.120114493085924323e+01
7.083104896682299056e+01
7.025992148248558067e+01
6.956689843399014705e+01
6.882742049025785036e+01
