1.737125437978238267e+02
1.737060808192401566e+02
1.735869828256227834e+02
1.733718311336152453e+02
1.731012829872517216e+02
1.728267357405098892e+02
1.641132424198654292e+02
1.638298856806772221e+02
1.637359400858814809e+02
1.637932463984155333e+02
1.745887036597448514e+02
1.748050151491056852e+02
1.749310969570913699e+02
1.749744174149179798e+02
1.749622458436746797e+02
1.662954675260592410e+02
1.660159055280222731e+02
1.658803386704086051e+02
1.658438771248154922e+02
1.658556203227755645e+02
1.755467554340444565e+02
1.760209322365898572e+02
1.764391578292863301e+02
1.767992022715515361e+02
1.771111759467539173e+02
1.685433605791245384e+02
1.685279962177424693e+02
1.685681776026271166e+02
1.685948466160168664e+02
1.685469847111594106e+02
1.764986223140209347e+02
1.772408759650083994e+02
1.779718213134171094e+02
1.786804100721097086e+02
1.708950746243718015e+02
1.711442877375916396e+02
1.714244646842537918e+02
1.716582022230739142e+02
1.717534519518771674e+02
1.716410376267889717e+02
1.773548374958719194e+02
1.783498837896508178e+02
1.793849861961594456e+02
1.804419559027205082e+02
1.732052431613668091e+02
1.738280661486290057e+02
1.744124219694719216e+02
1.748464157571913233e+02
1.750159216558994615e+02
1.748442816348910753e+02
1.780377525751295309e+02
1.792476027295164727e+02
1.805499505585572422e+02
1.819212273139158071e+02
1.753345034225102381e+02
1.763067620478840922e+02
1.771781261018398084e+02
1.778045751589843917e+02
1.780510818993114128e+02
1.778334512312811739e+02
1.784883761284700938e+02
1.798568863986855604e+02
1.813647738622788665e+02
1.757946394385147073e+02
1.770590164364894576e+02
1.783224379347909689e+02
1.794360660451300760e+02
1.802287496718467139e+02
1.805472825814989051e+02
1.803003745605471977e+02
1.786691065850104962e+02
1.801275150126748201e+02
1.817605900472817666e+02
1.767376417613795354e+02
1.782174693450835434e+02
1.796854942124257377e+02
1.809713049716449689e+02
1.818846662196343971e+02
1.822594833076676082e+02
1.819993426204405296e+02
1.785660674588953043e+02
1.800395972280186641e+02
1.817076036169685551e+02
1.771434948501853910e+02
1.787296683061845783e+02
1.802982749952316794e+02
1.816687174002896086e+02
1.826423043818113854e+02
1.830478974835965005e+02
1.827876804578559700e+02
1.781922291305787382e+02
1.796078199647816120e+02
1.812212821756122025e+02
1.770180207988423433e+02
1.786006167380021452e+02
1.801627194919753947e+02
1.815253441489170427e+02
1.824931154776277253e+02
1.828991041696752120e+02
1.826489098682464771e+02
