2.829846274773860273e+02
2.733696918445623396e+02
2.656553846873801490e+02
2.608435223505967429e+02
2.599624963666820463e+02
2.634869148038222306e+02
2.307843942578001304e+02
2.367712552520503664e+02
2.440342450933974590e+02
2.518248130917405092e+02
2.665270152255023390e+02
2.552560533943158134e+02
2.456112218138725325e+02
2.390359076033990675e+02
2.372333873321372550e+02
2.106796201689619750e+02
2.153067427838367962e+02
2.226991545106771753e+02
2.315540366318505221e+02
2.408478636932788106e+02
2.544474806166146834e+02
2.419149264585605863e+02
2.303234081644178559e+02
2.215469228624438642e+02
2.181271013847725158e+02
1.963531192412243627e+02
2.014316089002925878e+02
2.099464560875468635e+02
2.201800837562928166e+02
2.308126676720436876e+02
2.472597556435007107e+02
2.339478826237852331e+02
2.206402379489940984e+02
2.095161915423369123e+02
1.853982946046728273e+02
1.847961282206511271e+02
1.898155307979108954e+02
1.990070990384848528e+02
2.102828894191140705e+02
2.220345969036098381e+02
2.440274237375100483e+02
2.303203892812753111e+02
2.157571784287262346e+02
2.026421897726839347e+02
1.782756634780603235e+02
1.764471361080709926e+02
1.809674493106366242e+02
1.903641430045602760e+02
2.023009134025083142e+02
2.149304444514698105e+02
2.433158827794195815e+02
2.294393064715841604e+02
2.142520802375972835e+02
2.000296233148055762e+02
1.746690371030661595e+02
1.717822331227915242e+02
1.756184750240832670e+02
1.848360475162489251e+02
1.970402880664485110e+02
2.102503607383213762e+02
2.444594357406926122e+02
2.306029398929958916e+02
2.155642394078400059e+02
1.839682472413628318e+02
1.750044599739495368e+02
1.716372643996774627e+02
1.748909929923736399e+02
1.836494053569420259e+02
1.956826069581144623e+02
2.090381129041597319e+02
2.481142462611313135e+02
2.346113390734327595e+02
2.205871723045432304e+02
1.883022684317246842e+02
1.800782414745578421e+02
1.769606464847719849e+02
1.798702992788331301e+02
1.879394005986092395e+02
1.992960494770445905e+02
2.121972921888384462e+02
2.556842120913260032e+02
2.430679330501575919e+02
2.308504271136730495e+02
1.971235089422416422e+02
1.903763803642331993e+02
1.880327607347855690e+02
1.907632226543739478e+02
1.979277677374557527e+02
2.081088936358681281e+02
2.199044445776232521e+02
2.680590768213119759e+02
2.569111389981600269e+02
2.469725641456375627e+02
2.103678046883019306e+02
2.053435536887866988e+02
2.039008821426768634e+02
2.064462592737655768e+02
2.125306519910712382e+02
2.211737097716179505e+02
2.313497931141993149e+02
