2.186084062391819884e+02
2.167881273553335291e+02
2.151207263765208495e+02
2.137238412392942450e+02
2.128246491483750731e+02
2.126703571653352753e+02
1.994615805608227106e+02
2.003574595510415008e+02
2.017203088202517165e+02
2.034138738967974120e+02
2.173690469220009618e+02
2.152320645508657435e+02
2.131891045045636019e+02
2.113905851275114003e+02
2.101093106785207567e+02
1.966486351504230186e+02
1.967785294982178925e+02
1.975512757640458688e+02
1.988917724180380162e+02
2.006638676955915912e+02
2.164248887882571353e+02
2.139322508016754512e+02
2.115055429383438934e+02
2.093294230091063923e+02
2.077088579000614459e+02
1.942681524814933596e+02
1.941743158785654941e+02
1.948022953064539706e+02
1.960906622800706032e+02
1.979108886236978435e+02
2.158817090483533718e+02
2.130329638502468583e+02
2.102482939478937283e+02
2.077430164993094195e+02
1.932117665055777422e+02
1.921646369492924009e+02
1.918414913515056242e+02
1.923031861181205215e+02
1.935072028499022849e+02
1.953400567817936064e+02
2.159014188855455529e+02
2.127507487977087237e+02
2.096744015456137333e+02
2.069091149064373951e+02
1.918824709069262440e+02
1.905761796918778543e+02
1.900190809121806694e+02
1.902913943075225234e+02
1.913751097895429609e+02
1.931780207222620902e+02
2.166262364373985747e+02
2.132819975005620279e+02
2.100188660725292777e+02
2.070814463693417053e+02
1.912745676988220396e+02
1.897350746334595897e+02
1.889464609679900491e+02
1.890107739664120174e+02
1.899388729099470083e+02
1.916638548168580769e+02
2.181070100925789177e+02
2.147139720223412098e+02
2.113955568794086446e+02
1.937961604698555220e+02
1.915335452342197016e+02
1.898053770187940756e+02
1.888052199154557798e+02
1.886576286999022329e+02
1.894035560619721252e+02
1.910025329515828219e+02
2.202715478290774342e+02
2.169831246015010038e+02
2.137482272007868573e+02
1.950200844239985258e+02
1.926867994418090007e+02
1.908370247552480521e+02
1.896696487637260873e+02
1.893286663739538085e+02
1.898820983654767645e+02
1.913140391307298103e+02
2.229412151367920956e+02
2.198924824210287454e+02
2.168667969413036758e+02
1.969452039522381313e+02
1.946388819457077943e+02
1.927523535709388796e+02
1.914842423752651541e+02
1.909909782247764838e+02
1.913607485513155950e+02
1.925978985933356569e+02
2.258791216133301418e+02
2.231688043276958240e+02
2.204494424223078113e+02
1.993830394073953016e+02
1.971992100660974927e+02
1.953663599993528237e+02
1.940755448835544996e+02
1.934862245420753197e+02
1.936976435962337177e+02
1.947286954990266850e+02
