7.674172870385102385e+01
7.358619087446155049e+01
7.011221640563678648e+01
6.660433940624943716e+01
6.355393772544686470e+01
6.151581091387264166e+01
5.074109293395380860e+01
5.123379566373030514e+01
5.188692369982172181e+01
5.259128770216229043e+01
7.582234747477049552e+01
7.263560219266041429e+01
6.908480303150346913e+01
6.547138103361952233e+01
6.235190275638804991e+01
5.044908978528638954e+01
5.074834259350323151e+01
5.129744385963638820e+01
5.200532792399994975e+01
5.275353727970765050e+01
7.553168701315475175e+01
7.246645046861067385e+01
6.899687230900948975e+01
6.541130348679499207e+01
6.228631111409815446e+01
5.085459431944351394e+01
5.115859791241812360e+01
5.169740804428820979e+01
5.239453075260258430e+01
5.313457171538318136e+01
7.574188903836014219e+01
7.289845682497812618e+01
6.962942936243737790e+01
6.618548450370055036e+01
5.151405700784683717e+01
5.159436010891944591e+01
5.186393001072332964e+01
5.234256470920824000e+01
5.297934297157240024e+01
5.367227972358774934e+01
7.629181095381856892e+01
7.371545030026277345e+01
7.072728355705388026e+01
6.752846218840977599e+01
5.239520307746057881e+01
5.249172158493508533e+01
5.272076234335636968e+01
5.312741011767180765e+01
5.368805418482496350e+01
5.431908440105095792e+01
7.708166461410813497e+01
7.478430744201118330e+01
7.213357338682152431e+01
6.928217385423103281e+01
5.325519973447921274e+01
5.338597282034186975e+01
5.360316613664744523e+01
5.396535853909072955e+01
5.446854823509208643e+01
5.504615082892856748e+01
7.810603937214058590e+01
7.609231519493000917e+01
7.382351816035881598e+01
5.379163799788796751e+01
5.399185023538615980e+01
5.418563242320342255e+01
5.443762081444328516e+01
5.480373902167256261e+01
5.528651012290369238e+01
5.583069977944195017e+01
7.941112500385942496e+01
7.769174724028172818e+01
7.583564529392253917e+01
5.432420958023710256e+01
5.460041676539170652e+01
5.487962046123912785e+01
5.520594454839161358e+01
5.561822980562477881e+01
5.611293917539339304e+01
5.663979627639584891e+01
8.101537445656967407e+01
7.960354702561994600e+01
7.816670434463924266e+01
5.480329845045883985e+01
5.514172911240434161e+01
5.550831997448883470e+01
5.592157963533746567e+01
5.639530035646780703e+01
5.691246351918919544e+01
5.742366271693862245e+01
8.285355787036338882e+01
8.175227197045565219e+01
8.070950220295402744e+01
5.530839638534381919e+01
5.568532590175117747e+01
5.611695618490778514e+01
5.659750674407638371e+01
5.711582129985379908e+01
5.764066155892625432e+01
5.812272136187751670e+01
