1.210808507671548284e+02
8.932074047088522661e+01
8.928020216603798076e+01
8.953573401858606928e+01
8.998208744832624006e+01
9.042461564191943069e+01
9.071374393544967063e+01
9.081758890221395575e+01
9.079611254116248631e+01
9.073019179467127060e+01
1.141890247072477678e+02
1.120814017003173859e+02
1.125012038326425596e+02
8.643558914159409312e+01
8.787981763643841759e+01
8.927589825227985898e+01
9.022820561258889427e+01
9.068288877546989113e+01
9.079839566456405464e+01
9.076214388114225073e+01
1.014666874745896905e+02
9.704908655103483284e+01
9.780057077159473522e+01
1.033697474659019520e+02
8.354865955892678642e+01
8.669184086829055502e+01
8.893552324970244172e+01
9.014620748557354091e+01
9.062645699618700235e+01
9.073136033627361030e+01
8.529207679261587316e+01
7.866901853775509323e+01
7.933866122223471962e+01
8.743557975347582101e+01
7.726549565154840593e+01
8.262331219823728645e+01
8.664565219495617043e+01
8.901386238661056893e+01
9.015044489437499919e+01
9.057328860728296149e+01
7.247701697820450306e+01
6.566225439102960593e+01
6.515660566768615070e+01
7.322258459833976474e+01
7.108903205576559969e+01
7.831627030362847108e+01
8.388716760989520083e+01
8.739541292397468908e+01
8.933857782982572360e+01
9.024784123027535543e+01
6.666939961720487418e+01
5.986458710013259576e+01
5.806667653372090854e+01
5.945184233483752934e+01
6.770079617492683610e+01
7.598467268678409425e+01
8.199809679839927412e+01
8.589820579332135253e+01
8.839952083592761767e+01
8.980908810654419483e+01
6.809377828892965567e+01
5.881662075755905761e+01
5.702839602321197532e+01
5.830124719414154555e+01
6.813332020939485290e+01
7.659972891416275331e+01
8.187289752483114569e+01
8.519358756409043565e+01
8.771531291847962564e+01
8.942221890552539776e+01
7.952509755680935655e+01
6.997727700150140606e+01
6.879973425356658367e+01
6.228534290312209976e+01
7.140471582203988987e+01
7.873051306989702880e+01
8.281669825449696987e+01
8.531718459598725701e+01
8.754127603933707746e+01
8.926343929411996214e+01
9.645271616655259095e+01
9.014494673658118984e+01
6.655992379592257180e+01
7.030128979684219814e+01
7.613119720544231939e+01
8.103290902230412485e+01
8.396267695919628693e+01
8.597955493664484550e+01
8.789080076466296987e+01
8.939592669915596446e+01
1.105353810794546945e+02
1.074610158806993354e+02
7.706149215110588102e+01
7.870443618690138976e+01
8.126621970163286335e+01
8.367621781211343546e+01
8.552108263460070248e+01
8.712336421692135957e+01
8.862363767675294923e+01
8.973533039823203694e+01
