7.739996584619119631e+02
5.453456816045945743e+02
3.589355997656018076e+02
2.379217857399096943e+02
1.962525308091756244e+02
2.371722372461636326e+02
1.014739431909923013e+02
1.406212324923106110e+02
1.917573269842355046e+02
2.481225249327912650e+02
6.803869896066106548e+02
4.358702018592722425e+02
2.380568750604494426e+02
1.156950369272321382e+02
8.048706956705854054e+01
6.087629703699196426e+01
7.813548735466135042e+01
1.166021523006106833e+02
1.702143699345615744e+02
2.302443572112541403e+02
6.476838283586799889e+02
3.976813603865734308e+02
1.965320039564121544e+02
8.068954642284866452e+01
6.245947941145127658e+01
5.654549787405102279e+01
7.046530282012832913e+01
1.080661231283524586e+02
1.624835312547262447e+02
2.238285871794806212e+02
6.802256831564703816e+02
4.355744266602233097e+02
2.374551735115318536e+02
1.143869580627750793e+02
5.600090335586939716e+01
5.875440004045134401e+01
7.645206586227146772e+01
1.154703701470131563e+02
1.694461084634434087e+02
2.296913859077508278e+02
7.737245554533195673e+02
5.448829381517635966e+02
3.581451004285962085e+02
2.366454344066472970e+02
6.949496017949432769e+01
7.592479257268820447e+01
9.889753528793971782e+01
1.387575218758321114e+02
1.904075536808062736e+02
2.471118881001854106e+02
9.161007473150367559e+02
7.117980260199655049e+02
5.445249652761151538e+02
4.346751128771736035e+02
1.070951055642399012e+02
1.147602628512681804e+02
1.384370834408419171e+02
1.759925172650909531e+02
2.229696664001917270e+02
2.739258598777963130e+02
1.089960894463169325e+03
9.159133083220976914e+02
7.732496892335994971e+02
1.694290876067773581e+02
1.616645983086633578e+02
1.687617763354003557e+02
1.899697548948817030e+02
2.227826590457407008e+02
2.632692055692979238e+02
3.069095517625929119e+02
1.276107227827115366e+03
1.134585945223448334e+03
1.018539140512871654e+03
2.296128326790124561e+02
2.231658611876877103e+02
2.290976534101289417e+02
2.466683840087271733e+02
2.736596123569311203e+02
3.067985817826554467e+02
3.424180512691463605e+02
1.457008215689613962e+03
1.347150437584320571e+03
1.257054457343930153e+03
2.891161810433622463e+02
2.840621009782076385e+02
2.887114673568632952e+02
3.024566221726527715e+02
3.235254330845388608e+02
3.493477057018982919e+02
3.770711129812931972e+02
1.619338594346546415e+03
1.537914666947471460e+03
1.471132854734957164e+03
3.429411362651774766e+02
3.391683805801932294e+02
3.426221727560467230e+02
3.528427082868413436e+02
3.685019081338028855e+02
3.876844012418777083e+02
4.082722472419457063e+02
