5.498136458009091854e+01
5.491082427363479468e+01
5.487887725089233726e+01
5.488758719919031392e+01
5.493026276165338118e+01
5.499410280226320680e+01
4.743859626950985131e+01
4.747929998434006649e+01
4.748319124652473988e+01
4.744818339797608076e+01
5.509227251347482479e+01
5.505711520682714166e+01
5.506644143360083632e+01
5.511998207728996135e+01
5.520729999755035067e+01
4.768327882915937721e+01
4.777064251900979741e+01
4.781767277027875451e+01
4.781702690486089580e+01
4.776662592015047437e+01
5.523363434755503221e+01
5.523448441393843211e+01
5.528344513943695659e+01
5.537845775956884609e+01
5.550643276530637849e+01
4.801432267124393150e+01
4.811542283960291400e+01
4.816652450162071375e+01
4.815957150998902137e+01
4.809264499904589485e+01
5.539489695880958919e+01
5.542940591028312980e+01
5.551294324365500188e+01
5.564232429286325043e+01
4.818025146825318217e+01
4.833693563132536752e+01
4.844789800017451853e+01
4.850012862766914878e+01
4.848526919126831558e+01
4.840172551360846853e+01
5.556559975172208965e+01
5.563006168836790977e+01
5.574186242987519080e+01
5.589722914873154735e+01
4.845834810270625326e+01
4.862716199868449962e+01
4.874328688160751000e+01
4.879348736250481267e+01
4.876954056337490329e+01
4.867033354462098060e+01
5.573550836645124917e+01
5.582606608432720918e+01
5.596022739524541834e+01
5.613389625323282672e+01
4.868826463980498431e+01
4.886300330909144662e+01
4.897946750017281659e+01
4.902477004540326533e+01
4.899121839395164102e+01
4.887830629398430915e+01
5.589415007739017938e+01
5.600710475058441773e+01
5.615867962436408334e+01
4.863009427394501216e+01
4.885157652729426303e+01
4.902614332293877908e+01
4.913858841181845349e+01
4.917683214207680464e+01
4.913401276570020570e+01
4.901030343782758081e+01
5.603078751773388433e+01
5.616213444962818357e+01
5.632665248722265972e+01
4.871594215569635367e+01
4.893456513619774029e+01
4.910344485581587293e+01
4.920834802954398413e+01
4.923831643926835966e+01
4.918750022109271214e+01
4.905675715631234368e+01
5.613544936933899976e+01
5.628020018312943762e+01
5.645279744741088734e+01
4.872068989369974190e+01
4.892993180886026039e+01
4.908845799613956729e+01
4.918328121248880080e+01
4.920473787442612235e+01
4.914805295428995890e+01
4.901470303296999020e+01
5.620078883666704428e+01
5.635267314225958302e+01
5.652754193819663442e+01
4.864399303710392530e+01
4.883822285716723854e+01
4.898271500994719929e+01
4.906589267294649659e+01
4.907944568133363816e+01
4.901963886024130090e+01
4.888843994085832634e+01
