1.054166392707433886e+02
1.045683954708142380e+02
1.043409103152969237e+02
1.048396107642248012e+02
1.061636243176998562e+02
1.083277339882313441e+02
9.023988915534906141e+01
9.064967695791405333e+01
9.122238585088604168e+01
9.191823968644420972e+01
1.038784404387287310e+02
1.028339201093183704e+02
1.022874574931701233e+02
1.024395087102787159e+02
1.035036478857705475e+02
8.893655022894851925e+01
8.911370990114211565e+01
8.952718086227045546e+01
9.014350528928925144e+01
9.091237596932519693e+01
1.032440162635990646e+02
1.019758291523167060e+02
1.010691281288590204e+02
1.008211199317100437e+02
1.015621791721149663e+02
8.794112041425016457e+01
8.805933176057008893e+01
8.846195785293613767e+01
8.910926960918349948e+01
8.994112882651343455e+01
1.032743465539743823e+02
1.018023036963366792e+02
1.005831407276204885e+02
9.998975149554773623e+01
8.738155449522128038e+01
8.710543629184562064e+01
8.715692857924899783e+01
8.753504925276230608e+01
8.819648119935644104e+01
8.907418899113663713e+01
1.037419921747609806e+02
1.021345399607954221e+02
1.007332357231327933e+02
9.994778837287385898e+01
8.687661847371502688e+01
8.651076573727223717e+01
8.649762336817791208e+01
8.684035953707019928e+01
8.749609008597327886e+01
8.839566296379686605e+01
1.045655245644109641e+02
1.029242336944361398e+02
1.015154530241471917e+02
1.007391697874399910e+02
8.666019395066867048e+01
8.623400082294182312e+01
8.616693565277198275e+01
8.646707687569239908e+01
8.709629460898942455e+01
8.798886642538082015e+01
1.058492551650785316e+02
1.042833883321197561e+02
1.030326185773970309e+02
8.751918973498557364e+01
8.678274853581353909e+01
8.633060980963549014e+01
8.622481657180874492e+01
8.647838363219169366e+01
8.706141868012177554e+01
8.791656080430085751e+01
1.078017796470736016e+02
1.064018711954457217e+02
1.054182284799117753e+02
8.797335188023807007e+01
8.726624957924173032e+01
8.681876535473887202e+01
8.668892445077634079e+01
8.689404422726458677e+01
8.741433292554647494e+01
8.820398313388358247e+01
1.105801535430120737e+02
1.093995979641010905e+02
1.087139937314798175e+02
8.874093315704546114e+01
8.809232619104959383e+01
8.767058626170351943e+01
8.752750503034519625e+01
8.768364691925978605e+01
8.812937529017938232e+01
8.883142816738977388e+01
1.141569108407207409e+02
1.132079101893215665e+02
1.127834231496686925e+02
8.977577673120140389e+01
8.919991496621580040e+01
8.881461326580547677e+01
8.866474900059148467e+01
8.877289088098952163e+01
8.913814970967059992e+01
8.973886244037697679e+01
