1.292742196219441666e+03
1.292656381099666532e+03
1.292576669076513781e+03
1.292506228025032442e+03
1.292448997573727638e+03
1.292409629416461939e+03
1.281624328925419150e+03
1.281645599298129810e+03
1.281695266796179340e+03
1.281770804747786542e+03
1.292595479497387714e+03
1.292482435043821170e+03
1.292374197740684394e+03
1.292275108575196555e+03
1.292190891399694920e+03
1.281345885729420615e+03
1.281322705431054828e+03
1.281335984070154836e+03
1.281387782508144255e+03
1.281475820762040030e+03
1.292441701529507327e+03
1.292298401127322677e+03
1.292158363579331990e+03
1.292027380560474285e+03
1.291913228871726915e+03
1.281041480388500077e+03
1.280999718056014444e+03
1.281003779604944384e+03
1.281057215438709818e+03
1.281158010219992548e+03
1.292289328883399321e+03
1.292114401931636621e+03
1.291941171144251257e+03
1.291777118318236717e+03
1.280841282414726720e+03
1.280735464086993488e+03
1.280674995811289136e+03
1.280669826003548678e+03
1.280724830869082098e+03
1.280838200694086026e+03
1.292149427735839708e+03
1.291943880461832350e+03
1.291738627662290355e+03
1.291542967100128180e+03
1.280581005593224290e+03
1.280451003728786645e+03
1.280373462052384639e+03
1.280360061668115122e+03
1.280416694894435750e+03
1.280541656834602918e+03
1.292034600003698415e+03
1.291802292540800863e+03
1.291569148032849171e+03
1.291346222970873214e+03
1.280364402175654277e+03
1.280214139213589760e+03
1.280122557334604380e+03
1.280102521212819056e+03
1.280160567054876310e+03
1.280295002060311390e+03
1.291957022810109947e+03
1.291704685679631439e+03
1.291450669646853839e+03
1.280425896976256354e+03
1.280214667360944759e+03
1.280049694339018515e+03
1.279948009498262536e+03
1.279923088303991108e+03
1.279981756703011570e+03
1.280122290485612666e+03
1.291926071090920459e+03
1.291662759811256137e+03
1.291397181623904089e+03
1.280371077144505534e+03
1.280149650959217070e+03
1.279976553093782968e+03
1.279869132366728763e+03
1.279840949405143874e+03
1.279898832629573690e+03
1.280041046910671866e+03
1.291946275089190749e+03
1.291682337546571489e+03
1.291415748983712092e+03
1.280400684639951123e+03
1.280177983850960800e+03
1.280003741077049199e+03
1.279895007480467939e+03
1.279864981095133999e+03
1.279920281334970923e+03
1.280059232268487449e+03
1.292016283184131680e+03
1.291762069455162191e+03
1.291504988879850771e+03
1.280512414609428106e+03
1.280297192564318721e+03
1.280128549961598083e+03
1.280022695551169136e+03
1.279992096259655227e+03
1.280043008515754764e+03
1.280173903271675499e+03
