1.054323535444726076e+03
1.052585358802738938e+03
1.050593419906335157e+03
1.048467074073141475e+03
1.046357306559028984e+03
1.044419248553650050e+03
1.031353266667871367e+03
1.030251164398014680e+03
1.029565214856486591e+03
1.029351223370744265e+03
1.053874302356228554e+03
1.051874105090872035e+03
1.049561634594767838e+03
1.047070148823752561e+03
1.044572162301303933e+03
1.030663136555607934e+03
1.028852909774514274e+03
1.027434172478132723e+03
1.026514559398836127e+03
1.026172999252624095e+03
1.053531859365347145e+03
1.051285429235981610e+03
1.048660108457014530e+03
1.045798675160179073e+03
1.042892395802155306e+03
1.028564249925268314e+03
1.026348022666564930e+03
1.024577349396961154e+03
1.023393869308410444e+03
1.022904367955075145e+03
1.053325052105572013e+03
1.050865279424577921e+03
1.047955830338247324e+03
1.044743676065693535e+03
1.029563009411216854e+03
1.026643738809447086e+03
1.024013310129768115e+03
1.021877699853368881e+03
1.020416339188793472e+03
1.019767052757847978e+03
1.053272826237976687e+03
1.050650689343256545e+03
1.047510306481787438e+03
1.043997374238975908e+03
1.028374013504411778e+03
1.025065640774015492e+03
1.022048117052031444e+03
1.019565327688787761e+03
1.017834897466488201e+03
1.017026220300296472e+03
1.053380691285786952e+03
1.050663228246425206e+03
1.047368794087527931e+03
1.043636971250977240e+03
1.027605697786418204e+03
1.023982582590231800e+03
1.020643574658529474e+03
1.017865846701702139e+03
1.015901476113499143e+03
1.014948595371266606e+03
1.053639006007124181e+03
1.050904026450143192e+03
1.047550314424594717e+03
1.031144477255626725e+03
1.027337281233410749e+03
1.023506976089191426e+03
1.019946429921097433e+03
1.016957751870023799e+03
1.014819733186563781e+03
1.013753022041675422e+03
1.054024011762649252e+03
1.051352485032415643e+03
1.048042421258081959e+03
1.031454820591491625e+03
1.027598313274578004e+03
1.023690016762872347e+03
1.020031436396645745e+03
1.016938656560013101e+03
1.014706453523425353e+03
1.013569084600475549e+03
1.054501662791245963e+03
1.051969523499018806e+03
1.048802956307363729e+03
1.032141777351301016e+03
1.028365017227391718e+03
1.024514695248085218e+03
1.020890515294888587e+03
1.017810472064648707e+03
1.015573143217345773e+03
1.014416061090747462e+03
1.055033245074577735e+03
1.052704392075915393e+03
1.049768034393661992e+03
1.033144721059172298e+03
1.029567429400757646e+03
1.025903053423098754e+03
1.022439628209852344e+03
1.019485352425904580e+03
1.017330581274738392e+03
1.016205813825955033e+03
