1.272752520636887965e+02
1.257885899295376930e+02
1.288052368815280886e+02
1.360404571860961198e+02
1.467353325638696617e+02
9.038640810581814833e+01
9.005098594546568336e+01
9.043366636985562934e+01
9.191072650809711320e+01
9.459829981684940492e+01
1.174937909441404003e+02
1.152777180635642367e+02
1.172978278782515105e+02
1.239223288779616610e+02
1.348897235329613125e+02
9.062846375851552239e+01
9.061916659758028914e+01
9.131418838343438438e+01
9.299819566707432728e+01
9.572980735835143662e+01
1.136895733740249455e+02
1.105378262171233814e+02
1.109444175441175702e+02
1.161471134833734169e+02
1.266492836127055313e+02
9.146759791360176450e+01
9.193668781080384633e+01
9.310949280907983905e+01
9.512553328601005376e+01
9.795199199474286900e+01
1.144728660819286432e+02
1.105685115913249348e+02
1.094843823467009400e+02
1.131882442631490733e+02
9.283008449570120035e+01
9.314658385380376160e+01
9.411371639560668712e+01
9.577556033586549233e+01
9.811550845470669913e+01
1.010073507245308093e+02
1.177965479961471829e+02
1.136399638584985468e+02
1.118968659421148573e+02
1.148530331502247890e+02
9.526294484264546725e+01
9.587088327762103290e+01
9.722437117614410340e+01
9.923751357249059879e+01
1.017667851548292788e+02
1.046166988589492775e+02
1.225673065391100209e+02
1.187677170152020949e+02
1.174433854752548712e+02
1.207311867058373593e+02
9.883935878576602363e+01
9.962976456269592518e+01
1.011824731757093048e+02
1.033279476975611288e+02
1.058471687338614231e+02
1.085111053486489254e+02
1.291500153028999023e+02
1.262189365560291634e+02
1.261277009419363111e+02
1.032477991441033112e+02
1.032861159981940062e+02
1.041486280239426492e+02
1.057130481055320388e+02
1.077765762050820939e+02
1.100967057609823883e+02
1.124448096905505849e+02
1.386687183144668722e+02
1.368529812428683101e+02
1.382345931733416933e+02
1.079880970283839616e+02
1.081300303546234289e+02
1.089824880661056312e+02
1.104232137238647340e+02
1.122542095234468746e+02
1.142476428145668592e+02
1.161994665651760101e+02
1.517950690641159213e+02
1.510234183832845929e+02
1.535635764964827104e+02
1.126367936120431210e+02
1.128692261051520092e+02
1.136646168295942516e+02
1.149123671476529296e+02
1.164400607985539864e+02
1.180548131009657453e+02
1.195892968829239322e+02
1.680046944892204124e+02
1.679936726068968085e+02
1.711108476734302997e+02
1.168020425911254137e+02
1.171052471929558010e+02
1.178232921737042176e+02
1.188615091212395498e+02
1.200798080764590736e+02
1.213258987089946288e+02
1.224712021171785494e+02
