7.561773183903420659e+02
7.137472460137047392e+02
6.803004848443000583e+02
6.589419288486029700e+02
6.508906258350666576e+02
6.029450206562313497e+02
6.167247117241696515e+02
6.379804931955591201e+02
6.656123738443590128e+02
6.981796644906384017e+02
6.916670712624176076e+02
6.428235299128767792e+02
6.061953462609293410e+02
5.850878750914142756e+02
5.797360642430264761e+02
5.495639146241570643e+02
5.663543538483204429e+02
5.904332027420836084e+02
6.212361821068490144e+02
6.578697761026586477e+02
6.310703945392615424e+02
5.773957306375469898e+02
5.397721169133973262e+02
5.214359761659859487e+02
5.208500351844606939e+02
5.056326961012633205e+02
5.250335433086053172e+02
5.507848390555700462e+02
5.832558680664795929e+02
6.224692106302256889e+02
5.798550438737375998e+02
5.230434650788276940e+02
4.862051030361498078e+02
4.722830296530211172e+02
4.569551477913764188e+02
4.727346377656405139e+02
4.941175671154031761e+02
5.205751204561249779e+02
5.535714308266370836e+02
5.941696999357882305e+02
5.428561974361219882e+02
4.840142221754871912e+02
4.481181223743516284e+02
4.379188037280750336e+02
4.304430200384271643e+02
4.489294489685651683e+02
4.717812714561935650e+02
4.987987002604631925e+02
5.322607027746121275e+02
5.739760839579270169e+02
5.234855453193551966e+02
4.628524485648903806e+02
4.260154716108830257e+02
4.161726372911174963e+02
4.113682304125840687e+02
4.310604784725539389e+02
4.552327836683002147e+02
4.836603281615578567e+02
5.187256801584763934e+02
5.622886514059420051e+02
5.232564757737945911e+02
4.608526619014435255e+02
4.204604651451462587e+02
3.907856128893650407e+02
3.991557910820258712e+02
4.184131774657608958e+02
4.440048789688041779e+02
4.751448753216900514e+02
5.133923087015828060e+02
5.598124793425532744e+02
5.416716785075175267e+02
4.784541698650161266e+02
4.335337054388706974e+02
3.936551738064765118e+02
3.974017744984255955e+02
4.148367812761800337e+02
4.417246978945474893e+02
4.762681434569719272e+02
5.184278981844868213e+02
5.678604140561986924e+02
5.764064766946908094e+02
5.147554849356433806e+02
4.672847635324611133e+02
4.134461704508073012e+02
4.122640649968554953e+02
4.271205123434598363e+02
4.544985151388654003e+02
4.915829387517983946e+02
5.365487815190189167e+02
5.875591060881999965e+02
6.237438050198254587e+02
5.667771429078554775e+02
5.206671170128696531e+02
4.518368733192918967e+02
4.474842220447618502e+02
4.598527035560447871e+02
4.863431887442040420e+02
5.236408103963671010e+02
5.686712717824647143e+02
6.185375603545030572e+02
