4.610037716379944754e+02
4.523526453245883090e+02
4.432134477161386599e+02
4.342389894144460527e+02
4.263044873785604523e+02
4.014882942199091076e+02
3.981058871879614003e+02
3.976995724565335877e+02
4.003607205683025541e+02
4.058026262587618476e+02
4.522237073176580680e+02
4.409342411131522681e+02
4.289823749051030291e+02
4.172058735778174423e+02
4.066942564586097433e+02
3.807763005564171976e+02
3.759439529953361330e+02
3.748522974853606797e+02
3.776784421849374098e+02
3.841354226593087446e+02
4.426379520847111166e+02
4.284279573531962910e+02
4.134226260741194210e+02
3.986642611209964002e+02
3.854525265769276530e+02
3.582792597146261642e+02
3.518908351218382222e+02
3.499997029203599936e+02
3.528838054129644206e+02
3.602945536039870831e+02
4.329661780564078413e+02
4.157655340336407335e+02
3.976953317131936387e+02
3.800160607095854175e+02
3.479271224780241596e+02
3.357166313395488260e+02
3.277984694544393847e+02
3.250255041942509706e+02
3.277817725126748201e+02
3.359161439321663352e+02
4.241209986325266641e+02
4.041302915390277235e+02
3.832691178453376892e+02
3.630214299567301168e+02
3.292165189920636408e+02
3.152576408808450310e+02
3.060137624869521460e+02
3.023414823149450399e+02
3.047166067461239436e+02
3.131607356367453008e+02
4.170127143740984934e+02
3.947056406136189821e+02
3.716040917953453686e+02
3.494079279823715183e+02
3.141699604965926369e+02
2.990246217072091213e+02
2.888364378589677131e+02
2.843472562346285031e+02
2.860838838470492078e+02
2.943098290406758224e+02
4.123622418804740164e+02
3.884215419509255298e+02
3.638177855066318784e+02
3.240031596802018612e+02
3.041547731862178239e+02
2.884717395116405783e+02
2.778081008992050442e+02
2.726892158543606683e+02
2.736351397357084352e+02
2.811748025646072620e+02
4.105894296417009173e+02
3.858000554894949801e+02
3.604828644338428489e+02
3.197300354983220245e+02
2.996929515655164664e+02
2.840011026378389261e+02
2.732604888172010646e+02
2.677567630336097295e+02
2.679581949195389825e+02
2.746077205469850924e+02
4.117995729122073385e+02
3.869472876272263875e+02
3.616433472238967397e+02
3.203638071380875658e+02
3.005603991873674659e+02
2.851373121463235520e+02
2.745353940875532430e+02
2.688798325049982054e+02
2.685808194850939685e+02
2.744813641663061503e+02
4.158374347712813233e+02
3.916505007391559161e+02
3.669904090379052377e+02
3.255400574639322713e+02
3.062056922443512690e+02
2.911281394268098666e+02
2.807258889272172269e+02
2.751051365564463254e+02
2.746461819080662963e+02
2.801604587355519698e+02
