9.891808220912976424e+01
9.136458566820971328e+01
8.512564264857435603e+01
8.068282425493416099e+01
9.449707606822701678e+01
9.635115011653934403e+01
1.006091153669999869e+02
1.070973735612142548e+02
1.153539404246922260e+02
1.246523181396488980e+02
9.487030965108272085e+01
8.688406089950700562e+01
8.042247274421569614e+01
7.594517159823068653e+01
8.549919165895148865e+01
8.745299962103275959e+01
9.190392727144477192e+01
9.883278785807652866e+01
1.078574307401047889e+02
1.182012589657839072e+02
9.214902572802787972e+01
8.387504831891284596e+01
7.724270465398150520e+01
7.268466662809024115e+01
7.872117466927556961e+01
8.075468245417374646e+01
8.525002739406791363e+01
9.238818783292445858e+01
1.019165354349258905e+02
1.130390691763457340e+02
9.105418541824332124e+01
8.266960420472950943e+01
7.592634926280003071e+01
7.123183159361842343e+01
7.470524032402025227e+01
7.681935916293008404e+01
8.126225516695855333e+01
8.840704500875604310e+01
9.815004823983149151e+01
1.097114068458181322e+02
9.176474141148072761e+01
8.350294923606315933e+01
7.677954934472786874e+01
7.197824258956376298e+01
7.371653528985271464e+01
7.591390798879098156e+01
8.027625297533181481e+01
8.729194332086264296e+01
9.697746557492585850e+01
1.086021279399223118e+02
9.425116297832607870e+01
8.638151794561689201e+01
7.988683114231322691e+01
7.529287534261591475e+01
7.571488344920010150e+01
7.797428332434724041e+01
8.227192489911791995e+01
8.909201021531227127e+01
9.849909942276475761e+01
1.098290254087615097e+02
9.824726017821818402e+01
9.101682891411971355e+01
8.497890958691016294e+01
8.001352993874454000e+01
8.042139432325657822e+01
8.268694319926883907e+01
8.692736719626063291e+01
9.351460143350941223e+01
1.024781452404223643e+02
1.132156493262777275e+02
1.033156786882345131e+02
9.689720195401123704e+01
9.149388419920983040e+01
8.715559464888849561e+01
8.742349701556290142e+01
8.961545092366904441e+01
9.375732710818395788e+01
1.000524982950184807e+02
1.084383430701561934e+02
1.183571062233804270e+02
1.089652634887668512e+02
1.034411793526653724e+02
9.830885924844915280e+01
9.615995485843511403e+01
9.623545622795703025e+01
9.827168169637849360e+01
1.022211006655784473e+02
1.081197975131594831e+02
1.157988670950016399e+02
1.247315920273463945e+02
1.147520243111041793e+02
1.101287595351975597e+02
1.085786501460703590e+02
1.064040367974286454e+02
1.063038182655491966e+02
1.081184911222457288e+02
1.117556475282508330e+02
1.171236893221873032e+02
1.239694675848781031e+02
1.317963384895573711e+02
