3.510532877220727187e+03
3.508674085761845618e+03
3.507497112034490783e+03
3.507059589143209905e+03
3.507538483399424877e+03
3.512062550744725741e+03
3.514837008693255484e+03
3.518728349057740616e+03
3.523444465698085423e+03
3.528554620176969820e+03
3.507958630525945409e+03
3.506572179764929388e+03
3.505936418577903623e+03
3.506052439222981320e+03
3.507064340108181568e+03
3.512170258328165801e+03
3.515419002932286276e+03
3.519736991400302486e+03
3.524811552622637919e+03
3.530185149342426939e+03
3.506266952225274508e+03
3.505503044172592126e+03
3.505590795902446644e+03
3.506462060665044646e+03
3.508201846930001011e+03
3.514017028717643370e+03
3.517823597215114660e+03
3.522569104337646877e+03
3.527920954341047945e+03
3.533408850516143502e+03
3.505611584750894508e+03
3.505580078014962510e+03
3.506524304440247306e+03
3.508299804866041995e+03
3.514002379760893291e+03
3.517519056084500789e+03
3.521926038006793988e+03
3.527068037259251923e+03
3.532594216877637791e+03
3.538036174860088067e+03
3.506129843489019549e+03
3.506889634025127179e+03
3.508752292731344369e+03
3.511496462528702523e+03
3.518127786602112337e+03
3.522430917314503859e+03
3.527413117862784929e+03
3.532873547204867009e+03
3.538447311889649427e+03
3.543681971920115302e+03
3.507867105012410320e+03
3.509416079698686190e+03
3.512175047391246153e+03
3.515851830135979071e+03
3.523324813181300215e+03
3.528339794280931983e+03
3.533797804084365453e+03
3.539452474794823502e+03
3.544931814419018338e+03
3.549811644623029224e+03
3.510714583189285349e+03
3.512981856081879414e+03
3.516528941349581146e+03
3.523962593549821577e+03
3.529122079461723388e+03
3.534692531673008034e+03
3.540468414369784114e+03
3.546164356297072118e+03
3.551409921969983770e+03
3.555818690929382228e+03
3.514405971282495102e+03
3.517251774111174655e+03
3.521403224810102984e+03
3.529293004582481899e+03
3.534955384620440327e+03
3.540872563027952765e+03
3.546778539271157115e+03
3.552359173718799866e+03
3.557254208295815715e+03
3.561121007084796929e+03
3.518582221321969428e+03
3.521810664151592391e+03
3.526329532696763181e+03
3.534367042039539683e+03
3.540279642304395566e+03
3.546315038377471410e+03
3.552161829554665474e+03
3.557488371481213562e+03
3.561951783571757005e+03
3.565255671400029314e+03
3.522890910564260139e+03
3.526276139141703879e+03
3.530903080790509648e+03
3.538783850377572435e+03
3.544689577287184875e+03
3.550620685290362417e+03
3.556236285281992423e+03
3.561198137677849900e+03
3.565186086096270628e+03
3.567949351937271331e+03
