5.480401209617434688e+03
5.477835750184526660e+03
5.477109700099123984e+03
5.477825879412864197e+03
5.480356448931178420e+03
5.490558219353590175e+03
5.499606952655540226e+03
5.512443057077655794e+03
5.528304324986933352e+03
5.545709697101568963e+03
5.479046480762270221e+03
5.476725780746472083e+03
5.476501219071456944e+03
5.477957284325748333e+03
5.481382165467513005e+03
5.492561924628729685e+03
5.502421395428068536e+03
5.515837026962233722e+03
5.531991752228047517e+03
5.549409862080348830e+03
5.479841792702866769e+03
5.477626829266764616e+03
5.477950109686756150e+03
5.480411742346973369e+03
5.485156557041421365e+03
5.497846447367393012e+03
5.508867517286405928e+03
5.522987758779100659e+03
5.539301740299681114e+03
5.556377466513512445e+03
5.483617885593104802e+03
5.481522371235234459e+03
5.482463322949957728e+03
5.486073874767930647e+03
5.497459586760505772e+03
5.506758062200538006e+03
5.518975214705419603e+03
5.533669557722260834e+03
5.549844541056630987e+03
5.566151648401872990e+03
5.491063121889170361e+03
5.489261019876254977e+03
5.490900730647323144e+03
5.495646934645596048e+03
5.508731469417290100e+03
5.519354524313296679e+03
5.532444234161684108e+03
5.547306947568127725e+03
5.562886138679956275e+03
5.577954602465199059e+03
5.502240000699712255e+03
5.500992338486279550e+03
5.503387918431732032e+03
5.509108165220314731e+03
5.523643128604063349e+03
5.535077798892928513e+03
5.548457229330597329e+03
5.562907459300559822e+03
5.577366287210215887e+03
5.590758439028636531e+03
5.516404535005411162e+03
5.515947874625331679e+03
5.519092189198701817e+03
5.531699877086496599e+03
5.541093851300486676e+03
5.552700759580677186e+03
5.565704918246127818e+03
5.579148154376918683e+03
5.592022233177558519e+03
5.603422323730081189e+03
5.532198772795442892e+03
5.532650826053268247e+03
5.536447700921706200e+03
5.549987779322821552e+03
5.559404501730678021e+03
5.570582747702779670e+03
5.582634376830830661e+03
5.594608005441285968e+03
5.605598080244843914e+03
5.614874195718843112e+03
5.548073103548516883e+03
5.549392662736839156e+03
5.553659098346203791e+03
5.567792013622090053e+03
5.576797963321991119e+03
5.587092588737870756e+03
5.597803923330438010e+03
5.608054450473117868e+03
5.617070044612195488e+03
5.624285001762081265e+03
5.562708706489634096e+03
5.564714686970212824e+03
5.569208397971823615e+03
5.583578760373115983e+03
5.591859223119833587e+03
5.600995106572006080e+03
5.610187631457191856e+03
5.618670759493909827e+03
5.625809747719724328e+03
5.631183629064950765e+03
