2.636480609952455779e+03
2.636439942651857109e+03
2.639379180759096016e+03
2.644648269759315099e+03
2.652185844488229577e+03
2.674110739172005196e+03
2.687430337710255117e+03
2.703322904127840957e+03
2.720782715528684093e+03
2.738357057416730186e+03
2.620460368053119964e+03
2.620739428232121554e+03
2.624444771163081896e+03
2.630886049614543026e+03
2.639974919943397708e+03
2.663514270588689669e+03
2.678987274173136939e+03
2.697116609944586799e+03
2.716706874872232220e+03
2.736132208410646399e+03
2.605884045547330970e+03
2.606243428659410711e+03
2.610574780181862025e+03
2.618213087893277134e+03
2.629039530965323138e+03
2.654509821161518175e+03
2.672398504563966071e+03
2.692920298982153781e+03
2.714642694792856219e+03
2.735772506585738483e+03
2.594514506966502722e+03
2.594805536211637900e+03
2.599604613202099699e+03
2.608330597667970778e+03
2.631604132992106315e+03
2.648283691249995627e+03
2.668520438980920062e+03
2.691280221363029796e+03
2.714877787526116208e+03
2.737373414055162357e+03
2.588000620881696250e+03
2.588217678547422111e+03
2.593352317089614189e+03
2.602942922170740985e+03
2.627515088093115082e+03
2.645980014753280102e+03
2.668121442884459157e+03
2.692613024986926575e+03
2.717543784301942651e+03
2.740866811011938353e+03
2.587217758830654020e+03
2.587473367784468337e+03
2.592861229969688793e+03
2.603043135986916241e+03
2.628571053157792448e+03
2.648210292897890668e+03
2.671536521294323848e+03
2.696992202573948362e+03
2.722506533117269100e+03
2.745982511290762432e+03
2.591966296689312003e+03
2.592409080529336279e+03
2.598011372484136700e+03
2.619054443955557872e+03
2.634649677075591171e+03
2.654787687798608204e+03
2.678488533729123901e+03
2.704051420710025468e+03
2.729335036011986176e+03
2.752261717930374289e+03
2.601203424396225273e+03
2.601930171993851673e+03
2.607720198234014788e+03
2.629124503553799059e+03
2.644789381875900744e+03
2.664835646069097947e+03
2.688181027553116110e+03
2.713069438696047655e+03
2.737382345121536218e+03
2.759134260450384318e+03
2.613621636151020539e+03
2.614630305380658228e+03
2.620553583552307828e+03
2.642234767337013182e+03
2.657671892044745164e+03
2.677173931560390429e+03
2.699592028990019116e+03
2.723186346912004410e+03
2.745942640601436779e+03
2.766033498642872928e+03
2.628180894278434607e+03
2.629379364129400528e+03
2.635325415868563596e+03
2.657168312304542724e+03
2.672124688648164010e+03
2.690727854700838634e+03
2.711786100742798681e+03
2.733628491790777389e+03
2.754406639943071696e+03
2.772501195277476654e+03
