4.312580010363289148e+03
4.302392156300671559e+03
4.295299237079771046e+03
4.291646854929163965e+03
4.291503279830119027e+03
4.310306954184881761e+03
4.317314430609749252e+03
4.327485068918369507e+03
4.340237405415492503e+03
4.354700923458120997e+03
4.288553353453029558e+03
4.276837352852338881e+03
4.269118236393832376e+03
4.265605734821073384e+03
4.266168686175663424e+03
4.284256608724761463e+03
4.292814065037321598e+03
4.304997548233945054e+03
4.320270036875549522e+03
4.337708319327623030e+03
4.264858072812039609e+03
4.252287457338143213e+03
4.244645733679682962e+03
4.241847428240664158e+03
4.243423392139792668e+03
4.260946320864801237e+03
4.270696412081947528e+03
4.284342269340855637e+03
4.301545776136239510e+03
4.321457215333484783e+03
4.243540375412429967e+03
4.231007887080753790e+03
4.224288154018378918e+03
4.222830565304887386e+03
4.236165130824861990e+03
4.242846589933080395e+03
4.253241918140988673e+03
4.267549720102440006e+03
4.285802549725257450e+03
4.307371504040746004e+03
4.226249115548096597e+03
4.214601772075568078e+03
4.209529947207513032e+03
4.209895888127372018e+03
4.223786003078625072e+03
4.231189471799913917e+03
4.241667402163167026e+03
4.255834340463419721e+03
4.274222883951741096e+03
4.296544738158555447e+03
4.213856660318234390e+03
4.203578207246803686e+03
4.200465278270375165e+03
4.202781710488260615e+03
4.217571050495090276e+03
4.225488317703317080e+03
4.235685776588143199e+03
4.249207835131304819e+03
4.267109682787513520e+03
4.289481289151485726e+03
4.206449642107749241e+03
4.197445454683163916e+03
4.195999468294688086e+03
4.208780300078636174e+03
4.215590169737283759e+03
4.223882982733233803e+03
4.233782110367138557e+03
4.246658014217503478e+03
4.263967574150516157e+03
4.286101037982318303e+03
4.203696489780133561e+03
4.195313618053571190e+03
4.194678955461067744e+03
4.208184915319621723e+03
4.215623628496490710e+03
4.224230345642167777e+03
4.234145625122486308e+03
4.246858422644238090e+03
4.263978630592539048e+03
4.286013070412554953e+03
4.205344480308642233e+03
4.196646240681729068e+03
4.195682502128254782e+03
4.209020718578249216e+03
4.216469338120578868e+03
4.225355292782517608e+03
4.235753484123923954e+03
4.249015793726410266e+03
4.266596586865414793e+03
4.288885230023465738e+03
4.211501761853934113e+03
4.201678073812262483e+03
4.199365786752478016e+03
4.211781051216125888e+03
4.218645782143847100e+03
4.227726881878074892e+03
4.238962902460576515e+03
4.253341280333384020e+03
4.271886494385130391e+03
4.294664894237619592e+03
