9.868987658834964805e+02
9.887295796988298662e+02
9.916248214483024412e+02
9.960552027730223017e+02
1.002472298509432562e+03
1.023562274212298803e+03
1.034611139853968780e+03
1.046379013109809193e+03
1.057730122033340876e+03
1.067720893551957943e+03
9.892693725601384358e+02
9.913782998609591459e+02
9.944949079954234321e+02
9.990835045040183786e+02
1.005594760003270835e+03
1.026677303974283177e+03
1.037700790818604446e+03
1.049395547265458163e+03
1.060621254961772138e+03
1.070431382320407010e+03
9.930279057761113108e+02
9.954827677214138930e+02
9.990091096586876347e+02
1.003986642429993708e+03
1.010772140053553244e+03
1.032068983028714229e+03
1.042974607330189883e+03
1.054369411653906354e+03
1.065161608221176493e+03
1.074458917815940367e+03
9.983564578007354839e+02
1.001175718710346928e+03
1.005206019996927466e+03
1.010686531476895880e+03
1.029958668534405433e+03
1.039458240570681255e+03
1.050103492654819775e+03
1.060958278255262485e+03
1.071024010307750586e+03
1.079509027479234192e+03
1.005540114353791523e+03
1.008676457354342233e+03
1.013165533933196230e+03
1.019085757255123781e+03
1.039039764593753944e+03
1.048441264129528008e+03
1.058603149395120454e+03
1.068657677637325150e+03
1.077729837070167605e+03
1.085156570718001149e+03
1.014645711417057441e+03
1.017991721938257342e+03
1.022763919170259442e+03
1.028896050496397038e+03
1.049435037905681156e+03
1.058449980148845270e+03
1.067845663682212717e+03
1.076842149543764890e+03
1.084702197861479135e+03
1.090899370499173983e+03
1.025301443092860154e+03
1.028713827382107411e+03
1.033517209939106806e+03
1.052849162140482122e+03
1.060469000229877111e+03
1.068758506306396384e+03
1.077105505558901314e+03
1.084831992539826388e+03
1.091338431615957688e+03
1.096226718143428343e+03
1.036699644406256539e+03
1.040030463553993513e+03
1.044607817988071929e+03
1.064402633084149556e+03
1.071295574582891277e+03
1.078563232997399837e+03
1.085648369696012878e+03
1.091982135569158800e+03
1.097092497799820876e+03
1.100691460765107422e+03
1.047804207950211321e+03
1.050926846057371449e+03
1.055073434451755475e+03
1.075136251361813720e+03
1.081054740432934295e+03
1.087116894496238274e+03
1.092843721177953512e+03
1.097775331843575941e+03
1.101551295481925081e+03
1.103971811244445007e+03
1.057639053324878887e+03
1.060462278842061551e+03
1.064054069882549129e+03
1.084218508982086405e+03
1.089053308532512347e+03
1.093865443484944535e+03
1.098265281196039950e+03
1.101894948165781216e+03
1.104487511859593269e+03
1.105910187384427900e+03
