9.917086560099801318e+02
9.931114520153319063e+02
9.943099860854088092e+02
9.952700814541749423e+02
9.960375268603872883e+02
1.008556004949990893e+03
1.009931072580900718e+03
1.011324714268221214e+03
1.012636674375498956e+03
1.013748403118967758e+03
9.946725810167359896e+02
9.963905914908414161e+02
9.978192379941831405e+02
9.989162215118911945e+02
9.997309552328711106e+02
1.012055833991712575e+03
1.013319938058102025e+03
1.014571857196519886e+03
1.015712004207292239e+03
1.016616960306268425e+03
9.980808270272428899e+02
1.000095211057299593e+03
1.001753765587840689e+03
1.003005296151639072e+03
1.003895728922683816e+03
1.016181636729572915e+03
1.017349250988229642e+03
1.018450240409573325e+03
1.019384867918143641e+03
1.020028878897095410e+03
1.001788123658472955e+03
1.004052929523544321e+03
1.005913882859936280e+03
1.007313431519028882e+03
1.019452054494585468e+03
1.020657889642856276e+03
1.021753997545793254e+03
1.022708793043549122e+03
1.023420740924250367e+03
1.023768418338214133e+03
1.005644396213708433e+03
1.008093141677253811e+03
1.010102396565617141e+03
1.011613855907805828e+03
1.023975728727202181e+03
1.025199261751957692e+03
1.026237512350594898e+03
1.027048077629013960e+03
1.027526565667890964e+03
1.027557627446814195e+03
1.009464320862635532e+03
1.012019578063926588e+03
1.014104356133064584e+03
1.015666737255779481e+03
1.028297717002426907e+03
1.029524162716677438e+03
1.030492289534372503e+03
1.031146317736624951e+03
1.031379709768937346e+03
1.031086079080710306e+03
1.013001710226312298e+03
1.015584545440649322e+03
1.017665821949140422e+03
1.030666619561839752e+03
1.032170329613577451e+03
1.033352000280897755e+03
1.034211828347825985e+03
1.034682798811294333e+03
1.034659089876728558e+03
1.034045857013585419e+03
1.015956327863035654e+03
1.018493256067477205e+03
1.020498442551155335e+03
1.033904765653448749e+03
1.035332917060021600e+03
1.036404972693784430e+03
1.037106479511760199e+03
1.037364925311141860e+03
1.037079667300776464e+03
1.036169592543375757e+03
1.018022847676822039e+03
1.020449603191044048e+03
1.022321564493072628e+03
1.036245488110374936e+03
1.037528686543001868e+03
1.038431737929807241e+03
1.038933442577972983e+03
1.038962937661681053e+03
1.038429650827575642e+03
1.037267788547941336e+03
1.018966339516686389e+03
1.021229249663093924e+03
1.022929752508481101e+03
1.037462811151770211e+03
1.038554029690576954e+03
1.039252906863638373e+03
1.039538480353402065e+03
1.039347848014259625e+03
1.038604548744438262e+03
1.037258821770825080e+03
