1.156285174132402062e+04
1.156454502164111000e+04
1.156642595452318892e+04
1.156841989640373504e+04
1.157041362630595358e+04
1.156338476123507280e+04
1.156490567663108231e+04
1.156596015121947676e+04
1.156641537558559503e+04
1.156619484055105931e+04
1.156699340240511629e+04
1.156999189190201105e+04
1.157337150791952445e+04
1.157699349749483372e+04
1.158064484655677552e+04
1.157515032681507182e+04
1.157798668936639660e+04
1.157997928945367130e+04
1.158088895853241229e+04
1.158058246095042705e+04
1.157173432385417982e+04
1.157624016791100075e+04
1.158135205527975631e+04
1.158685716757754017e+04
1.159242697819616296e+04
1.158872101969201321e+04
1.159308199442609111e+04
1.159616292988164787e+04
1.159760190956636870e+04
1.159720042806480706e+04
1.157676636264663648e+04
1.158288065241068762e+04
1.158984135551184227e+04
1.159735643430515847e+04
1.159607547178559980e+04
1.160318681991675476e+04
1.160917526243174325e+04
1.161341793740557114e+04
1.161542255174589627e+04
1.161492151938399184e+04
1.158169251051262290e+04
1.158938697267578937e+04
1.159816347098333245e+04
1.160765174683568512e+04
1.160838086241457313e+04
1.161738109614998757e+04
1.162496462977786541e+04
1.163034483639531754e+04
1.163290243200893747e+04
1.163230287797259371e+04
1.158607480866972037e+04
1.159517961021103474e+04
1.160557568436941438e+04
1.161682236771794123e+04
1.161934733756143214e+04
1.163002780391709712e+04
1.163902808941697549e+04
1.164541664320670316e+04
1.164846229818088432e+04
1.164777197425778650e+04
1.158949604662299680e+04
1.159970771354526551e+04
1.161137364283177885e+04
1.161514574393638941e+04
1.162793229947493455e+04
1.163992448742083070e+04
1.165002809290963160e+04
1.165719924485164483e+04
1.166062066763653638e+04
1.165985480546288454e+04
1.159162403015288328e+04
1.160253378491998592e+04
1.161499947776602130e+04
1.161964945999542033e+04
1.163331461835509617e+04
1.164612667348992545e+04
1.165691663465268721e+04
1.166457134827363734e+04
1.166822120025231925e+04
1.166740237884656926e+04
1.159226495257982060e+04
1.160340356029178474e+04
1.161613040719232959e+04
1.162107533657841122e+04
1.163502362879678185e+04
1.164809559378390077e+04
1.165909857140932945e+04
1.166689874316080022e+04
1.167061209204876832e+04
1.166976882284465864e+04
1.159139372929460842e+04
1.160228529678483028e+04
1.161472797347527194e+04
1.161937817643897142e+04
1.163300890992961104e+04
1.164577718578588610e+04
1.165651804608787461e+04
1.166412565450727197e+04
1.166773936227560080e+04
1.166690338405951843e+04
