1.009650905702322343e+05
1.009674826811148523e+05
1.009699851858281036e+05
1.009722969252674229e+05
1.009741309142395912e+05
1.009832423501232697e+05
1.009836489902775502e+05
1.009833597955252335e+05
1.009825163232058694e+05
1.009812917355712998e+05
1.009665484614699817e+05
1.009696276579906116e+05
1.009729247367141361e+05
1.009760938456562581e+05
1.009787849063228787e+05
1.009886765248446900e+05
1.009897130710103957e+05
1.009898357157999708e+05
1.009891427072436927e+05
1.009877945016738959e+05
1.009680457840894378e+05
1.009718487100291823e+05
1.009760011703535711e+05
1.009801183169216965e+05
1.009837868173053430e+05
1.009945988873696479e+05
1.009964117670210981e+05
1.009970766232472379e+05
1.009966285578654788e+05
1.009952018302538927e+05
1.009695238654798304e+05
1.009740590460257372e+05
1.009790903650754772e+05
1.009841989148509456e+05
1.009968541439428664e+05
1.010007221025933541e+05
1.010033992891970847e+05
1.010046880901570548e+05
1.010045476413542929e+05
1.010030769652149611e+05
1.009709097831778781e+05
1.009761471971980936e+05
1.009820296082519199e+05
1.009881082218398951e+05
1.010017895609028492e+05
1.010066614992375835e+05
1.010102124239270197e+05
1.010121419705634471e+05
1.010123297428922524e+05
1.010108362622120476e+05
1.009721096289457637e+05
1.009779689305284992e+05
1.009846101625480223e+05
1.009915592320851720e+05
1.010061667948926042e+05
1.010119500762074749e+05
1.010162987553696148e+05
1.010188178421948542e+05
1.010193131379675615e+05
1.010178088269314903e+05
1.009730151672065113e+05
1.009793584091125813e+05
1.009865951704962790e+05
1.010021633672672760e+05
1.010095778429335624e+05
1.010160914690020145e+05
1.010210835683657351e+05
1.010240820931889466e+05
1.010248322881228232e+05
1.010233280242282490e+05
1.009735241188148793e+05
1.009801585921250808e+05
1.009877621741560433e+05
1.010037619075448893e+05
1.010116520771640789e+05
1.010186438729645743e+05
1.010240653588418500e+05
1.010273916745085153e+05
1.010283255042802484e+05
1.010268382898845448e+05
1.009735662013998808e+05
1.009802596983661206e+05
1.009879554456863552e+05
1.010040833255502657e+05
1.010121359106860182e+05
1.010193105263913458e+05
1.010249138129909261e+05
1.010283956614683848e+05
1.010294360355201643e+05
1.010279919599892746e+05
1.009731239245414326e+05
1.009796301646070060e+05
1.009871278270637849e+05
1.010030650413641561e+05
1.010109537804268912e+05
1.010180067030584614e+05
1.010235396603868576e+05
1.010270048460557300e+05
1.010280786966544110e+05
1.010267108516756562e+05
