7.110865223612222508e+02
7.001644502293106598e+02
6.963900695429535972e+02
6.997033894489275099e+02
7.260153430472386162e+02
7.447459994837545310e+02
7.703876001167672030e+02
8.010762294709736580e+02
8.340237643819656341e+02
8.662482568831427443e+02
6.843178868854316761e+02
6.745533975489978502e+02
6.714574440450141992e+02
6.745809101782614334e+02
6.995629724612230120e+02
7.178387886270222680e+02
7.441363923272956526e+02
7.769374066350717385e+02
8.132229093069653345e+02
8.494332251811845254e+02
6.668654040741728295e+02
6.590988265857123451e+02
6.570258838284424883e+02
6.597503560267794001e+02
6.828604300778860079e+02
6.995223508079803878e+02
7.251015203135075353e+02
7.586213039596119643e+02
7.969635124219927320e+02
8.360522669183244489e+02
6.582436682609053378e+02
6.525937045351404322e+02
6.515777594238574011e+02
6.539128424473703944e+02
6.752241778822119613e+02
6.899498276015896181e+02
7.141520053614519838e+02
7.474177892260478302e+02
7.866446736386692464e+02
8.273869267028513832e+02
6.566562575079361750e+02
6.524517699219541100e+02
6.521989283322157007e+02
6.543879483030343636e+02
6.746213695026553978e+02
6.880574693719504467e+02
7.111331359957337099e+02
7.438032110184773273e+02
7.830428827902818512e+02
8.242546815311112596e+02
6.605867392212664981e+02
6.566846847115192531e+02
6.567047262690302887e+02
6.728091609207376678e+02
6.793614829771698851e+02
6.927388670292759798e+02
7.155254340314028241e+02
7.477054950845894155e+02
7.863413685563166382e+02
8.269312079390712142e+02
6.698848483599257406e+02
6.651850920967312959e+02
6.649902747854764584e+02
6.815855743663805697e+02
6.892284445894090368e+02
7.036864959318764932e+02
7.269660735171066790e+02
7.587581492285861486e+02
7.962108202348564419e+02
8.351436324380646283e+02
6.855919832469501216e+02
6.794958717229096692e+02
6.787774031584158365e+02
6.961293361813914089e+02
7.052941549659105931e+02
7.212856824070136099e+02
7.452161037042599219e+02
7.763141495221308332e+02
8.118425609245193755e+02
8.481058476669102220e+02
7.087199549775572223e+02
7.013254230987627125e+02
7.000381347811256774e+02
7.182391790283538739e+02
7.286526776187376981e+02
7.457334897877292406e+02
7.696736003575846325e+02
7.992650822644361597e+02
8.319492064253163335e+02
8.645980677639552141e+02
7.389433382960348808e+02
7.309000247284310490e+02
7.435338191620845691e+02
7.482025776501968721e+02
7.590605305003605281e+02
7.761389944634170206e+02
7.989181043015570367e+02
8.259172262796060977e+02
8.548323313906502108e+02
8.831125535961508604e+02
