1.011019352096975240e+03
1.010162191004775764e+03
1.010751684530337457e+03
1.012679702973450389e+03
1.015801748950310525e+03
1.030114526123187034e+03
1.035261138560329982e+03
1.040845508044116514e+03
1.046524635892775677e+03
1.051955524800228886e+03
1.002838082010882090e+03
1.002270563769353885e+03
1.003383940132782982e+03
1.006016219663201696e+03
1.009972658253145823e+03
1.025176299084229868e+03
1.031328277897528778e+03
1.037917741288879370e+03
1.044541991709707645e+03
1.050802454156802696e+03
9.950819567777929251e+02
9.948868707317044482e+02
9.965928690862781423e+02
9.999835714377618388e+02
1.004815599209062611e+03
1.020859957776089345e+03
1.028029100304521990e+03
1.035622050960325396e+03
1.043173697705723271e+03
1.050228664812224679e+03
9.882318824560531993e+02
9.884553404609922609e+02
9.907691765923411822e+02
9.949094013954037337e+02
1.010134425784283394e+03
1.017401365445295255e+03
1.025536808782775324e+03
1.034073543784310459e+03
1.042483614826360508e+03
1.050255439242627062e+03
9.827392493043183777e+02
9.833830045329348195e+02
9.862625891635124162e+02
9.910792783542773350e+02
1.006895580212394520e+03
1.014988752385051384e+03
1.023975772066062063e+03
1.033336280395788208e+03
1.042482376707677986e+03
1.050849880696595847e+03
9.789571235633617334e+02
9.799793149022915486e+02
9.833337548464766087e+02
9.887027943825445391e+02
1.004980157282313030e+03
1.013741216535521630e+03
1.023410692442289587e+03
1.033421143086080292e+03
1.043131820135587986e+03
1.051933859258563189e+03
9.770934589399041670e+02
9.784166088207343819e+02
9.821228969569843912e+02
9.966006808737881784e+02
1.004460746319108466e+03
1.013698181585008342e+03
1.023843115301303897e+03
1.034289149890352519e+03
1.044354336805657795e+03
1.053398108398363320e+03
9.772043709843966326e+02
9.787277901907179967e+02
9.826488711058310628e+02
9.971906346010748621e+02
1.005317738540535970e+03
1.014824988417193367e+03
1.025217803463124255e+03
1.035860467741933235e+03
1.046045622404529013e+03
1.055118707414084156e+03
9.792259819292418115e+02
9.808396788183883928e+02
9.848381677646084427e+02
9.992576889578906503e+02
1.007466926167308543e+03
1.017033142326490179e+03
1.027438299496155651e+03
1.038028379451416413e+03
1.048089389906630686e+03
1.056973588689216967e+03
9.830218495096357856e+02
9.846199541563775028e+02
9.885657353123974644e+02
1.002687047973760627e+03
1.010792791846682007e+03
1.020205388552003456e+03
1.030385949189790381e+03
1.040674870289477212e+03
1.050371641892622392e+03
1.058856664768052724e+03
