3.916347241948561191e+02
3.911658515496466748e+02
3.911048607211912440e+02
3.914640778206356231e+02
3.923288116207637586e+02
4.011995234783906881e+02
4.037173176549846403e+02
4.068295230952145403e+02
4.103519526544401401e+02
4.140233694001962022e+02
3.907071728170055849e+02
3.903232070194860057e+02
3.902620985992821261e+02
3.905762639221968016e+02
3.914071414827145077e+02
4.002691640547228644e+02
4.029040520985290641e+02
4.062123970263406250e+02
4.099749142425832247e+02
4.138870792343867038e+02
3.913921683207817068e+02
3.910772654587264014e+02
3.909392062383104189e+02
3.910941530601102158e+02
3.917627933874662176e+02
4.004988730345862677e+02
4.031295159569029920e+02
4.065217941009285028e+02
4.104158119651850143e+02
4.144602484272775769e+02
3.938049900377396852e+02
3.935417102316432079e+02
3.932503478158823214e+02
3.931300116805193170e+02
4.004710739698714974e+02
4.019985362627927543e+02
4.044772114304306569e+02
4.078102030376268772e+02
4.116966602932234878e+02
4.157391790708336430e+02
3.976946899778428133e+02
3.974752092449368206e+02
3.969858328771289848e+02
3.965159675043285574e+02
4.035418122158670258e+02
4.046905531021283196e+02
4.068813777070855622e+02
4.100104133956928081e+02
4.137421636812554198e+02
4.176402172306806619e+02
4.024510877816613288e+02
4.022838188455015711e+02
4.016079925096560714e+02
4.007941575027887211e+02
4.075603701187628758e+02
4.082852287926783674e+02
4.101082809775720648e+02
4.129246271657220859e+02
4.163764949516116758e+02
4.200026450152478219e+02
4.072660563707132155e+02
4.071747466999183871e+02
4.063861433986720613e+02
4.124788460300410406e+02
4.119788222506905981e+02
4.123366944155058604e+02
4.137958332692596741e+02
4.162541763574616311e+02
4.193476914576874037e+02
4.226102710668017153e+02
4.113845514571221429e+02
4.114003694115860412e+02
4.106181094778866623e+02
4.168867114975129766e+02
4.162251158473918053e+02
4.163619036809101317e+02
4.175409142997198160e+02
4.196631729100378720e+02
4.223749529494359081e+02
4.252278550360484815e+02
4.143319829245145343e+02
4.144818152574980559e+02
4.138375008995354847e+02
4.204674045156824604e+02
4.198653809076365064e+02
4.199691138767662437e+02
4.209972341951510089e+02
4.228513990241813758e+02
4.252027158466188439e+02
4.276416924286979793e+02
4.160231486267286982e+02
4.163184009635110101e+02
4.159190118787773827e+02
4.230506643114354688e+02
4.226999302690119293e+02
4.229401673008127318e+02
4.239431247702935934e+02
4.256083829626273314e+02
4.276428194063832962e+02
4.296920761436779799e+02
