1.717690322015077129e+02
1.695107632193216034e+02
1.717394815189329904e+02
1.790832349850772971e+02
1.927094505890582923e+02
2.585306154580322868e+02
3.029869677587905699e+02
3.503176628709661600e+02
3.963580108544883274e+02
4.379915529643529339e+02
1.625401175317361719e+02
1.612079052316649665e+02
1.627229737364157813e+02
1.681778534621472261e+02
1.798820396636880616e+02
2.327174518297146619e+02
2.793480577575187453e+02
3.301718057123454741e+02
3.801456867353134044e+02
4.255675488552107026e+02
1.595239410566648814e+02
1.590112664379816465e+02
1.599250792059400226e+02
1.636805986864135036e+02
1.734547860744182515e+02
2.173449596368358527e+02
2.647197639907687972e+02
3.174961155966101387e+02
3.698715849813814316e+02
4.176720156043462566e+02
1.593776409084510135e+02
1.592341491305183183e+02
1.599626314227596424e+02
1.630806675013732843e+02
1.777327062212510214e+02
2.126303947272351706e+02
2.600539448483081628e+02
3.133892888249403086e+02
3.665263644921771515e+02
4.151038201232317988e+02
1.605704242888104432e+02
1.602261164559755571e+02
1.612834587022987876e+02
1.651355945159224348e+02
1.828021664170665588e+02
2.183413747603518118e+02
2.655429025356839929e+02
3.181678730025485606e+02
3.704199731388695227e+02
4.181202514113776374e+02
1.644805460517502240e+02
1.634747308293675871e+02
1.652519770068453226e+02
1.708641863097400915e+02
1.977166990658168118e+02
2.344754951853651335e+02
2.808249442569351686e+02
3.313969834138181909e+02
3.811590409799860026e+02
4.264039246849490610e+02
1.742857175149183888e+02
1.724723922271945753e+02
1.750393181841469357e+02
1.975682600440490546e+02
2.238461163175729212e+02
2.606967490054919381e+02
3.048558439197378220e+02
3.519059775834792276e+02
3.976972004431106029e+02
4.391128785232760947e+02
1.922929698897304718e+02
1.898995010855068699e+02
1.929677274971647307e+02
2.341698724038654973e+02
2.605324046183304176e+02
2.953897715106226087e+02
3.357050705690077166e+02
3.778502666190264563e+02
4.184646392400074433e+02
4.550071603324701641e+02
2.179269303812585008e+02
2.153617522206167791e+02
2.184961941944993384e+02
2.804207881342748578e+02
3.045726265521534515e+02
3.355716858758406147e+02
3.706861564937143498e+02
4.069258636212750275e+02
4.415869986577267241e+02
4.726360678480058368e+02
2.482042028320990141e+02
2.458145550176217853e+02
2.486703620322595896e+02
3.309678092494782504e+02
3.515690846412704218e+02
3.776372492068380780e+02
4.068323680581565895e+02
4.367236546091885998e+02
4.651630966926808810e+02
4.905524551691312922e+02
