8.875826890104427775e+02
8.106846422701003121e+02
7.569153581430424538e+02
7.308439816953041372e+02
7.341957741273431566e+02
6.605596207808183635e+02
7.021364465762961800e+02
7.593700287554731858e+02
8.275516583982816883e+02
9.007179787035022400e+02
7.599045682868531912e+02
6.724449378540055022e+02
6.135571698900540696e+02
5.867128152637855010e+02
5.918714946672608903e+02
5.641060231328685859e+02
6.100073041784488623e+02
6.743018743306116676e+02
7.523860789797422512e+02
8.373883330813833936e+02
6.461274023607146546e+02
5.531552255933536344e+02
4.951795772631848536e+02
4.721376426725856845e+02
4.795554666311518304e+02
4.872901348151367529e+02
5.338818116743480005e+02
6.015974386612706439e+02
6.866218586836840814e+02
7.811938660164432804e+02
5.572910540667697887e+02
4.652048516580353521e+02
4.154237836781960027e+02
4.010928627118096870e+02
4.122823295536297223e+02
4.363609533740317943e+02
4.798670576378958117e+02
5.471925161533207529e+02
6.358295382693830788e+02
7.370844240606477342e+02
5.008965359442459544e+02
4.136668188215488158e+02
3.748857236525815892e+02
3.697439000565222500e+02
3.879420779587600236e+02
4.088455826891533889e+02
4.480526735013835378e+02
5.133586140411185852e+02
6.034435672548863749e+02
7.087252140296924381e+02
4.797711064956343989e+02
3.952457548000160159e+02
3.612011647691903136e+02
3.592459578038129280e+02
3.777980941180252330e+02
3.969623536457262389e+02
4.345511632918573355e+02
4.995993560145693095e+02
5.909033781973765826e+02
6.982412645567630989e+02
4.942193393018356460e+02
4.065797620281956029e+02
3.662867150943973229e+02
3.679247353521972173e+02
3.766746028570378257e+02
3.969624773135601004e+02
4.375796662619865742e+02
5.057097908376733812e+02
5.987947273418076293e+02
7.064393404590823593e+02
5.440549126852840800e+02
4.510014906495484297e+02
3.983053375554940203e+02
3.843724771486939176e+02
3.907329371198817967e+02
4.142820879029544585e+02
4.608060464012379498e+02
5.333812320524971256e+02
6.274206392713373361e+02
7.329343796131947784e+02
6.268215160137182238e+02
5.324706302479859232e+02
4.709845376163502237e+02
4.278433254213288706e+02
4.319991530194980101e+02
4.584993728280692267e+02
5.095281832227531140e+02
5.840326323328270064e+02
6.758732084491755359e+02
7.758611841774076083e+02
7.354928238121399318e+02
6.466295024988984323e+02
5.847029114869676505e+02
5.025842778437083211e+02
5.054724172710886592e+02
5.326577607052613530e+02
5.838150562553328200e+02
6.554210640151737834e+02
7.407537381126182936e+02
8.315916014077649834e+02
