2.853884371420423918e+02
2.762700113461820024e+02
2.711488829846439330e+02
2.714472211261893335e+02
2.779685679682921773e+02
3.155496990343923471e+02
3.296866532236176681e+02
3.469270900556832657e+02
3.654556860173730115e+02
3.836907051902767876e+02
2.594699456965897753e+02
2.467799385897506568e+02
2.387118183543242083e+02
2.373284299712645691e+02
2.438928239741116499e+02
2.783490154540368167e+02
2.954984148578562895e+02
3.167166288295060212e+02
3.397078927947588909e+02
3.625029352495213857e+02
2.321079202449520267e+02
2.156179733360403645e+02
2.046397719060735199e+02
2.018779351994660090e+02
2.089468835893220842e+02
2.389132605298108558e+02
2.593429771170914933e+02
2.846625475132127008e+02
3.121791602470086104e+02
3.396270487433923222e+02
2.046129354984664417e+02
1.846441506991901065e+02
1.715658177309075825e+02
1.685495244697494570e+02
1.861762605052585400e+02
2.013333959288080450e+02
2.248644049463121632e+02
2.537299248166359575e+02
2.851463664732603434e+02
3.167539378418221645e+02
1.797944034375304625e+02
1.575425761368904887e+02
1.443153412065056216e+02
1.431524977703449508e+02
1.542597804509342723e+02
1.716500849020750650e+02
1.970125753561235058e+02
2.277098387314637762e+02
2.614346242246940619e+02
2.959769572619287032e+02
1.620208162898801731e+02
1.398206712968153624e+02
1.294439910339144717e+02
1.323907905873822415e+02
1.378464779656706298e+02
1.559936202723540930e+02
1.804438172219076932e+02
2.100840084359068385e+02
2.436860038363255399e+02
2.793415853708170289e+02
1.557662898122880790e+02
1.363499633348338023e+02
1.309357988165818085e+02
1.274083830111283220e+02
1.391738524669654566e+02
1.557300934540289461e+02
1.764412528254341055e+02
2.022633613940570854e+02
2.333831821972895568e+02
2.682926323882147699e+02
1.625138229762210358e+02
1.469089982900020459e+02
1.454871407985516214e+02
1.397097838789328819e+02
1.516453502517982201e+02
1.654357998346223724e+02
1.816446870164679126e+02
2.027847274885752142e+02
2.303536176464901075e+02
2.633513485041114564e+02
1.795642982157172867e+02
1.665276325623419211e+02
1.663272077287381592e+02
1.565045196769820279e+02
1.670589889244353401e+02
1.782989249679330612e+02
1.911794253157030141e+02
2.088038724945043896e+02
2.333687559001121485e+02
2.642875570308248712e+02
2.027292482419130693e+02
1.903964134838992095e+02
1.890140431878923266e+02
1.735591640712441972e+02
1.817707680682142097e+02
1.910960980449474391e+02
2.023643031735363422e+02
2.184152453433811161e+02
2.413339345047878055e+02
2.706163024893691045e+02
