6.998346114773019053e+02
6.996852839023970319e+02
6.998560942963138132e+02
7.003330800372663134e+02
7.010694530753419258e+02
7.134440942569859772e+02
7.145352823471357624e+02
7.156638683129726815e+02
7.167470690823288351e+02
7.177221230243731043e+02
6.987538985701609136e+02
6.985116445550263506e+02
6.986127279661837974e+02
6.990461882159935385e+02
6.997666885967627195e+02
7.120414188030523519e+02
7.131774646236615354e+02
7.143780301319000046e+02
7.155570711756786295e+02
7.166474086809915889e+02
6.977578671384775362e+02
6.974077698912134338e+02
6.974174564928413247e+02
6.977800254732202347e+02
6.984534839705563627e+02
7.106299948063134480e+02
7.117787695009701565e+02
7.130231516085196972e+02
7.142763924891058878e+02
7.154684793524799034e+02
6.969036578932719976e+02
6.964376948792726125e+02
6.963404320276185899e+02
6.966098766784695044e+02
7.083858560229959949e+02
7.092962576017932861e+02
7.104263689873773728e+02
7.116852832758355589e+02
7.129879293672549920e+02
7.142630274255790255e+02
6.962506959377262774e+02
6.956699924670747350e+02
6.954589294240688560e+02
6.956209710143343727e+02
7.073022361166766814e+02
7.081389500776019759e+02
7.092222735045845639e+02
7.104673196213792608e+02
7.117926715477821062e+02
7.131271934152676977e+02
6.958542667533455415e+02
6.951702577897782476e+02
6.948488034350347107e+02
6.948989765595867993e+02
7.065136694694128892e+02
7.072583652198604796e+02
7.082719028140674027e+02
7.094770873943145943e+02
7.107976129905421203e+02
7.121636935190227859e+02
6.957576398502310440e+02
6.949917928323844762e+02
6.945737836908882628e+02
7.058016950658753785e+02
7.061002127707234877e+02
7.067427484205612700e+02
7.076696350760033738e+02
7.088123307743459236e+02
7.101005893350181850e+02
7.114670135055014271e+02
6.959844024910139524e+02
6.951663904698543774e+02
6.946747036730846503e+02
7.059186008606278619e+02
7.061157965077162544e+02
7.066540893001211998e+02
7.074837393735737123e+02
7.085451735695738762e+02
7.097747502132198179e+02
7.111084152865487340e+02
6.965327660365503561e+02
6.956972838804854291e+02
6.951610224518497034e+02
7.064675436247550806e+02
7.065773965968797938e+02
7.070162437933148567e+02
7.077438043774649259e+02
7.087092828648476370e+02
7.098559147177602426e+02
7.111239208289864564e+02
6.973732910508082341e+02
6.965560210809140926e+02
6.960067338333155931e+02
7.074181299605143067e+02
7.074592747149607703e+02
7.078084352691244021e+02
7.084338248422209290e+02
7.092928901966221247e+02
7.103358461440008114e+02
7.115080916421370603e+02
