2.141259442567259725e+02
2.125043167701123821e+02
2.111749954535495988e+02
2.101886388620674211e+02
2.095932324849473787e+02
2.075083244434346454e+02
2.085126232665703867e+02
2.103898133711006437e+02
2.130652938213246159e+02
2.163452347072592374e+02
2.120138559020240621e+02
2.104015474528590914e+02
2.091329431615658621e+02
2.082045932167464741e+02
2.076225338348960463e+02
2.040092961621152483e+02
2.049233886926227513e+02
2.067710252312529633e+02
2.095557830054067665e+02
2.131161464333605693e+02
2.103231983135360394e+02
2.088541863794972642e+02
2.077706854054457608e+02
2.069930787261935734e+02
2.064678400615359521e+02
2.018219125731256725e+02
2.025204398822102974e+02
2.041572100832429442e+02
2.068495512086785482e+02
2.104994106124925395e+02
2.091337427292170332e+02
2.079030059878257077e+02
2.070894957661274418e+02
2.065275420437867240e+02
2.010707613595851058e+02
2.009389353343151470e+02
2.013542114548352515e+02
2.026625788788996090e+02
2.051108389948871604e+02
2.086842066993177696e+02
2.084134319606916392e+02
2.074395478901363390e+02
2.069075818666204611e+02
2.065743933129353707e+02
2.012256103681642969e+02
2.010118561968152164e+02
2.011720721264411225e+02
2.021533897072530124e+02
2.043167111040724535e+02
2.077282457740585926e+02
2.080654236320305870e+02
2.072802856430755014e+02
2.069593926215196973e+02
2.068095223096500490e+02
2.017597497204929482e+02
2.015381677023895861e+02
2.015680985499638780e+02
2.023511812906646412e+02
2.043159909158156893e+02
2.075823707848389859e+02
2.080070309717625321e+02
2.072808356023725196e+02
2.070414290618327300e+02
2.023321535561878477e+02
2.022648136910092660e+02
2.021279579291767163e+02
2.022092586825776834e+02
2.030041022628639098e+02
2.049432263135348364e+02
2.081554740431371044e+02
2.082319197225123446e+02
2.074239772266688249e+02
2.071231387640231389e+02
2.026762923941116696e+02
2.026703133439199007e+02
2.026989231942748972e+02
2.030068187411470149e+02
2.040234679042958703e+02
2.061159288955795148e+02
2.093756241399219107e+02
2.088158751569015692e+02
2.078291273600537465e+02
2.073603625823862160e+02
2.032502468965305695e+02
2.032605910933779398e+02
2.034963477520602169e+02
2.041382630691998941e+02
2.055060155182686117e+02
2.078552936167307053e+02
2.112077094690405943e+02
2.098623507953828096e+02
2.086778257734638089e+02
2.080044240959208537e+02
2.045083859188061126e+02
2.045011075681347279e+02
2.049330317081563919e+02
2.059135552331440238e+02
2.076347304511997436e+02
2.102230542871855903e+02
2.136209963585328637e+02
