4.740592722820359199e+02
4.452043031103361841e+02
4.166573440822809857e+02
3.911953220723190725e+02
3.710771139410779824e+02
3.681666998061752452e+02
3.708013244628876350e+02
3.778074015604755687e+02
3.877096303051025643e+02
3.993788493314366974e+02
4.518605374757732989e+02
4.200424609673085570e+02
3.891988510875947327e+02
3.626323651210475987e+02
3.463806532243761467e+02
3.457976767821568274e+02
3.513991704589649316e+02
3.614587613287705494e+02
3.740691574753445252e+02
3.879158694199118713e+02
4.309679087122041778e+02
3.968437287360725350e+02
3.643098168409162554e+02
3.371461641808310219e+02
3.223707331287098441e+02
3.243168871251596102e+02
3.330712377908857889e+02
3.463757829082355215e+02
3.619298760134320219e+02
3.782496489133745854e+02
4.133948078262484955e+02
3.778827103829589191e+02
3.443322662832533751e+02
3.168491104603367035e+02
3.003980354861150204e+02
3.045912768208265220e+02
3.162761820410785276e+02
3.327564678864484335e+02
3.513817967280749031e+02
3.704726754622477642e+02
4.013786675911364910e+02
3.657273122478408141e+02
3.320228323015186902e+02
3.044296994635699889e+02
2.828298356313982254e+02
2.884964945618519323e+02
3.024519339373669027e+02
3.217198959862874972e+02
3.433285339181585414e+02
3.653267783296220728e+02
3.966878815077602667e+02
3.624108103189412304e+02
3.296842348912536522e+02
2.769820098699121331e+02
2.727108318619452234e+02
2.787785251158323376e+02
2.939837064120764012e+02
3.152894962233776823e+02
3.394337747459906609e+02
3.641029849944400212e+02
3.997820018825360080e+02
3.683650729755269708e+02
3.378844176040004754e+02
2.773232571635252839e+02
2.724692155372397337e+02
2.780156247932317228e+02
2.933661328160954440e+02
3.156777012085266279e+02
3.414895043641461712e+02
3.680962737138157763e+02
4.094554664554984242e+02
3.819829052491905372e+02
3.548556015255288685e+02
2.875642735300992854e+02
2.823722282848435157e+02
2.871162172121931917e+02
3.018549411894487093e+02
3.241360284955184170e+02
3.504805387594174135e+02
3.778921755163651710e+02
4.233623363060095244e+02
4.003255728968843528e+02
3.772825313361607300e+02
3.049602413803371519e+02
3.002718383404327938e+02
3.046756388640307023e+02
3.186523528359043667e+02
3.401807495504332906e+02
3.659709998306780108e+02
3.929515098288106287e+02
4.390827720383898622e+02
4.204411742624149610e+02
3.349496751868820752e+02
3.261205398891286222e+02
3.229540187986759179e+02
3.278520377092025342e+02
3.413711853314875384e+02
3.618248568206432765e+02
3.862587201428087837e+02
4.117636508380309692e+02
