6.755126041764375486e+02
6.755167355732570513e+02
6.755089946353568848e+02
6.754907818917752138e+02
6.754649782152449689e+02
6.679496012874335520e+02
6.679132475141307168e+02
6.678818212264886824e+02
6.678574041536159029e+02
6.678405458399347481e+02
6.755767851903909786e+02
6.755982824779433713e+02
6.756102670343748287e+02
6.756134032021454914e+02
6.756093671469535593e+02
6.681140509414425424e+02
6.680942015699821468e+02
6.680741083868553005e+02
6.680542917705062109e+02
6.680344669315463761e+02
6.756460404174735004e+02
6.756890326461816585e+02
6.757258291326207882e+02
6.757560901777513891e+02
6.757798705431849839e+02
6.683130061108304290e+02
6.683148925333534862e+02
6.683098716714486045e+02
6.682964850636442407e+02
6.682734329232159780e+02
6.757162890865778309e+02
6.757833916589324872e+02
6.758483044682782293e+02
6.759094849971605754e+02
6.684951183738559166e+02
6.685329523770707283e+02
6.685600820744434714e+02
6.685726169469745628e+02
6.685668632466708914e+02
6.685404135726632830e+02
6.757818757164533281e+02
6.758735281406162585e+02
6.759673294625621338e+02
6.760604476848222930e+02
6.686857791179023707e+02
6.687549922924300745e+02
6.688084770978524602e+02
6.688393365272173696e+02
6.688415989146575384e+02
6.688117663605411281e+02
6.758362569970362301e+02
6.759503745569390958e+02
6.760709181030256332e+02
6.761938181905952661e+02
6.688586123396555649e+02
6.689573702344944195e+02
6.690356296484808354e+02
6.690836886912744603e+02
6.690934873881404883e+02
6.690605673584118449e+02
6.758731560550166932e+02
6.760052166084027476e+02
6.761475332303621144e+02
6.688594748901830371e+02
6.689954674478650531e+02
6.691188918497492750e+02
6.692178048118979632e+02
6.692801864511777694e+02
6.692962897761935892e+02
6.692609225508629152e+02
6.758878647414412626e+02
6.760314439935949622e+02
6.761883275567383862e+02
6.689273038940848437e+02
6.690817083037884458e+02
6.692225243340606085e+02
6.693359999589437166e+02
6.694085031838753821e+02
6.694291580358211604e+02
6.693923297736896529e+02
6.758782666230866880e+02
6.760259133939244975e+02
6.761888861040508800e+02
6.689452264537781048e+02
6.691087937260234639e+02
6.692583490961352481e+02
6.693791940967925029e+02
6.694569110760910462e+02
6.694801326428413404e+02
6.694430974485995876e+02
6.758452522104952322e+02
6.759895064104639459e+02
6.761499623014719873e+02
6.689124778569829459e+02
6.690757104996516773e+02
6.692251577766284072e+02
6.693460608550894904e+02
6.694240530404034644e+02
6.694479089639863787e+02
6.694120409726132266e+02
