2.799865430422536065e+03
2.656545695912311658e+03
2.539190258702699794e+03
2.461933250016234979e+03
2.434694678197934536e+03
3.667010969206320169e+03
3.781501342409765130e+03
3.955959863055834830e+03
4.169341595667791808e+03
4.398428128465999180e+03
2.515043093467329527e+03
2.322783530649342538e+03
2.165372330376253103e+03
2.061762261873791431e+03
2.025260623890257875e+03
3.069626587692111116e+03
3.223301969279271361e+03
3.457471284279180509e+03
3.743887519024622634e+03
4.051383198479857128e+03
2.199303781822925430e+03
1.952855549564930016e+03
1.751105807319045425e+03
1.618311923104004109e+03
1.571511186255017265e+03
2.407148768701413246e+03
2.604237976745560900e+03
2.904598592996795105e+03
3.272001463081570819e+03
3.666459025170904624e+03
1.875898786742206084e+03
1.574104603973436724e+03
1.327146882168819729e+03
1.164605403031355763e+03
1.644437812879957164e+03
1.728297793053058740e+03
1.969750083447634097e+03
2.337868063785293543e+03
2.788247492462890023e+03
3.271840556715916591e+03
1.575057311498196214e+03
1.222152708352062064e+03
9.338032091529016725e+02
7.442955177074464928e+02
9.990136869669796624e+02
1.096763572327951579e+03
1.379080324414672305e+03
1.810057910332807523e+03
2.337632023748727079e+03
2.904230243486856125e+03
1.329586956699869916e+03
9.357243719530740691e+02
6.155455545128479571e+02
4.075388202054821249e+02
4.758366232201067305e+02
5.829942314279592210e+02
8.969468949675936074e+02
1.378672674462462055e+03
1.969190170728430076e+03
2.603623012502213896e+03
1.168923511935222905e+03
7.492547366413585905e+02
4.123637776364418528e+02
2.616491382435694959e+02
1.585728611420510674e+02
2.550790654266701836e+02
5.820122242112080357e+02
1.095741535358634337e+03
1.727350975352881051e+03
2.406275794028676955e+03
1.113238536556257714e+03
6.851935855808910674e+02
3.454689470033812881e+02
1.655104936603939620e+02
1.105834166253539195e+02
1.548704418699563234e+02
4.734381366425814122e+02
9.973515473031490046e+02
1.643139019152192304e+03
2.337538188476564756e+03
1.169560479185725626e+03
7.505452875934926169e+02
4.151986472817539493e+02
2.636133936735541852e+02
1.620349145988441535e+02
2.572662317055475114e+02
5.829438963243060243e+02
1.096218111999032772e+03
1.727651446770850043e+03
2.406500979513519269e+03
1.330656410277511895e+03
9.376998241669903109e+02
6.191852772393591522e+02
5.874821351358276615e+02
4.780666717629324012e+02
5.848405687923051346e+02
8.981162976419493589e+02
1.379409030294139939e+03
1.969704259226679142e+03
2.604028888655987430e+03
