6.126912025929163264e+01
6.117060424768289550e+01
6.114367422347845604e+01
6.120029330932437261e+01
6.134586436015668198e+01
6.627445131184344973e+01
6.655866297110063101e+01
6.689968375424648173e+01
6.726499365955467624e+01
6.762286467025066372e+01
6.069166319369440998e+01
6.054028520585907813e+01
6.047484619568249542e+01
6.051106186017196364e+01
6.065788447737876510e+01
6.535610959841142176e+01
6.570801840948057304e+01
6.613800298156057522e+01
6.660823902433041610e+01
6.707957951277406039e+01
6.001270605251911405e+01
5.980071994205449926e+01
5.969317707518732163e+01
5.970766903640492984e+01
5.985474532165074635e+01
6.433175512152337205e+01
6.474794619093370329e+01
6.526537940136257987e+01
6.584355362652176780e+01
6.643693705871972099e+01
5.925053423798431851e+01
5.897411009900910273e+01
5.882558457268956431e+01
5.882148130216819482e+01
6.294380514041379371e+01
6.326062643338219260e+01
6.373174531302719004e+01
6.432779737960159139e+01
6.500916619627015791e+01
6.572568491295872661e+01
5.844676349741155974e+01
5.810570531691691798e+01
5.792041727459098865e+01
5.790323286117732948e+01
6.186283168829248780e+01
6.220623766330314908e+01
6.272008148814755657e+01
6.338200286359371205e+01
6.415659096334853473e+01
6.499082188569437335e+01
5.766439365600641054e+01
5.726049590669859413e+01
5.704248371866080447e+01
5.701652880267644719e+01
6.086194324496160135e+01
6.122446313852272226e+01
6.177082451893240034e+01
6.248736888362758890e+01
6.334439523767142788e+01
6.428691690680861370e+01
5.697884003471889969e+01
5.651404084524815374e+01
5.626398258457729895e+01
5.981511290339727793e+01
5.998391656965469565e+01
6.036095903364041249e+01
6.093567015294694045e+01
6.170153699894424193e+01
6.263303236563620402e+01
6.367256311352826259e+01
5.646524337698620855e+01
5.594137791507029078e+01
5.565581572490818019e+01
5.910361900252235756e+01
5.927014762835142392e+01
5.966041997151950937e+01
6.026563692687840756e+01
6.108149518639740450e+01
6.208204837381230590e+01
6.320504260827014065e+01
5.618614431167857504e+01
5.560739306269697124e+01
5.528161893221268741e+01
5.862003536177363117e+01
5.877638501666339010e+01
5.917969093474446396e+01
5.981920465355894123e+01
6.068599126085869244e+01
6.174759616430610976e+01
6.293472472516854310e+01
5.618163364734879650e+01
5.555873232564113096e+01
5.519224125218050858e+01
5.843765392422871940e+01
5.857676612216339151e+01
5.899015695917061208e+01
5.966170549794727407e+01
6.057172234769468133e+01
6.167626617220933838e+01
6.289788984599348964e+01
