3.760195604390128779e+02
3.756707488363200014e+02
3.754263878039849374e+02
3.752973230579668780e+02
3.752841120040532132e+02
3.631460343036932272e+02
3.632747478228470754e+02
3.634726409087375600e+02
3.637303128908843632e+02
3.640384417079994819e+02
3.753709132771328996e+02
3.749318644062902877e+02
3.745995845970456344e+02
3.743898496471525164e+02
3.743086088479361706e+02
3.622094001568372050e+02
3.623006666570685184e+02
3.624855835932417563e+02
3.627576433897451693e+02
3.631083016751726404e+02
3.747766039162708012e+02
3.742412591094011987e+02
3.738105313021786174e+02
3.735055790744438013e+02
3.733389971016850382e+02
3.612416672092031149e+02
3.612803587620581993e+02
3.614399931395331578e+02
3.617182515466399764e+02
3.621079640579703778e+02
3.742742638830533224e+02
3.736433492717092690e+02
3.731107314285972052e+02
3.727028091820423583e+02
3.604722935274179463e+02
3.603067836010410474e+02
3.602814111532866832e+02
3.604052613183098401e+02
3.606813055699847155e+02
3.611042828783682239e+02
3.739024429206251057e+02
3.731850665384438344e+02
3.725562469020934486e+02
3.720468770919396775e+02
3.597348391097224294e+02
3.594809912519379509e+02
3.593857358153820201e+02
3.594665516171190802e+02
3.597323918964301583e+02
3.601803018318418594e+02
3.736965621617506486e+02
3.729106015766940345e+02
3.722010785105750870e+02
3.716021573163907874e+02
3.591804858914247802e+02
3.588434570834950250e+02
3.586794119774694423e+02
3.587141745184947581e+02
3.589627826113971309e+02
3.594247825310173425e+02
3.736828533975328241e+02
3.728538343491327396e+02
3.720879184040597352e+02
3.594185741078957790e+02
3.588699824128478326e+02
3.584635432705260314e+02
3.582388534458144136e+02
3.582291006341853290e+02
3.584548407349802801e+02
3.589180753751560360e+02
3.738719949708011541e+02
3.730305326165673137e+02
3.722387566185765877e+02
3.594366482155504627e+02
3.588427638595338749e+02
3.583877018444663918e+02
3.581165193854873792e+02
3.580679565594320479e+02
3.582669040698022513e+02
3.587175341600506044e+02
3.742549181633714284e+02
3.734331792121889748e+02
3.726486007120303725e+02
3.597182799220323659e+02
3.591084133951360400e+02
3.586297580297297145e+02
3.583302083450699342e+02
3.582516880788419940e+02
3.584218029945298554e+02
3.588464158017406476e+02
3.748026584341295688e+02
3.740305647312819701e+02
3.732847146135903813e+02
3.602402447793416513e+02
3.596439169838063776e+02
3.591675578696242610e+02
3.588591460481626996e+02
3.587612329026765110e+02
3.589023409952480392e+02
3.592894236342187924e+02
