7.448917088233550032e+01
7.287720329049463430e+01
7.151447933524369205e+01
7.036139438578666727e+01
6.938795464831609650e+01
5.652602904644366077e+01
5.615068962859052704e+01
5.604441135061808410e+01
5.627022731481221030e+01
5.682787522031385663e+01
7.409755129872964119e+01
7.259582008425616095e+01
7.135650097864112240e+01
7.029183803729620195e+01
6.933021016515290569e+01
5.681479405100429858e+01
5.638154092689000407e+01
5.620395422317593415e+01
5.635750662896369789e+01
5.685146386338002600e+01
7.402700559500613053e+01
7.264227393852114290e+01
7.152779519453511625e+01
7.056068678497894098e+01
6.963876607898481552e+01
5.729382862096352369e+01
5.683295512429490515e+01
5.661058426195275928e+01
5.670701519357950104e+01
5.713687108300833728e+01
7.419659685278513450e+01
7.289088617680720006e+01
7.185855437425215086e+01
7.096364381416218237e+01
5.844763932634326409e+01
5.787423204135969002e+01
5.741584118129834025e+01
5.717881357699169342e+01
5.724071459086394498e+01
5.761682127555993560e+01
7.456166927978652836e+01
7.327773640616980799e+01
7.226556015835110713e+01
7.140102717360767315e+01
5.905524270116285379e+01
5.851431711980538353e+01
5.808165964095476852e+01
5.785415554962808216e+01
5.790107067113945760e+01
5.823483437767888660e+01
7.513378175407700610e+01
7.382784763631839553e+01
7.278609806526297632e+01
7.191711995488412867e+01
5.971718382415302528e+01
5.921972683015302863e+01
5.882612624880751895e+01
5.862076727757618499e+01
5.866194903203851396e+01
5.895788862595575353e+01
7.595949431428923049e+01
7.462588213372609403e+01
7.354140776277844793e+01
6.093926144609917372e+01
6.046188973443193504e+01
6.001448988383643268e+01
5.966401441622424784e+01
5.948165523774205354e+01
5.951478116014973097e+01
5.976807857039389660e+01
7.707246240251902236e+01
7.574888585189994217e+01
7.465148300547349436e+01
6.171780473060756123e+01
6.129727988412505368e+01
6.090358436451059276e+01
6.059420670859101676e+01
6.042809686438978645e+01
6.044347641734646714e+01
6.064338294916150573e+01
7.844978361240781339e+01
7.720205848968323892e+01
7.615088201868847761e+01
6.254505951105981154e+01
6.218903246942704754e+01
6.185057447403725917e+01
6.157794720871221017e+01
6.141957694732372630e+01
6.140688599822361482e+01
6.154327519318357531e+01
7.999949478920387946e+01
7.889552113301631664e+01
7.795434353255070903e+01
6.335347320048674646e+01
6.306561755605030584e+01
6.278201001706629825e+01
6.254225929276590534e+01
6.238604165200053586e+01
6.233998468894877476e+01
6.240919922487212546e+01
