4.801457755916846395e+02
5.216207095668288503e+02
6.442009642858749885e+02
8.360934985489936935e+02
1.075849741184136292e+03
1.044217195528732645e+03
1.244549329485644648e+03
1.428653599226315237e+03
1.586717301916342194e+03
1.714354009890846555e+03
2.743034281622656749e+02
3.125309664500823033e+02
4.370330764197258873e+02
6.439157837780078353e+02
9.079156471397271844e+02
9.369584662147527752e+02
1.159241859544333010e+03
1.363818502979115920e+03
1.539567127007321460e+03
1.681523857294544086e+03
1.904791247209055882e+02
2.089117650559590516e+02
3.121060643055184300e+02
5.210313290234704482e+02
7.989805346186782344e+02
8.672718336782644428e+02
1.103690584864389393e+03
1.321565302042581379e+03
1.508833412987974043e+03
1.660127199669247148e+03
1.855460069167104677e+02
1.899943659071722664e+02
2.735123955950311938e+02
4.793653128919904702e+02
6.030912715722032544e+02
8.432844364798327206e+02
1.084532130794931618e+03
1.306989203934522948e+03
1.498237824714206909e+03
1.652760765580135285e+03
1.915121360429761523e+02
2.100803843134495139e+02
3.130460730794333131e+02
5.216801183380758857e+02
6.321357373850917156e+02
8.677947783004095754e+02
1.104097211056089009e+03
1.321890577508202568e+03
1.509098069949096953e+03
1.660344215656108872e+03
2.756734058409888348e+02
3.140130834780347868e+02
4.382989784314817712e+02
6.449012702821781886e+02
7.155137797203987020e+02
9.378816529323395343e+02
1.159980062798565541e+03
1.364419581356652998e+03
1.540061898603846203e+03
1.681932723276201614e+03
4.812353578441971536e+02
5.228439987348177738e+02
6.453726865195145592e+02
6.610399140712089547e+02
8.441955696992652065e+02
1.045365683628748229e+03
1.245502270658647376e+03
1.429448894922556065e+03
1.587382966913814471e+03
1.714910404484914807e+03
7.630083612196099239e+02
8.005780847394350985e+02
9.093450602344356639e+02
8.444221630790272002e+02
1.004017948381286601e+03
1.178190609938421630e+03
1.350975363066007958e+03
1.509575967945834236e+03
1.645661795366565684e+03
1.755510050230098614e+03
1.077359702418304323e+03
1.108851119465352213e+03
1.199643381372075964e+03
1.045709241631941495e+03
1.178334812672431326e+03
1.322609439866469302e+03
1.465480209142363492e+03
1.596496076065149737e+03
1.708852594267104223e+03
1.799517457455744989e+03
1.391023286169171342e+03
1.416086962962364396e+03
1.488245208564142104e+03
1.245894298684910154e+03
1.351199886177822918e+03
1.465572929553790800e+03
1.578714279979712501e+03
1.682398808458126496e+03
1.771279055913087404e+03
1.842979684824281549e+03
