8.746377680550851892e+02
8.743686676351650249e+02
8.741006604090551946e+02
8.738447982487107311e+02
8.736149064581910579e+02
8.648468258019698851e+02
8.647206074025102680e+02
8.646594371419155323e+02
8.646747674221718398e+02
8.647717468663004183e+02
8.741806356781111162e+02
8.737895214301858005e+02
8.733843198838100079e+02
8.729822560519859280e+02
8.726065885323511111e+02
8.637411432841603300e+02
8.635070285565067252e+02
8.633743090896762169e+02
8.633634420065598079e+02
8.634837298671907320e+02
8.736832622073890207e+02
8.731526845603023048e+02
8.725894083113463466e+02
8.720178050508631031e+02
8.714721708723984648e+02
8.624802596149125975e+02
8.621186953315879009e+02
8.619008021377147770e+02
8.618576572736724302e+02
8.620034346694544638e+02
8.731750857799443111e+02
8.724965498969148712e+02
8.717645978230715400e+02
8.710112507680292993e+02
8.617760486079911288e+02
8.611437502016565304e+02
8.606438017508670555e+02
8.603330162345995404e+02
8.602539924329861378e+02
8.604261520513013011e+02
8.726946744504708704e+02
8.718716619307913334e+02
8.709742145619458142e+02
8.700418778668877167e+02
8.606380002847698734e+02
8.598384690736855873e+02
8.592008625937316992e+02
8.587974305494257123e+02
8.586822203224031682e+02
8.588798223502759583e+02
8.722854815390112435e+02
8.713349896755767077e+02
8.702907805198814231e+02
8.691990919612337620e+02
8.596352873439482210e+02
8.586855773288100409e+02
8.579242017702371186e+02
8.574373099937179177e+02
8.572892195074643951e+02
8.575091042384585762e+02
8.719895786697004496e+02
8.709416252413667507e+02
8.697843585979345562e+02
8.600424980982306806e+02
8.588700551202695124e+02
8.578025213811262120e+02
8.569438849138035721e+02
8.563912271957665325e+02
8.562168967979230274e+02
8.564535922522280771e+02
8.718405680870877177e+02
8.707355204541237299e+02
8.695107907675595698e+02
8.596752585443927046e+02
8.584243895645548719e+02
8.572835279010730574e+02
8.563640962945856927e+02
8.557700066588573691e+02
8.555785677082368466e+02
8.558245856900640547e+02
8.718573266927604664e+02
8.707414160696400813e+02
8.695015600072183588e+02
8.596194799988708155e+02
8.583458412470553185e+02
8.571830550627845469e+02
8.562448981863653898e+02
8.556373706981258920e+02
8.554392125082061966e+02
8.556857394330255602e+02
8.720401896769043333e+02
8.709600162702483885e+02
8.697578328616602903e+02
8.598789973874226007e+02
8.586389573554079107e+02
8.575062376507040653e+02
8.565918188024922983e+02
8.559989999507106404e+02
8.558044083676942364e+02
8.560422905866302017e+02
