8.406972711826407476e+02
8.027895114972952797e+02
7.756539773039723968e+02
7.569754464737425224e+02
7.464010072052647047e+02
6.979231965766325629e+02
6.969549432534488460e+02
7.059522827268358469e+02
7.254779814320089599e+02
7.536796231200768261e+02
8.039497662541423324e+02
7.663291659457842115e+02
7.382793120563844695e+02
7.153926263223253272e+02
6.966094991181987552e+02
6.529376521430607454e+02
6.446585329213462501e+02
6.487559075704667748e+02
6.669541908666450354e+02
6.973741607015584805e+02
7.782192870242998879e+02
7.397054144612278606e+02
7.092268179485187147e+02
6.807838771887888925e+02
6.527899529916161327e+02
6.054599518934923026e+02
5.889969736657125168e+02
5.876256999437799777e+02
6.043261451262915216e+02
6.370554212169595303e+02
7.611783864408674845e+02
7.185188057401070409e+02
6.824996953463418095e+02
6.466532379449823793e+02
5.891664010072621522e+02
5.551078087568881756e+02
5.310528986799818085e+02
5.251831036743623145e+02
5.414241284243634027e+02
5.771155924869671026e+02
7.524784726412606233e+02
7.017869089087419070e+02
6.566469854814847622e+02
6.116035023505992285e+02
5.460496791111836501e+02
5.043580796190632327e+02
4.749473009759539082e+02
4.672521073809249970e+02
4.851922425042545228e+02
5.246342251132155070e+02
7.551927033937090528e+02
6.941906904761624446e+02
6.378025611346092774e+02
5.830389071780434733e+02
5.067737115173599705e+02
4.599685879410104690e+02
4.289500963890073422e+02
4.233069056786217175e+02
4.452621435456621271e+02
4.883038330108233822e+02
7.741830645632122696e+02
7.041178639576298792e+02
6.378285728404152906e+02
5.378596730815274896e+02
4.804764244007683374e+02
4.322379091426419109e+02
4.039685693536821418e+02
4.036859357624474569e+02
4.302146986239333728e+02
4.747152851101552073e+02
8.123098463919643564e+02
7.379669119756557620e+02
6.668849230672333306e+02
5.349339842129111275e+02
4.761704981497178437e+02
4.302891947839527234e+02
4.075191743346904900e+02
4.127948763889004908e+02
4.415046026621214992e+02
4.838527342629651002e+02
8.675938802979096636e+02
7.950360143783715330e+02
7.254965142878589859e+02
5.536484321024987594e+02
4.970217824177940429e+02
4.554886983224176902e+02
4.375340121243176554e+02
4.451431815818696123e+02
4.720598706296470937e+02
5.090237440800878517e+02
9.337020399409386755e+02
8.677330993492562357e+02
8.043873540120124517e+02
5.908872608494762062e+02
5.383583593004768773e+02
5.007660017205000145e+02
4.846376919419618616e+02
4.904244964973019023e+02
5.121346284219189329e+02
5.418991185956026584e+02
