2.121024636740025926e+02
2.162481975398846430e+02
2.418071868874144741e+02
2.959278039744951343e+02
3.759442389908566042e+02
3.849243499660371413e+02
4.595806472002034297e+02
5.313107017870435129e+02
5.950416960448435475e+02
6.480952831418697997e+02
1.948087719671006539e+02
1.946824932188177115e+02
2.115337893505192710e+02
2.600841312030169092e+02
3.404066043994854454e+02
3.619757874691284201e+02
4.403220822302496344e+02
5.161101568243599331e+02
5.836275377390528547e+02
6.398921631546638764e+02
1.919564134987344062e+02
1.901483430242782902e+02
2.029620953594831860e+02
2.484556780542484660e+02
3.283190347439266361e+02
3.543044010102155426e+02
4.338344822105319736e+02
5.109831143026543714e+02
5.797839965854019511e+02
6.371380429168972341e+02
1.939143225040656944e+02
1.940995162997539296e+02
2.112079493556862246e+02
2.598862048756706713e+02
2.902757925704124204e+02
3.624827091237753507e+02
4.407468263582991881e+02
5.164685103892031748e+02
5.839262760530215246e+02
6.401324626501703960e+02
2.101855499550953255e+02
2.148367900261818022e+02
2.408560768606747047e+02
2.952509551102338605e+02
3.157909345553702565e+02
3.857894441031402835e+02
4.603167231660886500e+02
5.319379400847186616e+02
5.955676588922993915e+02
6.485196476583660115e+02
2.574926182108989678e+02
2.658870258396939334e+02
2.979797933361626860e+02
3.545099028424559151e+02
3.566693963673527037e+02
4.221413203456959309e+02
4.905215414689998283e+02
5.557065271462147393e+02
6.134138591154643336e+02
6.613599392957470400e+02
3.375828205978974097e+02
3.472010648837761551e+02
3.797183069187578894e+02
3.582761429717658643e+02
4.095342344131829577e+02
4.680774861267886990e+02
5.283029253688547442e+02
5.853012263785419691e+02
6.355867541708419139e+02
6.772970869155226410e+02
4.379928771882780438e+02
4.470224455716158900e+02
4.761899722702343070e+02
4.248090915950916724e+02
4.692930424151639954e+02
5.192014267874882307e+02
5.700232467989187626e+02
6.178569321399561431e+02
6.599344291756771099e+02
6.947846129988488428e+02
5.446172991493646123e+02
5.522518935796756523e+02
5.764651246666130646e+02
4.938412188950948689e+02
5.303837788821847425e+02
5.709808992130000433e+02
6.120564214032132213e+02
6.505660929076550474e+02
6.843650884273978363e+02
7.123241969353197192e+02
6.465830178616022295e+02
6.526098577672720467e+02
6.715862101483315882e+02
5.593964809195801990e+02
5.879642115584156272e+02
6.195274255042201048e+02
6.513350521524049555e+02
6.810755196011651833e+02
7.071335347314558248e+02
7.286674653543342401e+02
