7.915574478577841546e+02
7.746905105042935702e+02
7.690593818291544039e+02
7.746420700552229164e+02
7.914646557454295817e+02
7.255612961707356590e+02
7.427860682753243964e+02
7.635724075969809519e+02
7.862108067771239348e+02
8.087588890592139705e+02
7.417318313621666448e+02
7.259457235656926741e+02
7.209187148274736501e+02
7.260471600321866390e+02
7.419237920466907781e+02
7.035618625003075977e+02
7.211724639592287076e+02
7.434512846518279048e+02
7.685915934772591527e+02
7.942623914533843390e+02
7.066771540132872360e+02
6.940048690861764271e+02
6.903404556807373638e+02
6.942982391818379710e+02
7.072361155903366807e+02
6.875770517158391613e+02
7.043838281197503193e+02
7.270305508927310711e+02
7.537199572689982006e+02
7.817589643283836267e+02
6.868150226948047248e+02
6.782644229694532214e+02
6.763008991116397510e+02
6.787686225917267393e+02
6.691471345613655330e+02
6.778277895657872705e+02
6.931390625066487701e+02
7.153404067215885789e+02
7.427247411656244367e+02
7.723063178045292716e+02
6.783368148559276278e+02
6.732450238705184802e+02
6.726815203745637746e+02
6.739534266425188207e+02
6.661902361029497115e+02
6.732200601208979833e+02
6.871563251953336930e+02
7.087026320701043005e+02
7.362567521095563734e+02
7.666465573183120341e+02
6.763972837329828280e+02
6.726765075446377296e+02
6.726923997590868112e+02
6.735635773736224792e+02
6.658848590347113259e+02
6.723243068699323430e+02
6.857427193167325186e+02
7.070074742843892182e+02
7.345612575669566695e+02
7.651716161493111485e+02
6.788520047674302305e+02
6.738784932399893250e+02
6.734610695186872817e+02
6.645282618227776084e+02
6.672869903845050885e+02
6.744708115813722316e+02
6.885157884838824884e+02
7.101080096791121150e+02
7.376425484463575231e+02
7.679571167520211930e+02
6.878225662805696174e+02
6.795074863484734351e+02
6.778268658677235408e+02
6.670405384697886575e+02
6.712534627533141247e+02
6.802173686900817984e+02
6.957257355724792660e+02
7.180081903705033710e+02
7.453536038906238446e+02
7.747936055746721422e+02
7.081104788931144185e+02
6.957794317181513861e+02
6.925105811607407986e+02
6.738800461140129983e+02
6.798462728758682942e+02
6.908856238498509583e+02
7.079468903700653755e+02
7.306955028205450162e+02
7.573299157484534589e+02
7.851780649352122055e+02
7.434673371220603713e+02
7.280974534731024050e+02
7.235369269163429635e+02
6.875320786094307550e+02
6.949150201754966929e+02
7.074839157871780344e+02
7.253768425231575065e+02
7.477675975699844457e+02
7.728447566686296568e+02
7.982978754552901819e+02
