1.494077366947485643e+03
1.491665701459258798e+03
1.493281742277966032e+03
1.499249871917511427e+03
1.510223462670382332e+03
1.481830483104797395e+03
1.489442911364504653e+03
1.498365939328504282e+03
1.507825313070886068e+03
1.517003587960826735e+03
1.480590538808875181e+03
1.478543947065513521e+03
1.479430581710058959e+03
1.483843241433343564e+03
1.493101193843690680e+03
1.474135940230452206e+03
1.481640539928552244e+03
1.490922709909864807e+03
1.501134743200811727e+03
1.511307775271988021e+03
1.473373274354982641e+03
1.471738972290874699e+03
1.471802569190799886e+03
1.474415304285657385e+03
1.481546157773470441e+03
1.468097851972229819e+03
1.475248974282441168e+03
1.484619147044544889e+03
1.495311377328130675e+03
1.506228404710596351e+03
1.470148168184005272e+03
1.468783964464378869e+03
1.468147365721764345e+03
1.469278725332110298e+03
1.459808447198209706e+03
1.463707316933860056e+03
1.470475408569847787e+03
1.479797623059198258e+03
1.490751317372184076e+03
1.502152180685452549e+03
1.468633333988791264e+03
1.467244348501463719e+03
1.466216078980752172e+03
1.466664299857496417e+03
1.457343503928105520e+03
1.460899649893186279e+03
1.467452720229913893e+03
1.476721622832028515e+03
1.487779139865504249e+03
1.499409033335407685e+03
1.467953612590163630e+03
1.466197912098255529e+03
1.465170670400304289e+03
1.465933016859980171e+03
1.456133306963519090e+03
1.459757527088515644e+03
1.466349004132476921e+03
1.475614695207824298e+03
1.486642222975121967e+03
1.498243952456949501e+03
1.469213964466302969e+03
1.466834048800048095e+03
1.466154908707875165e+03
1.455011268749171904e+03
1.456551862275808844e+03
1.460579276239287765e+03
1.467395477649474515e+03
1.476658053493009220e+03
1.487489636462307089e+03
1.498787204714969221e+03
1.474891518521696526e+03
1.471816700287138474e+03
1.471680606684576560e+03
1.457032197254160110e+03
1.459202568059023406e+03
1.463751802301504540e+03
1.470795459717700851e+03
1.479928134749989113e+03
1.490329549341873417e+03
1.501024091981605352e+03
1.487389033972542165e+03
1.483763253161244847e+03
1.484171720375150016e+03
1.461831579615209648e+03
1.464564913432855519e+03
1.469498738155291448e+03
1.476564157843170733e+03
1.485306691229294074e+03
1.494985400175306040e+03
1.504776621993389199e+03
1.507597772480659160e+03
1.503720993470336907e+03
1.504518940445612088e+03
1.469627348132081352e+03
1.472664284947503575e+03
1.477659049120076361e+03
1.484402824671939470e+03
1.492425582522537525e+03
1.501084305021284081e+03
1.509713244261202817e+03
