3.813274690816527368e+02
3.807408967328785820e+02
3.801773600780350648e+02
3.796674205842799665e+02
3.792496168998850976e+02
3.695076553245734203e+02
3.692831075374411967e+02
3.691896453345774489e+02
3.692416353573473202e+02
3.694427873501247177e+02
3.804555099015626638e+02
3.797009517010739614e+02
3.789480196153287466e+02
3.782379628882750922e+02
3.776261953945917185e+02
3.679038189626528492e+02
3.675545401264852785e+02
3.673863651380914916e+02
3.674224394744725828e+02
3.676696117892966527e+02
3.795971946606940719e+02
3.786592142583755276e+02
3.776956048060553712e+02
3.767593860983369609e+02
3.759248535744478090e+02
3.661450411937662466e+02
3.656489697984323470e+02
3.653907902795851328e+02
3.654044007512068220e+02
3.657005245296401768e+02
3.787893691783357326e+02
3.776624125661555809e+02
3.764801309088493326e+02
3.753074412482161506e+02
3.652209354337159084e+02
3.643377774753258791e+02
3.636823876476812529e+02
3.633249560357883752e+02
3.633115780934560348e+02
3.636574031479369751e+02
3.780734852419470258e+02
3.767657162308710781e+02
3.753748814734589700e+02
3.739767208587168739e+02
3.637014407317874429e+02
3.626203296823563278e+02
3.618071350271117694e+02
3.613503060654026058e+02
3.613086100265398386e+02
3.617018395812798985e+02
3.774989797100098485e+02
3.760350321293980187e+02
3.744664209946337792e+02
3.728774116507485701e+02
3.624034736273743533e+02
3.611483696662303942e+02
3.601954313574748880e+02
3.596498303472952216e+02
3.595821646182066047e+02
3.600166330418457505e+02
3.771222512212970059e+02
3.755436494990686356e+02
3.738476920083384130e+02
3.630341645897519811e+02
3.614584195304717582e+02
3.600728130776324178e+02
3.590141093974689284e+02
3.584006469864710311e+02
3.583125954109388545e+02
3.587778250137106397e+02
3.769981648393654723e+02
3.753605491719895326e+02
3.736024318941088609e+02
3.626245323302181305e+02
3.609718292476569559e+02
3.595138951882534570e+02
3.583953485277945106e+02
3.577425061270133142e+02
3.576416515828329352e+02
3.581231575502078499e+02
3.771654664987373167e+02
3.755326708364310662e+02
3.737844062293636966e+02
3.626608540065526540e+02
3.610030417019576134e+02
3.595378616477926812e+02
3.584109518960381138e+02
3.577505499617826672e+02
3.576449003058690437e+02
3.581254346961935084e+02
3.776319909782302489e+02
3.760681022380749141e+02
3.743993754586542195e+02
3.631452483494594503e+02
3.615522758301679573e+02
3.601430944626133623e+02
3.590577483647005010e+02
3.584203874931100700e+02
3.583170063758512924e+02
3.587785910584374847e+02
