3.034519777143855777e+02
3.060755691698795999e+02
3.169201232744806020e+02
3.354173629602576625e+02
3.600969580752567367e+02
3.293233081387743368e+02
3.504074046518191494e+02
3.708572685042353214e+02
3.892540419494827688e+02
4.047723284270600175e+02
2.637807305104609554e+02
2.658377721485742882e+02
2.765307854503922727e+02
2.961326522418200966e+02
3.236656694087053552e+02
3.047750381410827458e+02
3.295381950265102091e+02
3.539491543141031116e+02
3.761233821210628321e+02
3.949406932258279426e+02
2.346943394559677927e+02
2.354537701121373630e+02
2.442013242144221579e+02
2.627939482777381386e+02
2.913924986957235319e+02
2.819804219628235842e+02
3.098103297534945000e+02
3.377751016419066445e+02
3.634489332317029948e+02
3.853743279586968811e+02
2.181123841617486789e+02
2.171293417774154193e+02
2.225434744101373781e+02
2.382514896860623992e+02
2.372944954903697408e+02
2.628869534271295834e+02
2.929556609354053762e+02
3.237691194560198937e+02
3.523492087435261624e+02
3.769039853875523249e+02
2.109673735204645482e+02
2.084759769080002911e+02
2.106974356711007772e+02
2.232243552765481809e+02
2.232903886379284017e+02
2.491562302287881039e+02
2.805994051230022706e+02
3.133321770801692310e+02
3.439387684897819213e+02
3.703685928989265790e+02
2.081308522443303559e+02
2.049655167092840884e+02
2.058008860212462423e+02
2.168992347158265659e+02
2.160781118844303137e+02
2.420292111957509462e+02
2.740483854581217429e+02
3.076193678194644576e+02
3.391492798121050214e+02
3.664790196888918103e+02
2.072904077554928506e+02
2.045161364506039092e+02
2.064945733173758526e+02
1.994183506332650779e+02
2.161911145850762921e+02
2.422736601590445957e+02
2.740836339122337222e+02
3.073187594148476478e+02
3.385449842638101359e+02
3.656791228717852391e+02
2.111785962695394687e+02
2.096976608458886631e+02
2.147632139209298430e+02
2.060016251746930607e+02
2.240609945476523421e+02
2.500551285415022278e+02
2.807672395813804656e+02
3.124762396642721001e+02
3.421858149317122297e+02
3.680449806796972894e+02
2.255033150800090596e+02
2.256422857260169224e+02
2.340461283178049996e+02
2.206024293337794120e+02
2.395738639482283361e+02
2.647290017232211312e+02
2.933509131696942518e+02
3.224508147248782848e+02
3.495997422360185851e+02
3.732635341795962631e+02
2.536752215701113471e+02
2.550438951868254946e+02
2.653767153439563344e+02
2.428883780592887263e+02
2.615493189668947025e+02
2.847908840479830701e+02
3.103919448863921957e+02
3.360497201746977680e+02
3.598898596066831601e+02
3.807052709681223064e+02
