5.344212090478051778e+02
5.319955740715444108e+02
5.295181316868719250e+02
5.272543928471254731e+02
5.254486685911534778e+02
5.242366133415055174e+02
5.309696603478271300e+02
5.309143963069018355e+02
5.310319029242369879e+02
5.312728900343632858e+02
5.332656581757239564e+02
5.305531240275271330e+02
5.278252332251787493e+02
5.253961908229208575e+02
5.235433183868022979e+02
5.297575967830300669e+02
5.294701880856592879e+02
5.294689157380015558e+02
5.296172644676405525e+02
5.298515302995754155e+02
5.323176390326642604e+02
5.293664389933703660e+02
5.264200940342847161e+02
5.238294416839581800e+02
5.218987509677729122e+02
5.282571378803979769e+02
5.279583285209838550e+02
5.279689267202097653e+02
5.281302978552062086e+02
5.283697127089853893e+02
5.316449042200554231e+02
5.285097635048583697e+02
5.253700368762428070e+02
5.225948847246506830e+02
5.276796739503525941e+02
5.267846576367248872e+02
5.263869056843158205e+02
5.263412471589172128e+02
5.264886825253620373e+02
5.267560216885311775e+02
5.312976004821738343e+02
5.280442015352997487e+02
5.247437966541298238e+02
5.217625665515162154e+02
5.265323151641042614e+02
5.254151672698512812e+02
5.248262244945079829e+02
5.246517576122096216e+02
5.247568560702259219e+02
5.250774533650907188e+02
5.313049326592330317e+02
5.280156752487752101e+02
5.246133212789579829e+02
5.214410235284407236e+02
5.257131527442155630e+02
5.243264208016463499e+02
5.234861442137711265e+02
5.231325606208519048e+02
5.231747839937620483e+02
5.235657535101381654e+02
5.316700652937864788e+02
5.284444428382151955e+02
5.250343052200508964e+02
5.274932114906315519e+02
5.253910781092382649e+02
5.237500106093417571e+02
5.226568296074560749e+02
5.221155433630908647e+02
5.220889577191388753e+02
5.225510122481659891e+02
5.323653204160974610e+02
5.293111074503899545e+02
5.260152090062406387e+02
5.279121141782394488e+02
5.256964813543198716e+02
5.238809600618653803e+02
5.225954823150888160e+02
5.219029515754406248e+02
5.218173862405440104e+02
5.223330838807396503e+02
5.333319095753720376e+02
5.305491872256166062e+02
5.274950499212069417e+02
5.288677102717847447e+02
5.266634229462068788e+02
5.247953169362718882e+02
5.234206315952782234e+02
5.226449769621822270e+02
5.225214462941105467e+02
5.230603118324975185e+02
5.344869571750365367e+02
5.320514725025450389e+02
5.293454548089057425e+02
5.302779393518241022e+02
5.282103800884802922e+02
5.264186416479300306e+02
5.250684309505032843e+02
5.242870580469866582e+02
5.241500978085485940e+02
5.246776206366214410e+02
