5.223895823635430133e+02
5.225807801897834679e+02
5.229375280364615719e+02
5.234370903986334724e+02
5.240279749631203003e+02
5.246399988970721324e+02
5.168736364958321019e+02
5.173292054282022718e+02
5.176172803999913867e+02
5.177294755535417607e+02
5.220675486926256781e+02
5.221875339771472682e+02
5.224655250704287255e+02
5.228825352613679343e+02
5.233929369748201452e+02
5.156379008540639006e+02
5.161693598258470956e+02
5.165915093499293107e+02
5.168722009398036334e+02
5.170045232677224476e+02
5.217180514027176059e+02
5.217356733720117745e+02
5.218943784261191468e+02
5.221816266608950627e+02
5.225622668477295747e+02
5.147230469335995622e+02
5.151620403686005147e+02
5.155283220464065153e+02
5.157958273942319920e+02
5.159584315053560886e+02
5.213669644937797329e+02
5.212613689746682439e+02
5.212726569299004495e+02
5.213964910724623678e+02
5.133193205181419216e+02
5.136299254185189511e+02
5.139471186107001586e+02
5.142387352036088259e+02
5.144864228566354996e+02
5.146846424844135299e+02
5.210472686913818734e+02
5.208120167539808563e+02
5.206653117263761033e+02
5.206115225311444874e+02
5.123472234414608693e+02
5.124839125876743537e+02
5.126624399484981041e+02
5.128667341129587385e+02
5.130874587769724258e+02
5.133200302620959974e+02
5.207933372094671540e+02
5.204373389429198369e+02
5.201408658350162568e+02
5.199162932323132509e+02
5.114574033847429746e+02
5.114209977426036176e+02
5.114588428728452527e+02
5.115713363127911180e+02
5.117588030590192147e+02
5.120183272378430956e+02
5.206349144827229338e+02
5.201803557112901899e+02
5.197586669941651962e+02
5.110238672097601693e+02
5.107507659545217393e+02
5.105605708596764885e+02
5.104703667820812143e+02
5.104956550875901371e+02
5.106461207742937631e+02
5.109211846846982894e+02
5.205920894001284296e+02
5.200702966537833163e+02
5.195592476350851712e+02
5.106925811593658295e+02
5.102962589583743807e+02
5.099856634353947129e+02
5.097920086038694762e+02
5.097430377508143806e+02
5.098564571986303235e+02
5.101343133086404009e+02
5.206720174147984608e+02
5.201184355320251598e+02
5.195590902755267280e+02
5.105972425709625782e+02
5.101234455139666579e+02
5.097337451978168588e+02
5.094687081188480420e+02
5.093644616774498104e+02
5.094445309189761701e+02
5.097133551791899890e+02
5.208677961139217132e+02
5.203170956880429685e+02
5.197498508345504433e+02
5.107287889791961675e+02
5.102236413613164814e+02
5.097974842788398178e+02
5.094953308865635222e+02
5.093574811547220520e+02
5.094106040387789562e+02
5.096608563779764154e+02
