1.098898742318564473e+03
1.098918861503576181e+03
1.098920852617844275e+03
1.098904942741938157e+03
1.098873720964491895e+03
1.098831534125700273e+03
1.106852050151175263e+03
1.106799944102596555e+03
1.106747148193379871e+03
1.106696511969222456e+03
1.099005852859515016e+03
1.099059618495953146e+03
1.099100470804761017e+03
1.099126905349967956e+03
1.099138722029799965e+03
1.107217188545113686e+03
1.107202780000277698e+03
1.107172531063184806e+03
1.107127564449936926e+03
1.107069484536574919e+03
1.099122786651379329e+03
1.099217391883045138e+03
1.099306190726587829e+03
1.099385514358836190e+03
1.099451605860728478e+03
1.107590215187921785e+03
1.107618250523587903e+03
1.107616824411320977e+03
1.107583426623945115e+03
1.107518033631114804e+03
1.099243021597643974e+03
1.099382783334583792e+03
1.099525140960577119e+03
1.099663983414348650e+03
1.107881735855705074e+03
1.107993202527683707e+03
1.108069746073936130e+03
1.108101752308792129e+03
1.108082568836204700e+03
1.108010296410300498e+03
1.099357555363805886e+03
1.099542804458724277e+03
1.099739519896763795e+03
1.099939091649877810e+03
1.108220751364359103e+03
1.108391674928693192e+03
1.108518217486868480e+03
1.108585031556131526e+03
1.108581202867656884e+03
1.108502890511192163e+03
1.099455805743733663e+03
1.099682330283131932e+03
1.099928737685769875e+03
1.100184118168527675e+03
1.108520859828830226e+03
1.108746644909719180e+03
1.108919567547119414e+03
1.109018968918744804e+03
1.109029986083408858e+03
1.108946970059047089e+03
1.099527137200387870e+03
1.099786356434926347e+03
1.100072560735681009e+03
1.108447655417445048e+03
1.108750380565704745e+03
1.109020735567024758e+03
1.109231620963685828e+03
1.109358035416589018e+03
1.109381885545434216e+03
1.109296031792580379e+03
1.099562736988969164e+03
1.099842626149048556e+03
1.100154630843786663e+03
1.108550848842224013e+03
1.108884324891997494e+03
1.109184561136438788e+03
1.109421303676510888e+03
1.109566599629156144e+03
1.109600154162149011e+03
1.109513793120766422e+03
1.099557391182012680e+03
1.099844002458813520e+03
1.100165528186228357e+03
1.108562955687856402e+03
1.108908860513324498e+03
1.109221888268529028e+03
1.109470375919529488e+03
1.109625042319566546e+03
1.109664589488949559e+03
1.109580337799714925e+03
1.099510669823378521e+03
1.099789952183705054e+03
1.100104585124127425e+03
1.108483810344031099e+03
1.108823712618281661e+03
1.109132330224561883e+03
1.109378354491301479e+03
1.109532814745023416e+03
1.109574617299879492e+03
1.109495107442096469e+03
