1.328446828628254472e+01
1.338093129694232530e+01
1.351005079598076364e+01
1.366494129853191275e+01
2.576985370419229326e+01
2.627715559616896712e+01
2.679259646656450755e+01
2.729112646055516933e+01
2.774436664316346679e+01
2.812401803761374808e+01
1.305324957002365416e+01
1.314644373632653895e+01
1.328122870356120799e+01
1.345050985564197710e+01
2.534352393794223701e+01
2.585920552350678037e+01
2.638039973380491432e+01
2.689590995981981436e+01
2.738478550657540467e+01
2.781796567697748301e+01
1.276277883796803536e+01
1.284617221047754043e+01
1.298175829757761157e+01
1.316212840388117478e+01
2.502141843776585617e+01
2.551394952793854287e+01
2.600212134483673054e+01
2.649614771824605342e+01
2.698901073856112731e+01
2.745457803798951346e+01
1.242096021019256114e+01
1.248871057260441297e+01
1.262102578118605045e+01
1.280976222831909261e+01
2.478997612090618929e+01
2.523959649729903632e+01
2.566755104425354261e+01
2.611006837144685733e+01
2.657936070258647732e+01
2.705627007161982434e+01
1.204485651009772518e+01
1.209249103958528160e+01
1.221869436033129652e+01
1.241388002375943600e+01
2.458071266191004156e+01
2.498778824821656741e+01
2.535160003071527157e+01
2.573366080114758248e+01
2.616718458180928053e+01
2.664295905945125753e+01
1.166038517809575836e+01
1.168486674058033259e+01
1.180296772151445772e+01
2.378228992791238738e+01
2.429738433066404824e+01
2.468280264435236404e+01
2.500533604520842346e+01
2.534503007200672542e+01
2.575277537484890189e+01
2.622961966826698799e+01
1.129999532366288584e+01
1.129912580691119928e+01
1.140676916008666808e+01
2.332529874895614341e+01
2.386334951070966426e+01
2.426049091879335151e+01
2.458444878146089962e+01
2.492237362216624419e+01
2.533460048955321398e+01
2.582936768258629812e+01
1.099842136418898875e+01
1.097000057713498933e+01
1.106300095108362669e+01
2.269985257866856543e+01
2.326703638512500305e+01
2.370867793864689332e+01
2.408178140855894611e+01
2.446712112729839461e+01
2.492333877515902429e+01
2.546019086419681088e+01
1.078727618464683502e+01
1.072881663530384522e+01
2.135253405656959202e+01
2.199712471500962607e+01
2.258526155420236847e+01
2.308983477363853254e+01
2.354721106698041311e+01
2.401927884235237087e+01
2.455195451506460103e+01
2.515021239132780906e+01
1.068968988925355035e+01
1.059934713227220016e+01
2.082566194593072595e+01
2.138797956674436662e+01
2.197164431476482349e+01
2.253321058420527123e+01
2.308266738814218400e+01
2.365446216442011362e+01
2.427386458056944107e+01
2.493628196698680100e+01
