1.386733618960058038e+03
1.387294829439720388e+03
1.387918730069049616e+03
1.388583023229738274e+03
1.389250901052561858e+03
1.389872683554575815e+03
1.383399869154326552e+03
1.383807922666303739e+03
1.384042752752037131e+03
1.384070190704398328e+03
1.388034964096352724e+03
1.389024868739107433e+03
1.390146545447342760e+03
1.391354288390282363e+03
1.392574348954702600e+03
1.386585042617092540e+03
1.387537316559344390e+03
1.388229805736648814e+03
1.388580419807639601e+03
1.388539857993931264e+03
1.389574547426930167e+03
1.391074807744417285e+03
1.392789320750341176e+03
1.394644708366292889e+03
1.396523296276247265e+03
1.391056852813740761e+03
1.392511486231233448e+03
1.393543759690094930e+03
1.394030641361683365e+03
1.393904538424416614e+03
1.391261383180661596e+03
1.393320059204934978e+03
1.395683221989643243e+03
1.398247646764731599e+03
1.393600345020063287e+03
1.395991465820071198e+03
1.398000188450640962e+03
1.399407649929990839e+03
1.400044481339994263e+03
1.399822337307073667e+03
1.392963968042113265e+03
1.395583069131812863e+03
1.398596984784020606e+03
1.401873067358985281e+03
1.397916928004124429e+03
1.400984313884522635e+03
1.403553651053520070e+03
1.405341426146997037e+03
1.406130109540616104e+03
1.405809660657140512e+03
1.394525262309601430e+03
1.397654184692228228e+03
1.401259685430888794e+03
1.405182848786638033e+03
1.401884073500543764e+03
1.405569215601135966e+03
1.408651742646772391e+03
1.410787785161227021e+03
1.411714577340305368e+03
1.411301662556229530e+03
1.395784834575148125e+03
1.399321398778849243e+03
1.403399404652333033e+03
1.400654416087667187e+03
1.405104622136370608e+03
1.409285020901571897e+03
1.412779026530321744e+03
1.415193288720814053e+03
1.416227850767553264e+03
1.415735625837691941e+03
1.396604568778281873e+03
1.400404079627473948e+03
1.404786335115213205e+03
1.402454418077081982e+03
1.407245742809933290e+03
1.411746079449633726e+03
1.415504798700641686e+03
1.418095601004952414e+03
1.419193841623083017e+03
1.418641797720536033e+03
1.396892936304893055e+03
1.400784239649352003e+03
1.405272147617603196e+03
1.403179638252409632e+03
1.408092023394784519e+03
1.412704568754338652e+03
1.416553704831400410e+03
1.419200334845424550e+03
1.420310488536344792e+03
1.419723186385717327e+03
1.396622204912121788e+03
1.400428253286108429e+03
1.404816823497486666e+03
1.402775252803597823e+03
1.407581745088326898e+03
1.412092320362692135e+03
1.415852405889686906e+03
1.418431175259757083e+03
1.419501409300599789e+03
1.418906527118428812e+03
