1.466780996014047332e+03
1.416864294762809322e+03
1.371123696488007909e+03
1.346897451874588796e+03
1.381524304881004127e+03
1.502762578512880282e+03
1.677360131836012897e+03
1.911621104910438589e+03
2.151094419643827678e+03
2.368595478371987610e+03
1.471621066570950916e+03
1.418633763536921379e+03
1.374206372261522120e+03
1.355292845015346074e+03
1.396632586809207169e+03
1.504794540469881213e+03
1.696748421563424927e+03
1.928916254031734979e+03
2.164843331783971735e+03
2.378457817174458341e+03
1.507250671548220225e+03
1.450178855140890391e+03
1.412839436646213471e+03
1.409930732841822874e+03
1.467799643272763888e+03
1.581304912097853276e+03
1.770085883396270674e+03
1.991701338264332435e+03
2.214386815623766779e+03
2.415255402376120855e+03
1.596321246104726924e+03
1.537507112001246242e+03
1.510662887660820616e+03
1.526477906637762999e+03
1.583908159385157660e+03
1.713196836671082792e+03
1.891441880129340916e+03
2.093767930929897375e+03
2.294568249417206516e+03
2.475171095820528990e+03
1.751049551103121757e+03
1.695176338232543458e+03
1.678679705181927375e+03
1.707800637330566133e+03
1.766866164486404159e+03
1.890266012385106023e+03
2.049605044324711344e+03
2.225330065166202075e+03
2.397898735816843782e+03
2.552939523235714660e+03
1.960109790384012285e+03
1.911330805249788682e+03
1.902501881414458467e+03
1.936440443485785863e+03
1.985891880976020275e+03
2.094619509937915609e+03
2.228868589596466791e+03
2.373770014013785840e+03
2.514981716341148967e+03
2.641961684404545395e+03
2.195618659030125855e+03
2.155943997112622583e+03
2.151691930087886703e+03
2.154336664425120489e+03
2.216269955413914886e+03
2.305265221712809762e+03
2.412010291703553776e+03
2.525512382506502036e+03
2.635583067601547100e+03
2.734812267248033550e+03
2.427947452112686733e+03
2.397470495657370520e+03
2.395508800453791537e+03
2.386357495560695043e+03
2.435229388571916388e+03
2.503460016361153066e+03
2.583810200396307664e+03
2.668402849074570895e+03
2.750225053579823907e+03
2.824269292872660571e+03
2.635155441798994161e+03
2.612851323339103146e+03
2.611852911407836473e+03
2.590853591300847711e+03
2.626758504658113452e+03
2.676073965989760836e+03
2.733498981597646434e+03
2.793588033640263802e+03
2.851669376951087997e+03
2.904481485492907268e+03
2.805521011994939272e+03
2.789895581257410413e+03
2.789227680212080031e+03
2.758010253313492285e+03
2.782785044231462052e+03
2.816532188591175327e+03
2.855582408309591756e+03
2.896317481333520846e+03
2.935730688210164317e+03
2.971770540671644994e+03
