8.414429434255755496e+02
8.376443951178214320e+02
8.342857279648573012e+02
8.315194093756314260e+02
8.294982477167691286e+02
8.283833364740017942e+02
8.152559661932970130e+02
8.161764770237475659e+02
8.182920249549557639e+02
8.214939543953089469e+02
8.344551822871080731e+02
8.299788997405579494e+02
8.260388866880792875e+02
8.227990360146396824e+02
8.204388510079536445e+02
8.071852634082038094e+02
8.068758341146020712e+02
8.079599233745842639e+02
8.104902965360696498e+02
8.143424832009357033e+02
8.275244086003542634e+02
8.224571801640142894e+02
8.179816255934676974e+02
8.142641265917978899e+02
8.115202013144549937e+02
7.991202077661052954e+02
7.986920449305754346e+02
7.998978303737961824e+02
8.028166683645235935e+02
8.073052070597580041e+02
8.213312698061798756e+02
8.158366479301971594e+02
8.109195563505168138e+02
8.067364945429632144e+02
7.940834385762811962e+02
7.919075929563560976e+02
7.912946255826359447e+02
7.925611208285594103e+02
7.958140607642906161e+02
8.008854675911695722e+02
8.164946858249078332e+02
8.107898654867975665e+02
8.055654398459372487e+02
8.009548776204333080e+02
7.886947312507203378e+02
7.861202165418991399e+02
7.852662194702757006e+02
7.865306699725568933e+02
7.900453842984790072e+02
7.956100164850724923e+02
8.133843301582854792e+02
8.076928071981624271e+02
8.023168467022710502e+02
7.973576082261951115e+02
7.851668166831609597e+02
7.822052927038321286e+02
7.810991236473093977e+02
7.823235711223532007e+02
7.860260880343015515e+02
7.919663902861681208e+02
8.120226096486056804e+02
8.065201393690061877e+02
8.011474534600049537e+02
7.881449678587125618e+02
7.836661070593529530e+02
7.804192293792448254e+02
7.791279579475766468e+02
7.803239702416649379e+02
7.841545189141937726e+02
7.903351351540901533e+02
8.121482831797205790e+02
8.069286300062475448e+02
8.016960230059969490e+02
7.887093996069501145e+02
7.841486536851132314e+02
7.808190714229182277e+02
7.794972867329582868e+02
7.807326589511685597e+02
7.846515130827872326e+02
7.909272386896494709e+02
8.134154488316397646e+02
8.084944931020038439e+02
8.035154130761361557e+02
7.908197500559263062e+02
7.864465998578136805e+02
7.833071197880914269e+02
7.821671807470052045e+02
7.835437047758591689e+02
7.875210084177031149e+02
7.937401562834826336e+02
8.156048749071874227e+02
8.109600497355136213e+02
8.063291894392914401e+02
7.942767662687033408e+02
7.903661756699291345e+02
7.876914235395063315e+02
7.869398389960246050e+02
7.885471789594830625e+02
7.925405424992989083e+02
7.985454346032348667e+02
