8.929563073747156068e+02
8.876190606160536163e+02
8.866105422088055548e+02
8.900598589834364702e+02
8.978981190126618230e+02
9.096678888705509962e+02
8.951754091636282737e+02
9.086439235321957995e+02
9.225576140991267948e+02
9.359226387710000381e+02
8.641479319905906777e+02
8.580712767963490251e+02
8.563165323491265326e+02
8.592298218872628013e+02
8.671838749105367015e+02
8.579480539557092698e+02
8.716494696811837457e+02
8.877762394557710195e+02
9.048381553824975754e+02
9.214499405779712333e+02
8.410953977854487675e+02
8.346411818540108243e+02
8.318139569470706647e+02
8.332728379927112883e+02
8.401010762650741981e+02
8.346934108846245408e+02
8.493716903553996644e+02
8.675845116740997582e+02
8.874681814138687059e+02
9.071724907949953831e+02
8.258543197115919838e+02
8.194236858665248064e+02
8.153142800866230573e+02
8.145503317754707950e+02
8.069388188211827355e+02
8.155874544004557265e+02
8.303025575845990716e+02
8.498329759768860185e+02
8.719553736746562436e+02
8.943217720396422692e+02
8.179903146373140999e+02
8.118610868774513847e+02
8.065132396007132911e+02
8.033102597834988501e+02
7.949701670107566542e+02
8.018510156607100043e+02
8.159379416749029588e+02
8.360755644285349035e+02
8.597409798895455424e+02
8.841288542761731151e+02
8.150234769715034417e+02
8.092368867912912265e+02
8.030020669784952361e+02
7.979176521807049767e+02
7.884177977798607344e+02
7.937727015451674788e+02
8.071315115749654296e+02
8.274452477419883962e+02
8.519930546388317225e+02
8.776429493990488027e+02
8.141868512984733570e+02
8.085625967297581838e+02
8.020360475533856288e+02
7.883826818064652571e+02
7.863316189809108891e+02
7.911363545289676722e+02
8.042301928261828152e+02
8.246065130706149375e+02
8.494731667568541980e+02
8.755778783320547518e+02
8.143326467029742162e+02
8.086030378677336330e+02
8.024727326866047861e+02
7.895128677877850123e+02
7.882915327199835929e+02
7.938189469687819155e+02
8.073432202238153650e+02
8.278026336447683207e+02
8.524683005720509072e+02
8.782039742955992097e+02
8.167250366553189451e+02
8.107132343289021037e+02
8.055769497848863239e+02
7.940139253372665280e+02
7.948248756590120365e+02
8.020455280772697506e+02
8.164535445080309728e+02
8.368686221208187135e+02
8.607527165527640136e+02
8.852931336257736348e+02
8.242170557218047406e+02
8.179670719348752073e+02
8.141741859392743663e+02
8.036328259629489139e+02
8.069348515445326484e+02
8.160746764816154837e+02
8.312454494986440068e+02
8.511600945557859177e+02
8.735740987106864850e+02
8.961302781506708470e+02
