3.474695673945846920e+03
2.972402350928343367e+03
2.412054866030918674e+03
1.846122147781438116e+03
1.352515945542673308e+03
1.022914567764552885e+03
9.898922746280820775e+02
1.015933371617136117e+03
1.102181409116422628e+03
1.284911255312662433e+03
3.429521665904409474e+03
2.913094918616429823e+03
2.336680369306262037e+03
1.754031080362736702e+03
1.247237602856437888e+03
9.657741986139021719e+02
8.791201982396393078e+02
9.251270140446529240e+02
1.012658033955224596e+03
1.189345778305362501e+03
3.453048064456340853e+03
2.947831679180556876e+03
2.382829010037701664e+03
1.808109327748488568e+03
1.298336636397608345e+03
9.733389007523065857e+02
8.430484192713521452e+02
8.736938122356885970e+02
9.814331381108729602e+02
1.196627170472236003e+03
3.541425364100040042e+03
3.071230501926579564e+03
2.544064118284280994e+03
2.003317165901594763e+03
1.551394042931635113e+03
1.164972632159822979e+03
9.669640611288091350e+02
9.541292160394052644e+02
1.083808670468030414e+03
1.349266870285121740e+03
3.681344016108706910e+03
3.264806013706560861e+03
2.796710442378000153e+03
2.313060841543579045e+03
1.918821392678547227e+03
1.546878561186446404e+03
1.324963638871269495e+03
1.280614570188949529e+03
1.407062475905283918e+03
1.682205187052197061e+03
3.853542765763002990e+03
3.501935798488598721e+03
3.106205474074348331e+03
2.695383665995051615e+03
2.383310799027553003e+03
2.057614779275547789e+03
1.853802910821578280e+03
1.803361287785250624e+03
1.911355741298489193e+03
2.158192533135948452e+03
4.037456834443618845e+03
3.754339659572873643e+03
3.435633710741666619e+03
3.208634053112795755e+03
2.884557787606079728e+03
2.619744318414511326e+03
2.452369650240232204e+03
2.409268991737006672e+03
2.497088232428220181e+03
2.701063609290501518e+03
4.215270254397812096e+03
3.997593244076401334e+03
3.752950105549399268e+03
3.618802670889927867e+03
3.370769687943399731e+03
3.168801943371749076e+03
3.041972913737547515e+03
3.010664697912934571e+03
3.080286595382676751e+03
3.239990022731491536e+03
4.374318468943758489e+03
4.214369330468287444e+03
4.035287640307232778e+03
3.985079968159390774e+03
3.805257816162341442e+03
3.660213183120539725e+03
3.570735911024664802e+03
3.551152579871054513e+03
3.605140703816021414e+03
3.724823883640975964e+03
4.507679515765124052e+03
4.395263539989063247e+03
4.270182551331288778e+03
4.291459567132239499e+03
4.167880968201047835e+03
4.069696178081735070e+03
4.010884611400327231e+03
4.000839606462915071e+03
4.041722235841189104e+03
4.127911291501523920e+03
