1.348213868401349600e+03
1.351836698340460543e+03
1.356066182013177240e+03
1.360677249056681603e+03
1.365261094776299387e+03
1.369256803193402448e+03
1.381110824453055102e+03
1.382173172837884294e+03
1.381257201363693866e+03
1.378453699950803639e+03
1.349505329936403768e+03
1.353548154269604993e+03
1.358263075547148446e+03
1.363399727277531383e+03
1.368507695442242039e+03
1.382073599990156254e+03
1.385213146928586639e+03
1.386463825138607262e+03
1.385541287965849961e+03
1.382534524430754573e+03
1.350086519422658512e+03
1.354297286235771708e+03
1.359195859352180150e+03
1.364521792125564389e+03
1.369812870620718741e+03
1.383549918140644877e+03
1.386823532723006338e+03
1.388167885563986374e+03
1.387289584953172835e+03
1.384270304290975901e+03
1.349878059837673845e+03
1.353986827163503449e+03
1.358751160343896117e+03
1.363917329921462169e+03
1.378124665897780005e+03
1.382611987024258951e+03
1.385796307159224625e+03
1.387135407272840894e+03
1.386346426938076775e+03
1.383498920919259490e+03
1.348930695425044405e+03
1.352696754558552357e+03
1.357049045869192696e+03
1.361756006840390683e+03
1.375455821628895592e+03
1.379538343181299069e+03
1.382447143350337910e+03
1.383696468933481583e+03
1.383028956249337853e+03
1.380498804493341368e+03
1.347404153419000977e+03
1.350650100745778445e+03
1.354390695930437232e+03
1.358428213593377905e+03
1.371400569793966270e+03
1.374902348992731959e+03
1.377408878529593494e+03
1.378507967081033939e+03
1.377976841277822359e+03
1.375853269102914510e+03
1.345523015717717726e+03
1.348150030521811914e+03
1.351171804145249780e+03
1.363329224013311887e+03
1.366566390450276685e+03
1.369400147683752493e+03
1.371439854723569397e+03
1.372353147870828934e+03
1.371955836507446975e+03
1.370270461787855766e+03
1.343526110081031447e+03
1.345512103570235922e+03
1.347795117603470999e+03
1.359092366420283042e+03
1.361545962030732653e+03
1.363700852050353660e+03
1.365261993776946383e+03
1.365975182129596533e+03
1.365695281840722146e+03
1.364432633717914769e+03
1.341623418436732436e+03
1.343009659237687401e+03
1.344604148398586403e+03
1.355102893309242518e+03
1.356829243595765092e+03
1.358352274642071961e+03
1.359463286835996541e+03
1.359979477918342127e+03
1.359792939188551372e+03
1.358905744569710578e+03
1.339968296248066281e+03
1.340840382385773410e+03
1.341845103681768251e+03
1.351659079118998534e+03
1.352761203727969360e+03
1.353739200686757158e+03
1.354457419093242152e+03
1.354794499690018029e+03
1.354676115994222982e+03
1.354099873891102106e+03
