1.449516926415255284e+03
1.444042459029456040e+03
1.438861004334114114e+03
1.434294595349351994e+03
1.430816681620959571e+03
1.428906131174870325e+03
1.441472420461393995e+03
1.444445924293670942e+03
1.449293065956004739e+03
1.455614919606928197e+03
1.443466954000233500e+03
1.437546964809117753e+03
1.431704549217392241e+03
1.426358823650927889e+03
1.422182991365643375e+03
1.430636677601300562e+03
1.431538533598920594e+03
1.435019693960173754e+03
1.440718503996490199e+03
1.448073995396481450e+03
1.439752102081332851e+03
1.433662765602704212e+03
1.427326105263377940e+03
1.421263087851861428e+03
1.416372381292694854e+03
1.423700267648125191e+03
1.424503726048239059e+03
1.428328272283996284e+03
1.434687650714387473e+03
1.442850072108469931e+03
1.438328138494314999e+03
1.432329719899184283e+03
1.425733302485736203e+03
1.419148189169365196e+03
1.422925749932021517e+03
1.420240624997507894e+03
1.420897285764966227e+03
1.424922044046666997e+03
1.431716050937753153e+03
1.440396226964835705e+03
1.438590238340393171e+03
1.432873782428937602e+03
1.426302791957016552e+03
1.419540306050633717e+03
1.423021089492348665e+03
1.420116108032090096e+03
1.420733046253138582e+03
1.424891768013959791e+03
1.431910635243801607e+03
1.440805574645051138e+03
1.439784050355602631e+03
1.434454346074747718e+03
1.428211740654493951e+03
1.421722108026933256e+03
1.425541786252753354e+03
1.422858894419386843e+03
1.423675730130321881e+03
1.427980178159869183e+03
1.435050633529250035e+03
1.443874907807967247e+03
1.441482724479760009e+03
1.436581205035638050e+03
1.430942734543006736e+03
1.434499952032833107e+03
1.429982979196365704e+03
1.427993493235174128e+03
1.429274023190243724e+03
1.433754745150144799e+03
1.440721963204765188e+03
1.449213990537634345e+03
1.443805917530075476e+03
1.439352893795300815e+03
1.434521186804788840e+03
1.439476780762830003e+03
1.436171957145747228e+03
1.435197644109092153e+03
1.437093251795541846e+03
1.441718729364027240e+03
1.448412401190321134e+03
1.456328501379855425e+03
1.447239059883264417e+03
1.443266053348446121e+03
1.439339156398654950e+03
1.446089938290785767e+03
1.444125750875055019e+03
1.444221837898026024e+03
1.446686088974643098e+03
1.451316094152225787e+03
1.457535139549733913e+03
1.464652201995980249e+03
1.452200622314621569e+03
1.448754999288958061e+03
1.445721541294279177e+03
1.454507345527094913e+03
1.453725081256974818e+03
1.454682949386369273e+03
1.457484027230148513e+03
1.461888788600862199e+03
1.467423215879333384e+03
1.473559951102530476e+03
