2.200554951201612766e+03
2.195611896802085539e+03
2.190710462567047216e+03
2.186329126552166144e+03
2.182920099330426183e+03
2.180795308530337479e+03
2.173918384175510255e+03
2.174682454238823993e+03
2.176677557383240583e+03
2.179721884161851904e+03
2.197604549367157233e+03
2.192170779262731230e+03
2.186844988637951246e+03
2.182197135043870276e+03
2.178744445228300719e+03
2.170469475203118691e+03
2.170204358524478266e+03
2.171385056276231353e+03
2.173749710585794219e+03
2.177049730615095541e+03
2.195343945216427983e+03
2.189549587769246500e+03
2.183923979627629706e+03
2.179112517133367419e+03
2.175688157638644952e+03
2.167634803481460494e+03
2.167740673073646576e+03
2.169334832429246035e+03
2.172048349086862800e+03
2.175560196696009370e+03
2.193829711446761848e+03
2.187802591892805140e+03
2.181981936479954584e+03
2.177059461801790349e+03
2.167302070647428536e+03
2.165806581955533602e+03
2.166176419873860596e+03
2.168080891637373497e+03
2.171071472160876510e+03
2.174763123604865086e+03
2.193133893689029719e+03
2.187001951663934051e+03
2.181077946976733529e+03
2.176061467674862342e+03
2.166353211052033203e+03
2.164846400626603099e+03
2.165269563258979360e+03
2.167286270232300922e+03
2.170419508573198982e+03
2.174245307849154415e+03
2.193371728438667560e+03
2.187275881169236072e+03
2.181350403762680799e+03
2.176262143942045896e+03
2.166576663207418278e+03
2.164873361980931350e+03
2.165102536208801666e+03
2.166984390528649328e+03
2.170074961696502669e+03
2.173948995458583795e+03
2.194657652680720730e+03
2.188760741720837814e+03
2.182967017495561322e+03
2.172019587900828810e+03
2.168248884730081954e+03
2.166227414075342949e+03
2.166065982283355424e+03
2.167588188138720852e+03
2.170436802022760276e+03
2.174225540764153266e+03
2.197016530920220248e+03
2.191496203352158773e+03
2.186000132751995352e+03
2.175458643198494428e+03
2.171593117643157711e+03
2.169249746331413007e+03
2.168618140582832893e+03
2.169643177372593982e+03
2.172084956069469627e+03
2.175627482581019649e+03
2.200313556680467627e+03
2.195338212792081777e+03
2.190315446020797935e+03
2.180384916136913489e+03
2.176579491406671423e+03
2.174028883459478493e+03
2.172980129998101802e+03
2.173487188403146774e+03
2.175429424300897153e+03
2.178575755272388051e+03
2.204252615969825911e+03
2.199951038817113385e+03
2.195550957631693564e+03
2.186402802399883058e+03
2.182846869757613604e+03
2.180274677369417532e+03
2.178958323987970289e+03
2.179028184804809825e+03
2.180461474998540325e+03
2.183109087282871315e+03
