1.416422058827597994e+03
1.382949760049056749e+03
1.370664302150768890e+03
1.380712181828195298e+03
1.412187061199714890e+03
1.462006097207435232e+03
1.028403841254296367e+03
1.034323472536136705e+03
1.040927666129394083e+03
1.047639012522041185e+03
1.289875005094526159e+03
1.251225469485220856e+03
1.237163060086979613e+03
1.248400551340535230e+03
1.284561093609349200e+03
1.012392871478797474e+03
1.017684667191373137e+03
1.024638487256877397e+03
1.032612329842836061e+03
1.040853308659339973e+03
1.175709017691491226e+03
1.136245175590434201e+03
1.122126624284555646e+03
1.132782722356082786e+03
1.169216878153059724e+03
1.002509717795743882e+03
1.007943477338202797e+03
1.015551881197990724e+03
1.024633021634749184e+03
1.034250247997554425e+03
1.089393131370860829e+03
1.054986008870067508e+03
1.043100623702544681e+03
1.050938287503403899e+03
9.926481467702095642e+02
9.949591226101274515e+02
1.000054494886263683e+03
1.007869980442191149e+03
1.017688030946871663e+03
1.028397952918795909e+03
1.037552249623716534e+03
1.012467878738436184e+03
1.004402211278884920e+03
1.008003505996037006e+03
9.886528544249874813e+02
9.900564295468826685e+02
9.945148888173481510e+02
1.002189129188831998e+03
1.012381116404004501e+03
1.023836765031325058e+03
1.014456178891219110e+03
9.982141767263990459e+02
9.936597015833672231e+02
9.935433870937395113e+02
9.869311665512716445e+02
9.875625529519790007e+02
9.914135454449655072e+02
9.988284461455748442e+02
1.009140121890235150e+03
1.021000851279737844e+03
1.008778812008910108e+03
9.961392188000684200e+02
9.930008366550430310e+02
9.883970819766027489e+02
9.867124707286410512e+02
9.870345089805919088e+02
9.906240466432915355e+02
9.978986781402778661e+02
1.008207622991831045e+03
1.020172040219581049e+03
1.014973776990307670e+03
9.988282998466108893e+02
9.943409579986937388e+02
9.890687479748331725e+02
9.876465191030528104e+02
9.882596032865772031e+02
9.920687689436833807e+02
9.994261854378257794e+02
1.009671116759620759e+03
1.021460318305465080e+03
1.038537645984732762e+03
1.013648464315354090e+03
1.005721359154200286e+03
9.908049945979375934e+02
9.900645701678854493e+02
9.914453831096160457e+02
9.958345402236604968e+02
1.003406336026326471e+03
1.013473985637847704e+03
1.024791812705718939e+03
1.090739227059212908e+03
1.056614548118340053e+03
1.044936840868229865e+03
9.945930652788375710e+02
9.947110961084950986e+02
9.970174883299414432e+02
1.002040014180620005e+03
1.009729413782421943e+03
1.019381662119332077e+03
1.029897438481818426e+03
