1.007170656316758823e+03
1.005364083835963697e+03
1.003191120729422209e+03
1.000753855687656596e+03
9.982330283014348424e+02
9.934005707033956014e+02
9.914660921564021692e+02
9.902001945478610878e+02
9.897680595491057147e+02
9.902251851005119079e+02
1.006319324682643810e+03
1.004251683209954308e+03
1.001774355518873790e+03
9.990018069340695774e+02
9.961376603323056997e+02
9.910413109626260848e+02
9.888566425552147621e+02
9.874319517292110504e+02
9.869548301190411621e+02
9.874887191192871114e+02
1.005488381166328509e+03
1.003186302372474643e+03
1.000440412427813385e+03
9.973759544829025572e+02
9.942158296397159347e+02
9.889177261487787973e+02
9.865228984699349439e+02
9.849668972591531428e+02
9.844564215085523529e+02
9.850619686313297052e+02
1.004737066820766472e+03
1.002242387177461751e+03
9.992812007703948893e+02
9.959874739375151194e+02
9.903100230493139406e+02
9.871772829048226185e+02
9.846260181887595309e+02
9.829746247934250505e+02
9.824442830737261829e+02
9.831111399988593575e+02
1.004131608574614347e+03
1.001501223509179113e+03
9.983942253075881581e+02
9.949506998219162597e+02
9.892123504346523077e+02
9.859599736481385435e+02
9.833162123125697462e+02
9.816111925612942741e+02
9.810749493992308317e+02
9.817874050523975029e+02
1.003736036356322415e+03
1.001040256096373810e+03
9.978705058843788720e+02
9.943697485762930910e+02
9.886672075402946120e+02
9.853821689232804601e+02
9.827163607619906998e+02
9.810028186832632855e+02
9.804741697463636001e+02
9.812118685582796616e+02
1.003599917419422241e+03
1.000918538192212964e+03
9.977780620025091594e+02
9.922247857237071003e+02
9.887444810074276802e+02
9.855180694709097224e+02
9.829035410771051602e+02
9.812277661599727026e+02
9.807194194383845343e+02
9.814590208254055597e+02
1.003746833391515793e+03
1.001162753104021021e+03
9.981457720490176371e+02
9.927831434921769187e+02
9.894606463131191276e+02
9.863832561801726797e+02
9.838923629930436618e+02
9.822997474469491408e+02
9.818236631595561903e+02
9.825411935214714276e+02
1.004167921110391376e+03
1.001759086620369317e+03
9.989536302975419630e+02
9.938444939574383170e+02
9.907707595395173712e+02
9.879257238107217063e+02
9.856252316968067362e+02
9.841576796051012934e+02
9.837249217904565057e+02
9.843982949505833631e+02
1.004822952673945224e+03
1.002654218243095897e+03
1.000133454338193133e+03
9.953214862424275680e+02
9.925717096473555330e+02
9.900282805447368446e+02
9.879738510043696351e+02
9.866664031305009530e+02
9.862863972515850719e+02
9.868975392371734188e+02
