1.000422408965290970e+03
9.990666176047581075e+02
9.975203076316676061e+02
9.958386664600371887e+02
9.941487961119622696e+02
9.899834889654938479e+02
9.888120307554031569e+02
9.881893809490975400e+02
9.882148544589090307e+02
9.888956459200530844e+02
9.997970360084507320e+02
9.982628379841632977e+02
9.965134724985708772e+02
9.946140504601148677e+02
9.927077266654995356e+02
9.883902215444929880e+02
9.870686658099081114e+02
9.863574166714762441e+02
9.863683053549070792e+02
9.871118236315473951e+02
9.992920960272334696e+02
9.975923155315199438e+02
9.956618384372283117e+02
9.935767412738225630e+02
9.914928694752513820e+02
9.870729190746983477e+02
9.856326194268419840e+02
9.848493302561694236e+02
9.848446770792278357e+02
9.856334123518954584e+02
9.989624369461793094e+02
9.971246292728033040e+02
9.950483132929390422e+02
9.928202162878428680e+02
9.881334296283364438e+02
9.861309368305942371e+02
9.846041481894744720e+02
9.837638054839233064e+02
9.837387815256121257e+02
9.845490963163966853e+02
9.988591818397474071e+02
9.969269831245333080e+02
9.947531589965900594e+02
9.924330851356156700e+02
9.877168406544366235e+02
9.856485890531988616e+02
9.840649873284905880e+02
9.831791049245522345e+02
9.831249554085197815e+02
9.839286208914322742e+02
9.990107458392245690e+02
9.970409018847561811e+02
9.948283081711867908e+02
9.924735260582107230e+02
9.877696739452576367e+02
9.856779259830834690e+02
9.840654093412146040e+02
9.831440008752673521e+02
9.830509745365154686e+02
9.838187286935858538e+02
9.994106453624469850e+02
9.974665353614226433e+02
9.952796299834246838e+02
9.905972362301499743e+02
9.882986237475903408e+02
9.862268783896048490e+02
9.846151029975419533e+02
9.836709372201312362e+02
9.835327725408360493e+02
9.842387730398293115e+02
1.000018412510935946e+03
9.981622780228587999e+02
9.960654761534161707e+02
9.914743618421028941e+02
9.892624936343672744e+02
9.872573520135156286e+02
9.856808270814900652e+02
9.847330104153771799e+02
9.845506038020827191e+02
9.851761108267135114e+02
1.000771616661082248e+03
9.990576948558365302e+02
9.971095778881428942e+02
9.926523538727526557e+02
9.905818860842457525e+02
9.886922178350354216e+02
9.871903228185846046e+02
9.862648464006077802e+02
9.860472932814603837e+02
9.865823779597748171e+02
1.001601613119102581e+03
1.000071388497581552e+03
9.983196679842460526e+02
9.940334817340472000e+02
9.921539900797056362e+02
9.904268340367160590e+02
9.890401522473302975e+02
9.881669244719405469e+02
9.879296298651182724e+02
9.883727291610941847e+02
