5.432693491470049452e+01
5.352304890830236417e+01
5.272421509804981810e+01
5.192663491058405612e+01
5.115703198996513379e+01
4.983886054670102084e+01
4.965562298389588847e+01
4.954879841811771257e+01
4.954137801060765156e+01
4.963959031810648526e+01
5.414224258968489067e+01
5.330049392312232470e+01
5.246322248948128220e+01
5.162387834155981636e+01
5.080613503493052718e+01
4.993066253932970255e+01
4.971510053514609240e+01
4.957440600895743188e+01
4.953544880242464643e+01
4.960789082568804531e+01
5.407861532946535732e+01
5.319893740350474332e+01
5.232750346327240720e+01
5.146032599093373250e+01
5.038088068276640286e+01
5.010602300579544277e+01
4.986483871952219715e+01
4.969472536983277422e+01
4.962489197267495911e+01
4.966777026014728591e+01
5.415911955459824867e+01
5.324619545871910731e+01
5.234751532799641183e+01
5.146683289000690564e+01
5.064849673570621746e+01
5.036062499549328919e+01
5.010094067893478353e+01
4.990666392356618530e+01
4.980778187904843435e+01
4.981864455968968031e+01
5.440572128764114268e+01
5.347328515728796816e+01
5.256043776947606716e+01
5.168225203006657154e+01
5.097882168431668504e+01
5.068461102606145374e+01
5.041287166395009223e+01
5.019938693683366182e+01
5.007365630831114345e+01
5.005112809842484722e+01
5.482570756793957401e+01
5.389729923458499172e+01
5.299070192694799886e+01
5.163458120280616725e+01
5.135480693263774299e+01
5.106015546959272200e+01
5.078184257292961945e+01
5.055350223629635309e+01
5.040333033236312588e+01
5.034723291624314356e+01
5.540166648021737217e+01
5.450735788126855397e+01
5.363278181954178336e+01
5.202066871535345882e+01
5.175057267669888716e+01
5.146087984432221418e+01
5.118090878252514386e+01
5.094188104372135228e+01
5.077029840953641582e+01
5.068210345708418174e+01
5.609053195679655346e+01
5.526106994393701655e+01
5.444525798822701290e+01
5.238872529398631883e+01
5.213380629537907396e+01
5.185434461833116160e+01
5.157769909755516125e+01
5.133266665971154907e+01
5.114394537490935022e+01
5.102726095792637295e+01
5.683200434151955704e+01
5.609281327053528798e+01
5.289114269237756361e+01
5.270587392841750329e+01
5.247115232196438939e+01
5.220720829318286604e+01
5.193934465019101765e+01
5.169397926511949493e+01
5.149400355926491812e+01
5.135474687710735253e+01
5.756209202619807286e+01
5.692921146843573155e+01
5.310388958671711634e+01
5.294506637367854296e+01
5.273468383975047402e+01
5.249134340058633796e+01
5.223811657251845730e+01
5.199902843422083976e+01
5.179513775805618536e+01
5.164118811627694328e+01
