9.883378306934982902e+02
9.827059957277826925e+02
9.761388722898899459e+02
9.689771597722149181e+02
9.617536584497149761e+02
9.557086394404907423e+02
9.503365442214692393e+02
9.468667246052445989e+02
9.456613189368056283e+02
9.468167193301115958e+02
9.863126718999438935e+02
9.801540704150868351e+02
9.730386857853970923e+02
9.653326177017901273e+02
9.575964382917304647e+02
9.511678360976040949e+02
9.454478499997790095e+02
9.417649932844088880e+02
9.405069505187251480e+02
9.417802354049445057e+02
9.847574106667204887e+02
9.782954142076054040e+02
9.708977120856436613e+02
9.629299649759892645e+02
9.549432555794192012e+02
9.483819292307847491e+02
9.424366500826422453e+02
9.385760140213014893e+02
9.372277160653030705e+02
9.385314623946942447e+02
9.837954223447599134e+02
9.772666659657182890e+02
9.698586572930976217e+02
9.619112589547660264e+02
9.548791521376514311e+02
9.474585329326242800e+02
9.414080296134858372e+02
9.374066406350999614e+02
9.359359668577062621e+02
9.371901303060841428e+02
9.834746428468797603e+02
9.770908517537800435e+02
9.699073098600084677e+02
9.622209829168136821e+02
9.555586036412761359e+02
9.482835560668215749e+02
9.422612887005678886e+02
9.381898486850967629e+02
9.366067565393107088e+02
9.377682054101732092e+02
9.837729221950638703e+02
9.776947453868243656e+02
9.709053708534626139e+02
9.636548945164529414e+02
9.575480936805795409e+02
9.505931826305870800e+02
9.447559554021602253e+02
9.407367312290003838e+02
9.391121934053560381e+02
9.401880320686261712e+02
9.846224600367796711e+02
9.789545168375231015e+02
9.726612330349885269e+02
9.674049598042525986e+02
9.605506498201417571e+02
9.540726931280835288e+02
9.485921011209376275e+02
9.447869828732649466e+02
9.432397243710679504e+02
9.442754146757438320e+02
9.859375634574055312e+02
9.807431169092998289e+02
9.749999360295936413e+02
9.705203892870905520e+02
9.643081809127839961e+02
9.584378511623066288e+02
9.534746577785039108e+02
9.500473696820511122e+02
9.487039664455033972e+02
9.497521165572974269e+02
9.876296106094715697e+02
9.829528435433390996e+02
9.777940510309394995e+02
9.741356885893391109e+02
9.686308903892146418e+02
9.634634447394397512e+02
9.591379637122259965e+02
9.562107193155986806e+02
9.551610337693246038e+02
9.562485618419500497e+02
9.896045702978241252e+02
9.854856834839457633e+02
9.809450599691623438e+02
9.781221671252985743e+02
9.733668294116824882e+02
9.689556583698674785e+02
9.653284890938073204e+02
9.629548944559245456e+02
9.622259383407438236e+02
9.633374891879805091e+02
