1.600145093939569961e+03
1.526280209686870876e+03
1.457506439528817054e+03
1.401247973877995264e+03
1.363691395365005519e+03
1.298126510320563739e+03
1.306537369530304886e+03
1.335985319602561731e+03
1.383451545983973574e+03
1.443671910965793813e+03
1.510175024852111619e+03
1.417551799217835196e+03
1.333127691981585258e+03
1.265774607978112272e+03
1.221840560988608331e+03
1.170847278876431119e+03
1.180346247447389260e+03
1.214493049678254692e+03
1.271079564540529191e+03
1.344818527949012150e+03
1.419855039951382651e+03
1.311025998154231502e+03
1.215283258672738839e+03
1.142338317541690913e+03
1.096876984051730233e+03
1.061465884813485218e+03
1.070306076353030221e+03
1.104772189790922084e+03
1.165426141430862117e+03
1.248632572069736625e+03
1.338716731271009849e+03
1.218830587507526843e+03
1.118991754318035646e+03
1.048820505489527022e+03
1.001026385766163571e+03
9.876960795544990788e+02
9.936467612622682282e+02
1.022479352360029452e+03
1.079860057704548808e+03
1.166030314324386154e+03
1.275471232739604147e+03
1.150524478681224082e+03
1.053733981592691180e+03
9.935914089389782475e+02
9.632672683663923863e+02
9.538633157051182252e+02
9.555384154392294249e+02
9.744650910913649113e+02
1.022522277662147189e+03
1.105441374006565866e+03
1.236016212178012211e+03
1.110263407194024467e+03
1.019432239358130687e+03
9.703997487999682789e+02
9.528425064307939465e+02
9.471385732099727193e+02
9.451325365748449485e+02
9.548329400050158711e+02
9.930130617355271170e+02
1.070360954430293532e+03
1.223067122058430186e+03
1.097741352620892485e+03
1.010004470685015121e+03
9.657000863900807417e+02
9.532225288406422123e+02
9.491347113534376376e+02
9.457962770858848671e+02
9.518291250731831497e+02
9.857805076311120729e+02
1.060328045342057067e+03
1.237229552645313106e+03
1.112047221793873405e+03
1.021868474642091883e+03
9.725618565001274192e+02
9.568134397986069644e+02
9.515717626787223935e+02
9.498684999315353252e+02
9.596419899981949584e+02
9.975867032555385094e+02
1.074410861320476215e+03
1.277739963834015725e+03
1.153862221210301414e+03
1.058327611358146896e+03
9.952571940251103797e+02
9.710150563754622226e+02
9.625422454795025260e+02
9.647688872968669784e+02
9.837433477334918734e+02
1.031259501715140459e+03
1.113145987939000406e+03
1.341763943740854984e+03
1.223305433877245150e+03
1.125183654278570202e+03
1.045054338741521178e+03
1.011880970373365358e+03
9.999004363161149058e+02
1.006570092728703003e+03
1.035347243176072880e+03
1.091887503615445894e+03
1.176632389637270308e+03
