9.459205031860244617e+02
9.430249895869494594e+02
9.407653357099146660e+02
9.398266991499189089e+02
9.417126166311571751e+02
9.463548439346698160e+02
9.548247449583311663e+02
9.662701202248283607e+02
9.791933115910990182e+02
9.920485346492405370e+02
9.427462948835766383e+02
9.394338007196620310e+02
9.365382591742824161e+02
9.348180468512481411e+02
9.359415014619448812e+02
9.402175630373961894e+02
9.485138169953946772e+02
9.601185954266956060e+02
9.734795602224653521e+02
9.869597940727869627e+02
9.401159685098664340e+02
9.361507349898943176e+02
9.328441670171953319e+02
9.309324486499903060e+02
9.320010574432747035e+02
9.359637361653889229e+02
9.442957007229473447e+02
9.559818741601395686e+02
9.694974167819148079e+02
9.832296909387108599e+02
9.388150249449661260e+02
9.340664745515859977e+02
9.305800212064308425e+02
9.289829558971929373e+02
9.295946090406379199e+02
9.341130922261411342e+02
9.425662364981911878e+02
9.541630156969872587e+02
9.674897616970881700e+02
9.810648518097442548e+02
9.404571396068332660e+02
9.349943101971351780e+02
9.315042161494480979e+02
9.304485238009907562e+02
9.304964419603394390e+02
9.353415688084596695e+02
9.437173403807596515e+02
9.548733298491092683e+02
9.675810170156090635e+02
9.805643252955492244e+02
9.464269221401362984e+02
9.405237982245540707e+02
9.371302146552314980e+02
9.365251110529745802e+02
9.352475738252874180e+02
9.400509068535606048e+02
9.478880678695076085e+02
9.581120414453200738e+02
9.697320258695775692e+02
9.817095894652279640e+02
9.569355371464662312e+02
9.509780469503817812e+02
9.477202994376514198e+02
9.422283663774287561e+02
9.437733718391174307e+02
9.480040817206172505e+02
9.547668965784804413e+02
9.635815466068598880e+02
9.737170989065417643e+02
9.843666732585269301e+02
9.708134272819397665e+02
9.651624020970903075e+02
9.620483548322170009e+02
9.540096292498042203e+02
9.550626103216993670e+02
9.582888947227397693e+02
9.635995712766222141e+02
9.707155513153107904e+02
9.791539622108763297e+02
9.883076473138813753e+02
9.860756737687227087e+02
9.809643018583169578e+02
9.779933841220209843e+02
9.672031398676047047e+02
9.675670463217353472e+02
9.696289435663555878e+02
9.734092022660430530e+02
9.788196961893609114e+02
9.855831150890235222e+02
9.932476815494158018e+02
1.000774558914958448e+03
9.962839605369597393e+02
9.934592442381381261e+02
9.800984595104050641e+02
9.798072609744714327e+02
9.808330955280401895e+02
9.832968395548732587e+02
9.872509444464892567e+02
9.925609626831128480e+02
9.988842543630262298e+02
