9.793834913348774762e+02
9.793193669340646466e+02
9.791423777123836771e+02
9.788561563966453605e+02
9.784853863417267803e+02
9.613929516243046010e+02
9.610033207775277333e+02
9.606693601205749928e+02
9.604269840057794454e+02
9.602973182205324747e+02
9.783341115720819516e+02
9.780980380635244273e+02
9.777394211106097828e+02
9.772717131372247650e+02
9.767353886684959434e+02
9.595145871672079920e+02
9.590477874342485620e+02
9.586983522879853581e+02
9.585061892717683349e+02
9.584895809847845385e+02
9.768838750218342284e+02
9.764352692868272925e+02
9.758520285432339278e+02
9.751597259230281907e+02
9.744200844994892350e+02
9.570566785451454734e+02
9.565042861237357101e+02
9.561502236744842094e+02
9.560375903520356360e+02
9.561788041152068445e+02
9.751428689030711894e+02
9.744643812570574255e+02
9.736314703330729117e+02
9.726825004641398209e+02
9.550440161321351979e+02
9.541834335390032038e+02
9.535325223492833402e+02
9.531778832017323566e+02
9.531655171535830959e+02
9.534988631858020653e+02
9.732863618560238592e+02
9.723921097457063070e+02
9.713116538054071043e+02
9.700943273321040579e+02
9.522244055832721870e+02
9.511624022506407528e+02
9.503975582332200247e+02
9.500380330764680821e+02
9.501333417259512544e+02
9.506753734066317065e+02
9.715075379514879614e+02
9.704431019752020120e+02
9.691493462367055827e+02
9.676819686556708575e+02
9.495857414224381046e+02
9.483166417307348866e+02
9.474287360576004176e+02
9.470561772386638495e+02
9.472533441416575215e+02
9.479992627959662741e+02
9.699627578824785132e+02
9.687953219774357194e+02
9.673527206893965058e+02
9.490735656759580934e+02
9.474076464212662358e+02
9.459574290018218790e+02
9.449579537740488604e+02
9.445708273372775921e+02
9.448564444451506006e+02
9.457814454806728008e+02
9.687395343395147620e+02
9.675412604874845783e+02
9.660349852469815914e+02
9.476725265532379581e+02
9.458839650731417805e+02
9.443219200365971346e+02
9.432558943241450606e+02
9.428705638977423860e+02
9.432318994757698647e+02
9.442965141559327549e+02
9.678659840161313923e+02
9.666977012490158359e+02
9.652187046200538134e+02
9.468908707916153844e+02
9.451019005631425216e+02
9.435383840709284868e+02
9.424858645510862516e+02
9.421406211455677067e+02
9.425711588716065990e+02
9.437278452282658918e+02
9.673514242897538224e+02
9.662538038226231265e+02
9.648829594220694617e+02
9.467135977740709905e+02
9.450605583532700393e+02
9.436259118719499384e+02
9.426862055751033722e+02
9.424325710678118639e+02
9.429306251817503153e+02
9.441288410670526901e+02
