1.271501613997786762e+03
1.270097346170707397e+03
1.268487529366937451e+03
1.266753593693622179e+03
1.265023949808206453e+03
1.270971134569595961e+03
1.269769414096517266e+03
1.269084184820696009e+03
1.269021567523299609e+03
1.269606264332255705e+03
1.270942156811573795e+03
1.269406378118382918e+03
1.267655122727719800e+03
1.265774275435238678e+03
1.263899168949507157e+03
1.269688167038244046e+03
1.268385222354361986e+03
1.267642339815355399e+03
1.267578342292925072e+03
1.268223456869076017e+03
1.270509458379268608e+03
1.268898422616842709e+03
1.267072065224276685e+03
1.265115072306651427e+03
1.263161605084436360e+03
1.268845643774408018e+03
1.267478091469873107e+03
1.266691261601596580e+03
1.266616385295807504e+03
1.267291961045246580e+03
1.270242455262013436e+03
1.268620501829688919e+03
1.266793143517280896e+03
1.264837599137758843e+03
1.270290824384462439e+03
1.268515069467481908e+03
1.267119908013898112e+03
1.266300609690846159e+03
1.266200696898903743e+03
1.266870120437010655e+03
1.270161507125651724e+03
1.268591057502046397e+03
1.266832724245278087e+03
1.264950830290475551e+03
1.270436886265673138e+03
1.268700069544525604e+03
1.267311805300883179e+03
1.266470806739769159e+03
1.266332130408982493e+03
1.266959508155374351e+03
1.270263538269842229e+03
1.268794548727028769e+03
1.267159259567284835e+03
1.265406114295747557e+03
1.270987137800936580e+03
1.269333846234658040e+03
1.267983849636614423e+03
1.267135046341337556e+03
1.266951461499897050e+03
1.267510512470670164e+03
1.270523795986147888e+03
1.269186500449626237e+03
1.267704688476043430e+03
1.273460089079866293e+03
1.271835430091953413e+03
1.270298330635471984e+03
1.269015673398660283e+03
1.268179749549417011e+03
1.267958350186061807e+03
1.268439025995003703e+03
1.270904710318570778e+03
1.269708878304600375e+03
1.268387616830738352e+03
1.274320586130348374e+03
1.272860549111916271e+03
1.271461246128720177e+03
1.270273360392719269e+03
1.269478236380116869e+03
1.269239806395213691e+03
1.269649020538335890e+03
1.271367947773405604e+03
1.270308937946785136e+03
1.269139837574363582e+03
1.275257214765826120e+03
1.273963402377423790e+03
1.272715219785306772e+03
1.271646953216770044e+03
1.270923612526940815e+03
1.270696674884870845e+03
1.271052285832261759e+03
1.271883237741830953e+03
1.270951462600659397e+03
1.277318657229125165e+03
1.276219837267618004e+03
1.275088433751350522e+03
1.273999206132886229e+03
1.273070118214029435e+03
1.272445307827959368e+03
1.272256362945591491e+03
1.272577381392337429e+03
