1.061530085659201404e+03
1.059289098984527982e+03
1.056631944798036784e+03
1.053683063594086889e+03
1.050663743965114691e+03
1.052371528107077211e+03
1.050176557351923293e+03
1.048850060796520665e+03
1.048588247345695208e+03
1.049442788447344356e+03
1.060595541578580423e+03
1.058102157160246406e+03
1.055159674931727295e+03
1.051906792809437547e+03
1.048587503237689361e+03
1.049999249885279596e+03
1.047612161602042534e+03
1.046185518535102801e+03
1.045932429101074149e+03
1.046907520736197966e+03
1.059846190016877244e+03
1.057172412019239118e+03
1.054030130879473518e+03
1.050568410028006838e+03
1.047046818155535675e+03
1.048280434059730851e+03
1.045772431175425709e+03
1.044288357637817171e+03
1.044051922120248264e+03
1.045119327442310578e+03
1.059361302249966002e+03
1.056594497406639448e+03
1.053352907813996353e+03
1.049791118570234175e+03
1.050622664457104747e+03
1.047359461477597733e+03
1.044805097966533822e+03
1.043305184743005611e+03
1.043087506114103007e+03
1.044208681880630365e+03
1.059190349113070397e+03
1.056423480258316886e+03
1.053187276161154841e+03
1.049636631602153784e+03
1.050532058369904234e+03
1.047294755412761106e+03
1.044765831265348652e+03
1.043287805414433024e+03
1.043086292464720827e+03
1.044217379319111615e+03
1.059342133839776807e+03
1.056663685895229037e+03
1.053531688915886662e+03
1.050096370985100066e+03
1.051178075918112427e+03
1.048055627691515383e+03
1.045617978656301375e+03
1.044195437235788859e+03
1.044005748716002472e+03
1.045103633838958785e+03
1.059785339188674698e+03
1.057271295214250586e+03
1.054328959826582150e+03
1.055686683506332884e+03
1.052466230536289004e+03
1.049537208241873941e+03
1.047249274711021144e+03
1.045912452486329357e+03
1.045731600509079954e+03
1.046759273741535480e+03
1.060460070571370352e+03
1.058169301774966470e+03
1.055484411235724110e+03
1.057189623943200786e+03
1.054256786022162032e+03
1.051586628482987408e+03
1.049497975499754830e+03
1.048273780247469176e+03
1.048101811175119337e+03
1.049031660791873264e+03
1.061294399393605090e+03
1.059267308264825260e+03
1.056888199037566437e+03
1.058983995557680373e+03
1.056392520101731407e+03
1.054030320761950634e+03
1.052179109822128794e+03
1.051089623771167908e+03
1.050929317163607720e+03
1.051744038847369438e+03
1.062218222705790140e+03
1.060477389994387977e+03
1.063129448299785281e+03
1.060937962145763095e+03
1.058719261121962745e+03
1.056694507822199057e+03
1.055104475079744134e+03
1.054164535757374779e+03
1.054019754644133627e+03
1.054711506808753484e+03
