1.179778931102357319e+03
1.177649720826032535e+03
1.175137103651426287e+03
1.172342119933351569e+03
1.169468117232473105e+03
1.168501903716626202e+03
1.166355611368557220e+03
1.165055248720564578e+03
1.164796450752774035e+03
1.165627384448533576e+03
1.178834832183816616e+03
1.176472708488732906e+03
1.173686666475282209e+03
1.170584760934243604e+03
1.167390608183256518e+03
1.166201173830875859e+03
1.163807327655982135e+03
1.162354399424100620e+03
1.162062752278484140e+03
1.162987569213574943e+03
1.178033915396080374e+03
1.175491698597741333e+03
1.172498796060925315e+03
1.169169700568584858e+03
1.165743480153169457e+03
1.164470726995086807e+03
1.161896657903489313e+03
1.160332044247188833e+03
1.160015546508902617e+03
1.161008293353206682e+03
1.177449530661303470e+03
1.174791695124037915e+03
1.171670618338852137e+03
1.168207047996292204e+03
1.166787211270313264e+03
1.163439884680286923e+03
1.160765375514552488e+03
1.159137567529193120e+03
1.158805454064568949e+03
1.159834554940077624e+03
1.177148389584368033e+03
1.174449291373392725e+03
1.171286963485129490e+03
1.167787642498167088e+03
1.166547439595586184e+03
1.163179749698667365e+03
1.160487967560035486e+03
1.158847041540086821e+03
1.158507913822989622e+03
1.159538664623082468e+03
1.177171572114695437e+03
1.174511723763568170e+03
1.171399069079174978e+03
1.167963147037126873e+03
1.166986717765815911e+03
1.163698188618324139e+03
1.161068357256717036e+03
1.159461402530336500e+03
1.159122373175188386e+03
1.160120010267805583e+03
1.177518410164761917e+03
1.174977986465655476e+03
1.172004485176932576e+03
1.171426273829418960e+03
1.168061182234475382e+03
1.164941500249697810e+03
1.162444342935003306e+03
1.160913089941619091e+03
1.160580170428018619e+03
1.161513160914078753e+03
1.178144195278399366e+03
1.175794972556255289e+03
1.173042010456991420e+03
1.172777309092089808e+03
1.169677531131852675e+03
1.166802664795202418e+03
1.164497863121374394e+03
1.163077776336097031e+03
1.162756818688240173e+03
1.163599725331237551e+03
1.178974380561447788e+03
1.176872523184344345e+03
1.174406478025170145e+03
1.174474844885511175e+03
1.171705395300859436e+03
1.169134496232702077e+03
1.167068763025911721e+03
1.165788341656057810e+03
1.165485602446934081e+03
1.166220952295545658e+03
1.179926957242119897e+03
1.178108611224469087e+03
1.178718576283945822e+03
1.176388629483837803e+03
1.173992641353717090e+03
1.171765185960518238e+03
1.169970248781405871e+03
1.168849887822220126e+03
1.168571777919092483e+03
1.169190743397490451e+03
