4.027825252048892253e+02
4.022803479391602082e+02
4.020413910908872595e+02
4.019427842696132416e+02
4.020333191373813406e+02
3.990191908004464381e+02
3.996301758830897484e+02
4.006591763530009871e+02
4.020276607521568621e+02
4.035698418127552145e+02
4.020798919751076141e+02
4.015086873885826435e+02
4.011069027495829005e+02
4.007450809389944766e+02
4.005095676670380840e+02
3.974367923092767114e+02
3.978302070512963269e+02
3.987367692844964608e+02
4.000894523368987166e+02
4.017132090203571124e+02
4.016605864229556460e+02
4.009066521030443369e+02
4.002613695773194991e+02
3.996102890633340508e+02
3.990714764358854154e+02
3.958632955238108480e+02
3.960537821739398510e+02
3.968322260310623051e+02
3.981419563292321300e+02
3.998084031983911473e+02
4.015265299095849514e+02
4.004846595202682238e+02
3.995347599360732715e+02
3.985976920733276643e+02
3.949261389957796382e+02
3.944222912796457194e+02
3.944425313137197122e+02
3.950967402591464293e+02
3.963377284715946871e+02
3.980025612824302357e+02
4.018050358825610715e+02
4.004250086320474793e+02
3.991518464151253625e+02
3.979544973231252243e+02
3.939987541311727455e+02
3.933240595985586197e+02
3.931958464467868453e+02
3.937178406161452244e+02
3.948540422528093359e+02
3.964639021913914121e+02
4.026692099549174486e+02
4.009818320281206070e+02
3.994205580726779772e+02
3.980040542425310832e+02
3.936255561930632325e+02
3.927988236541415290e+02
3.925184556425840583e+02
3.928798632183507493e+02
3.938629208487343476e+02
3.953577349686220828e+02
4.042072785632970522e+02
4.023171827532446514e+02
4.005514371428191112e+02
3.953200334888463203e+02
3.939822606314875770e+02
3.930059641699201052e+02
3.925530491713783476e+02
3.927160059852824929e+02
3.934962701245484595e+02
3.948187613283627115e+02
4.063348305223206012e+02
4.043860041585232352e+02
4.025286261185167405e+02
3.965407788331389725e+02
3.950894527261700091e+02
3.939705487596320950e+02
3.933324109547813237e+02
3.932723199828374732e+02
3.938168322691757908e+02
3.949251074950180964e+02
4.088069329154994307e+02
4.069405247768204958e+02
4.051089251850650044e+02
3.983207021397041103e+02
3.968085988167427445e+02
3.955782059804667483e+02
3.947720404686253914e+02
3.944967962648724438e+02
3.948032378996574607e+02
3.956800186601331575e+02
4.113114963759177272e+02
4.096348870368137227e+02
4.019911746339467982e+02
4.004054110835504616e+02
3.989028092553269857e+02
3.976211812699340840e+02
3.966999013572904005e+02
3.962540086111271762e+02
3.963528116122263327e+02
3.970069989682650657e+02
