2.072844802694280588e+02
1.874522840691637953e+02
1.668494332887280791e+02
1.473219505852072189e+02
1.312149759533625115e+02
1.793327146395328953e+01
1.753782082254206998e+01
1.914480559323805053e+01
2.197982037094459074e+01
2.540403389432252368e+01
2.009245090078971430e+02
1.795341469627712172e+02
1.571736962321087390e+02
1.357183459331180586e+02
1.176752799177723290e+02
1.604500012150844057e+01
1.565130297665158920e+01
1.748134972412614729e+01
2.058086109518404427e+01
2.422445327356485478e+01
1.968727790934440236e+02
1.745714786675929133e+02
1.510869473628269759e+02
1.281336140560062518e+02
1.854699898081737430e+01
1.554990288328003167e+01
1.498077493352574763e+01
1.678527346231631867e+01
1.998021792429096166e+01
2.377600458333588307e+01
1.955549252887537648e+02
1.731759273948197517e+02
1.495074568486466831e+02
1.259901870546265172e+02
1.993511837123741515e+01
1.690994106520943419e+01
1.608323717728580959e+01
1.755973232930132966e+01
2.056842847490294446e+01
2.434037097453389364e+01
1.970787501716881422e+02
1.754946029087306272e+02
1.527048218691081445e+02
1.298916827981251458e+02
2.298920485989532025e+01
2.019048622847133601e+01
1.920445096948239083e+01
2.020876313700246740e+01
2.275872539211132661e+01
2.624336577054940634e+01
2.011846807769829866e+02
1.811132112023152558e+02
1.600837007818646498e+02
3.071079451022859175e+01
2.730992439088328894e+01
2.489511421058862339e+01
2.390566087594202216e+01
2.451384039643857804e+01
2.651696723181854765e+01
2.951350746017467230e+01
2.073337510386402585e+02
1.892134205602903023e+02
1.704466866584981233e+02
3.511271138882273846e+01
3.232535097832780480e+01
3.034130755941368562e+01
2.945753128749952410e+01
2.981614811942521825e+01
3.134065229772902583e+01
3.379154954407505329e+01
2.148802631435340516e+02
1.988714057472210754e+02
1.824994391003792487e+02
3.971330567401307832e+01
3.750364473730977011e+01
3.593437136234349794e+01
3.520778413847714461e+01
3.543353904161249091e+01
3.658977089756233170e+01
3.853541367832345799e+01
2.232257850413282085e+02
2.092987785247157433e+02
4.618672603096555918e+01
4.414309810373456600e+01
4.243913823249015849e+01
4.123813663305171673e+01
4.067897676979751509e+01
4.084217318471334579e+01
4.172516131177496845e+01
4.324102477589393345e+01
2.318895739640158524e+02
2.199273272306587614e+02
4.970915914904457367e+01
4.815079979481474481e+01
4.686785785039570840e+01
4.597524281993135986e+01
4.556841241434122480e+01
4.570361290063036819e+01
4.638203898775074663e+01
4.754577189519060454e+01
