1.258093133059320735e+03
1.212112018888319426e+03
1.167333963437670491e+03
1.129199108597098302e+03
1.102665422766359370e+03
1.032254140250941191e+03
1.036082950857273772e+03
1.053598618442277029e+03
1.082566360825236643e+03
1.119089689862110845e+03
1.202060839867177947e+03
1.141228997769919715e+03
1.083111478408114863e+03
1.034691860425146842e+03
1.001661759319529324e+03
9.462556231335772736e+02
9.508795821226065073e+02
9.725419603497521166e+02
1.009248913974950824e+03
1.056597095794927100e+03
1.142922767675860996e+03
1.068013419123665699e+03
9.986212274553067800e+02
9.430080528212937452e+02
9.064153419323725984e+02
8.672602552732448657e+02
8.716117222476470943e+02
8.948311845038102774e+02
9.365039141235108673e+02
9.927698656633084511e+02
1.087484107469095079e+03
1.001572745036517858e+03
9.256353578325961280e+02
8.686853751958625480e+02
8.223989468996934420e+02
8.094426102628657418e+02
8.119975994864312270e+02
8.326758933483744158e+02
8.744401366533433020e+02
9.355461808431704185e+02
1.042733458577584770e+03
9.502328222603707673e+02
8.733140264135073494e+02
8.210668372274395779e+02
7.899207371809769711e+02
7.791965010765302395e+02
7.788674047124690105e+02
7.935364448889384903e+02
8.306891437812822687e+02
8.920332020919222487e+02
1.014059603666700809e+03
9.188844353892772006e+02
8.442390233932728734e+02
7.987906339793477173e+02
7.785404982432299903e+02
7.703297062295641808e+02
7.674189255063696464e+02
7.759340776346110715e+02
8.071939453389369419e+02
8.662649618894259902e+02
1.004428708550391320e+03
9.088160568710795815e+02
8.357706021232851299e+02
7.927635591738284120e+02
7.776781122582606258e+02
7.707311903812282026e+02
7.669453780629237372e+02
7.729627498483537238e+02
8.015402446944889334e+02
8.591470635836309384e+02
1.014679545180713262e+03
9.199267501497004105e+02
8.458505607454743540e+02
7.990986712774822536e+02
7.819779787466726475e+02
7.744097969788190312e+02
7.719859939293780826e+02
7.807183788125479396e+02
8.118236165403112636e+02
8.703939705783152476e+02
1.043878884034077146e+03
9.521604097053079840e+02
8.763074978283084420e+02
8.187927181164861850e+02
7.964136464980173287e+02
7.869390366527222795e+02
7.875169893723823407e+02
8.025409606173171824e+02
8.393602760227504405e+02
8.997720014871617877e+02
1.088996708382249835e+03
1.004116531224915889e+03
9.033422724104694908e+02
8.583108989491541934e+02
8.311145389234338836e+02
8.198871975697845755e+02
8.236518239537310819e+02
8.447558266985884075e+02
8.860578843976422831e+02
9.459696636726858969e+02
