3.747946571501408926e+02
3.680592330939646217e+02
3.626472637173893645e+02
3.583250806189037689e+02
3.547245040051498108e+02
3.391195161198207870e+02
3.375151451400751057e+02
3.380543113547863641e+02
3.413014058182705526e+02
3.470777779173743056e+02
3.717556565481270354e+02
3.642613211552756525e+02
3.579827799395271768e+02
3.526585775573453247e+02
3.479269591018776850e+02
3.317391749663309497e+02
3.291572627724328868e+02
3.290621094767676595e+02
3.321821831240296774e+02
3.383810915335349137e+02
3.697712930363528585e+02
3.612591359805447837e+02
3.537120618208562064e+02
3.469932429069860405e+02
3.409104731001497157e+02
3.240397311400915328e+02
3.206437968560676950e+02
3.201207357197925489e+02
3.232493047289225956e+02
3.298855426833004003e+02
3.690937805786536501e+02
3.594846670196977243e+02
3.504803252422991022e+02
3.421835060739245478e+02
3.231008931164862474e+02
3.170253856980459091e+02
3.130121986935961900e+02
3.122415111654432849e+02
3.154378891755480936e+02
3.224162244060264584e+02
3.700035970783562220e+02
3.595402482940687037e+02
3.492777732495728742e+02
3.395851060950132592e+02
3.190790121785587985e+02
3.121813659501792699e+02
3.076941937037464641e+02
3.067094134599544759e+02
3.098491963636690798e+02
3.168975734486019746e+02
3.726007910581880651e+02
3.618152528506209933e+02
3.508586714105848614e+02
3.403026253886060317e+02
3.182436255667593059e+02
3.107714659289298993e+02
3.058844866462532082e+02
3.045719181553495787e+02
3.073731683830788484e+02
3.140923208363764729e+02
3.766713690358109261e+02
3.662062433530823569e+02
3.552831699743871354e+02
3.302548103858516697e+02
3.209763507360708559e+02
3.132224905504415347e+02
3.079982355026212986e+02
3.062149080200380808e+02
3.083850488082748029e+02
3.143910862050628907e+02
3.817342378756504786e+02
3.721434141609823314e+02
3.619092350028952296e+02
3.358043297020741420e+02
3.267520118212500506e+02
3.190326053055609918e+02
3.135972544435348937e+02
3.113095165603022565e+02
3.126999524599021925e+02
3.177591396004464173e+02
3.872152366407366344e+02
3.788522517382057799e+02
3.697536966165473586e+02
3.429587251922886821e+02
3.345348988384789095e+02
3.271681709423602911e+02
3.217419468070800690e+02
3.190819195193203655e+02
3.197434826857557937e+02
3.238143974524571149e+02
3.926173086067250324e+02
3.856289913177066069e+02
3.583540488935499297e+02
3.507658742616688983e+02
3.432635689418345919e+02
3.365438632130689598e+02
3.314073075575320786e+02
3.286265048788617378e+02
3.287541625444558804e+02
3.319366873311226982e+02
