1.238797964665830023e+03
1.190277039702814136e+03
1.133114231185242261e+03
1.072084307659282558e+03
1.014239901188480417e+03
9.281844093961653925e+02
9.012012622490120748e+02
8.937718369592400904e+02
9.058419880652509164e+02
9.351771568246826973e+02
1.205724532129815998e+03
1.142317130273582507e+03
1.067853690285090124e+03
9.888863668050579463e+02
9.149358364296094805e+02
8.277360069110422955e+02
7.953559874102209051e+02
7.871606739849279393e+02
8.022874865191066647e+02
8.382600455758897624e+02
1.171381144622406509e+03
1.092699790799011680e+03
1.000840366493613487e+03
9.045372470497540007e+02
8.162033099329946708e+02
7.316641204304856956e+02
6.965551592412302853e+02
6.885081911652933968e+02
7.051124173490417206e+02
7.446438816939946719e+02
1.139540642220051041e+03
1.047070194033133248e+03
9.401273310815736295e+02
8.300835706120394661e+02
7.195889387851623269e+02
6.564851920991109182e+02
6.237099102922999236e+02
6.172280133817789647e+02
6.321966913635578749e+02
6.693692015962652704e+02
1.114424523863781133e+03
1.011559199130530146e+03
8.940705602689213265e+02
7.762382686343943305e+02
6.721131141851070652e+02
6.144933684016552888e+02
5.891017296178821425e+02
5.852341820329629627e+02
5.954059094192493831e+02
6.241276289686376231e+02
1.099728757774185624e+03
9.912301937508631227e+02
8.688387286366487388e+02
7.492495616576555904e+02
6.540235291614561675e+02
6.047635898487686745e+02
5.872929723919520484e+02
5.854875839495530272e+02
5.902903628893990344e+02
6.093237980015788935e+02
1.097725821136527429e+03
9.888745954303274175e+02
8.669934003106794762e+02
7.419239765167335463e+02
6.606809314865042779e+02
6.160574014454883809e+02
6.015721491140011494e+02
5.997580337119635487e+02
6.016468610918009290e+02
6.160138714332865675e+02
1.108772123264079710e+03
1.004651506496626894e+03
8.879313563757355041e+02
7.665108396921606300e+02
6.868474050698054043e+02
6.403090363868998338e+02
6.221480589138493542e+02
6.179850393573974543e+02
6.204963971990222262e+02
6.375574920818431792e+02
1.131297776410583083e+03
1.036358488484223699e+03
9.289558579292699960e+02
8.107474331116560506e+02
7.317213976598085310e+02
6.797091348780591034e+02
6.540241441623911669e+02
6.462692242705530816e+02
6.518933689851887721e+02
6.762697186814503993e+02
1.162175270850771767e+03
1.079884748341597742e+03
9.581277381453026010e+02
8.717620463526346839e+02
7.960967701157929923e+02
7.407720326762747618e+02
7.089241266486299082e+02
6.982696459681802708e+02
7.071521336748788826e+02
7.379487691496834714e+02
