5.458232126978090264e+02
5.423841482935506519e+02
5.382604697360320642e+02
5.335022511346805913e+02
5.285284833754095644e+02
4.976037488450025421e+02
4.915823103615719560e+02
4.867698896402640685e+02
4.839474713044813257e+02
4.837038884246717885e+02
5.416508564802310275e+02
5.365661720143451703e+02
5.297598378421416783e+02
5.213400473951011236e+02
5.120796869857204001e+02
4.787951937934284388e+02
4.687328488198013474e+02
4.605815991195262313e+02
4.555809157510809655e+02
4.546639568272317433e+02
5.374985689405704079e+02
5.301728063942960034e+02
5.198532105970851944e+02
5.066829632500143248e+02
4.918218961363679114e+02
4.543646085140550781e+02
4.390079662741324569e+02
4.265046407677043021e+02
4.186413200847527492e+02
4.167386177870848201e+02
5.328959138460324994e+02
5.227083344345815021e+02
5.081780061237731729e+02
4.894481110247455717e+02
4.478420137478935317e+02
4.249831397267270177e+02
4.034777854651206326e+02
3.860729633775681009e+02
3.750561514057590102e+02
3.720022050169759495e+02
5.278869134068949052e+02
5.143679385407045856e+02
4.952228045456934638e+02
4.705750728733385131e+02
4.226852190105959721e+02
3.927999206088057349e+02
3.651135493426094172e+02
3.432074659857756842e+02
3.295776962732605284e+02
3.255591786745181935e+02
5.233017633266306348e+02
5.063595268563429954e+02
4.826648305726543526e+02
4.523313760416540958e+02
3.978627388302574559e+02
3.614247574841976416e+02
3.285820591712986811e+02
3.037800673518711392e+02
2.891557962858609585e+02
2.848433311892966344e+02
5.204429234905035173e+02
5.005413313048082955e+02
4.729800780696388642e+02
4.175667147236125629e+02
3.769026899290551000e+02
3.352165510712167702e+02
2.989896387071735262e+02
2.735380747849193313e+02
2.600180527607822683e+02
2.563154046274310076e+02
5.203876581727613484e+02
4.985581096479552343e+02
4.684511423213077137e+02
4.077640503024942973e+02
3.632228003626843247e+02
3.180549618523448885e+02
2.800282708514781120e+02
2.552271439766957428e+02
2.437064447479300497e+02
2.410004287222614607e+02
5.234308441968038323e+02
5.010757035409474724e+02
4.701970252945935727e+02
4.052957736076394326e+02
3.591538204506691159e+02
3.123485644697559565e+02
2.731836281630631333e+02
2.482228397272341738e+02
2.372673458612254080e+02
2.349492246621340144e+02
5.290331890160362036e+02
5.076111490553767567e+02
4.491048431342093181e+02
4.106123302945365481e+02
3.653823725725952158e+02
3.188732678793276136e+02
2.788850056342807875e+02
2.520046086592010965e+02
2.390727469822930402e+02
2.360367667305291093e+02
