7.154206008795421212e+02
6.928211649268370138e+02
6.648410069109962706e+02
6.333854128053119439e+02
6.018411852230561863e+02
5.411577277960005858e+02
5.233889501991212683e+02
5.165895797021983071e+02
5.219438691096977436e+02
5.385159778115843210e+02
6.967362891926312614e+02
6.646354372168115106e+02
6.249649307748542242e+02
5.805471204562321645e+02
5.362917416821120469e+02
4.700660237073124676e+02
4.456560925911291520e+02
4.363616686462170264e+02
4.436303044835324272e+02
4.663697762384685461e+02
6.757042490618247257e+02
6.329403305364469361e+02
5.802998928488200363e+02
5.218358460788566617e+02
4.644055335847178867e+02
3.934162693442224850e+02
3.632525586606820980e+02
3.518881016633512786e+02
3.604884641778260175e+02
3.883926430514893582e+02
6.545554397360597250e+02
6.011310070797468370e+02
5.357526221460879015e+02
4.640838982890893476e+02
3.745095743591048176e+02
3.231305739438286082e+02
2.911614611188741719e+02
2.795175024927713707e+02
2.874569522984143646e+02
3.164133850483469814e+02
6.362141277041600915e+02
5.736047686960575902e+02
4.975043905299183962e+02
4.154947486789371283e+02
3.231725477327120757e+02
2.719764797451540517e+02
2.450170958755417985e+02
2.361387806934970683e+02
2.401861226692972195e+02
2.631189081913432233e+02
6.236643602509346920e+02
5.547860373422105340e+02
4.715287699432851127e+02
3.832184317428008171e+02
2.912428625032322884e+02
2.449215137971538354e+02
2.267583984587589327e+02
2.219056676013019285e+02
2.206796490031399571e+02
2.335496863719483827e+02
6.191549273974519565e+02
5.479677626667246386e+02
4.620681866264449695e+02
3.523291276392482700e+02
2.796832079357358793e+02
2.358467224258778288e+02
2.214863250562118822e+02
2.179488914946253999e+02
2.139466019860986989e+02
2.218413104535017624e+02
6.235391970384544038e+02
5.544031296821445949e+02
4.707106811071438983e+02
3.612707069025212263e+02
2.878964018526450559e+02
2.399158730939832367e+02
2.199188016780720147e+02
2.133653626933008809e+02
2.108974788303227967e+02
2.239717313410916404e+02
6.360175655575873179e+02
5.729608026254126116e+02
4.961118500883065963e+02
3.895884529235748914e+02
3.173746336806355544e+02
2.633909138104460794e+02
2.331163596270049538e+02
2.212470474012148713e+02
2.237255950381617708e+02
2.477398742914004117e+02
6.543820071618404199e+02
6.004347023053591101e+02
5.022452697407329651e+02
4.338631881109446340e+02
3.676370329678853182e+02
3.133674205562496695e+02
2.779481193945949826e+02
2.633117528384943853e+02
2.700965193819922661e+02
3.004808881432768430e+02
