3.065029830405338089e+03
3.064650147852217742e+03
3.065229572630653365e+03
3.066545344531961746e+03
3.068366386436054654e+03
3.060820902467355154e+03
3.062645797056049105e+03
3.064324820527792781e+03
3.065639343944330449e+03
3.066385503112533115e+03
3.063912033281652384e+03
3.063537480958059859e+03
3.063953719963573803e+03
3.064761560557262328e+03
3.065682161883419212e+03
3.057447597520890213e+03
3.058193337286983933e+03
3.059014746665729945e+03
3.059839275347853800e+03
3.060511118407916911e+03
3.063381896628419327e+03
3.062773453978469661e+03
3.062635838426479495e+03
3.062423035466947567e+03
3.061852047273688186e+03
3.051967313924357768e+03
3.051040004439161294e+03
3.050514182202624397e+03
3.050527054772977408e+03
3.051014623285617290e+03
3.063266596329377535e+03
3.062012133226076003e+03
3.060782924130652191e+03
3.058974728046272958e+03
3.047361261540848773e+03
3.044132436826435878e+03
3.041070995962961206e+03
3.038832776922141420e+03
3.037795092951124843e+03
3.038015122399815027e+03
3.063477808347154678e+03
3.061135276044440161e+03
3.058285277394974401e+03
3.054382956408171594e+03
3.040148435550453087e+03
3.034351511716059122e+03
3.028921524781513199e+03
3.024810128903145596e+03
3.022618470314287606e+03
3.022522962114778693e+03
3.064108242936971692e+03
3.060402894394999294e+03
3.055611880822564217e+03
3.049349339972192411e+03
3.032198122347491790e+03
3.023778370655496019e+03
3.016013464625990309e+03
3.010098986230794253e+03
3.006799370077750609e+03
3.006370283600666880e+03
3.065322989964581666e+03
3.060279277061310495e+03
3.053572816706681351e+03
3.035104306157716564e+03
3.024811228348379700e+03
3.014001095015016290e+03
3.004183808563509956e+03
2.996732080372387372e+03
2.992490727808227803e+03
2.991731037887393541e+03
3.067152367108259114e+03
3.061087372457247056e+03
3.052839503968605186e+03
3.031526775448150147e+03
3.019211407122893888e+03
3.006487660129765572e+03
2.995074251428688513e+03
2.986458721465677627e+03
2.981497546532214983e+03
2.980425307875360886e+03
3.069385342378347559e+03
3.062788704176939518e+03
3.053606939259766932e+03
3.029805508746877422e+03
3.016144941616330470e+03
3.002144010699049431e+03
2.989666191689677362e+03
2.980268329745447772e+03
2.974796440846001133e+03
2.973443093921973741e+03
3.071652254592285317e+03
3.065038904077389816e+03
3.042224224837010297e+03
3.030002884122750402e+03
3.015793660841347446e+03
3.001228432385661108e+03
2.988229462249992594e+03
2.978392416826089629e+03
2.972580972657995972e+03
2.970995040745672213e+03
