4.377523797110212058e+02
4.375239745549690156e+02
4.381639862953983311e+02
4.402734356129375328e+02
4.440589258637887724e+02
4.425285370621922425e+02
4.483683724013993697e+02
4.530211698977286687e+02
4.557187026323840655e+02
4.562066076988421628e+02
4.336642917366866072e+02
4.321158337247584882e+02
4.314510125907331144e+02
4.324422347617502282e+02
4.354014695007873570e+02
4.361808109418349204e+02
4.417911532969544623e+02
4.464775122143564658e+02
4.494827571803778596e+02
4.505421744317262096e+02
4.283556780346255550e+02
4.253549655491360113e+02
4.233573340480294291e+02
4.232068749646646779e+02
4.252020660428665906e+02
4.277052746860745742e+02
4.326650009067362816e+02
4.370026623378868749e+02
4.400958382221764396e+02
4.417418884891116591e+02
4.224518379185125241e+02
4.180644785357966384e+02
4.149129886730397629e+02
4.137937978405180957e+02
4.146715303903313838e+02
4.182433785955063854e+02
4.221808698157100253e+02
4.257767585671768416e+02
4.286691681697067793e+02
4.308007328570085406e+02
4.169907035902679695e+02
4.114084937564226152e+02
4.073371412022698905e+02
4.054387648188838398e+02
4.066534119286793612e+02
4.090091833582318372e+02
4.116596791094831929e+02
4.142127631959098153e+02
4.166483609814268902e+02
4.191117408186747753e+02
4.130290193224474251e+02
4.064649437687069735e+02
4.015968506255294415e+02
3.989403164435109943e+02
3.998505456553856447e+02
4.008907486654675836e+02
4.021513606425531862e+02
4.035627971605505877e+02
4.054429014930993844e+02
4.081331411151522843e+02
4.112649125958762966e+02
4.039045349109022709e+02
3.982125186401207202e+02
3.955979846392590957e+02
3.947120981822608883e+02
3.944078947259490633e+02
3.943658254848711522e+02
3.947849800826649016e+02
3.962253731313711000e+02
3.991423207741214014e+02
4.118900374288772355e+02
4.039448059515884779e+02
3.973912350502677668e+02
3.936818156361731553e+02
3.915434873547500843e+02
3.899852496081824711e+02
3.888974810717884907e+02
3.886569148337705997e+02
3.899148193843201398e+02
3.931129639555493327e+02
4.146681780153371619e+02
4.064713421494281533e+02
3.992165087130483130e+02
3.939611228501835285e+02
3.907109739865483107e+02
3.881514498356162903e+02
3.863781389695140547e+02
3.858475178120997384e+02
3.871571432154407262e+02
3.906231253241783179e+02
4.190879010737918975e+02
4.111191141019277211e+02
4.011741669191573578e+02
3.964959630697816806e+02
3.925177472060618697e+02
3.893572357074695560e+02
3.872736577024702456e+02
3.867221229784549337e+02
3.881587402269840368e+02
3.917272774864019880e+02
