8.887384682763585033e+02
8.889585092475817873e+02
8.919479751429097405e+02
8.970200080000415710e+02
9.032647797362770916e+02
1.384847649878228140e+03
1.397811992689895078e+03
1.408647377185517598e+03
1.417099148293968483e+03
1.423383932369185686e+03
8.496143612323063508e+02
8.504369150795372434e+02
8.560188058784564191e+02
8.652349867587221297e+02
8.765426425988000574e+02
1.349659060929237967e+03
1.371974681375546879e+03
1.390538201610311944e+03
1.404851121275273954e+03
1.415254218283887667e+03
7.947544043065445294e+02
7.964521135540805972e+02
8.056844018036182433e+02
8.208017360794087836e+02
8.394291052465408711e+02
1.299921519633747039e+03
1.335820749272275407e+03
1.365612579071914297e+03
1.388401216272407510e+03
1.404686117734150912e+03
7.249602012704255003e+02
7.276634997633015018e+02
7.412997888715276531e+02
7.637935594906072083e+02
1.175806325135166844e+03
1.234857442474059553e+03
1.288858667330802746e+03
1.333648192373909524e+03
1.367729934041084789e+03
1.391782061536749779e+03
6.461495977951599343e+02
6.495793679764093440e+02
6.673624950485873342e+02
6.975432765153983610e+02
1.074043325375997028e+03
1.156675612862199841e+03
1.232619897111478849e+03
1.295687272314003167e+03
1.343536329990278546e+03
1.377013276787508858e+03
5.702660796415673303e+02
5.734204075838011931e+02
5.932008755739739172e+02
6.291264905094653841e+02
9.635639362733272719e+02
1.071263396952082758e+03
1.171089705728358467e+03
1.254259417001176871e+03
1.317313271921281512e+03
1.361207218783545159e+03
5.123384012980482112e+02
5.135140371326205013e+02
5.310251685588312967e+02
7.366001619876360564e+02
8.571754730544349741e+02
9.878138173455234892e+02
1.110511999084121499e+03
1.213292557728129623e+03
1.291317578343404648e+03
1.345544796383197308e+03
4.814951481593775497e+02
4.792536467839019565e+02
4.901319602008107950e+02
6.388312641456760730e+02
7.693714791706920550e+02
9.172024620551994758e+02
1.058507714243319242e+03
1.177704554150490594e+03
1.268453795914329021e+03
1.331598228207790044e+03
4.727488017145363983e+02
4.673111824479505003e+02
4.708500164069030802e+02
5.798361826073872862e+02
7.121935265746690220e+02
8.696260003874762106e+02
1.022710120649978876e+03
1.152694360021762122e+03
1.251994692351947833e+03
1.321297405142628577e+03
4.728571530320585907e+02
4.662427989017902519e+02
4.885194991368385331e+02
5.613072499869563217e+02
6.925894329946993366e+02
8.524885937894772496e+02
1.009203557928451914e+03
1.142716745449866721e+03
1.244984799310536118e+03
1.316624633499127413e+03
