1.080684607824901065e+02
1.043972471230245702e+02
1.011540517166825879e+02
9.870971078968631218e+01
9.740294290688149204e+01
8.173216954287791225e+01
9.890774023071286081e+01
1.170608620915917442e+02
1.342914861563103557e+02
1.492629661159701300e+02
1.014896149490891730e+02
9.634816565609744998e+01
9.174228126772889880e+01
8.818783166815613583e+01
8.617149908132192593e+01
6.713364047652649447e+01
8.646451399415673222e+01
1.070706371183542274e+02
1.267084386799772489e+02
1.438102467816318324e+02
9.382697456800742941e+01
8.692337706277193377e+01
8.068294864727766935e+01
7.579097397128010982e+01
4.126391903071650091e+01
5.735983429737880357e+01
7.795747945304066207e+01
1.001454362443977288e+02
1.213930060957822974e+02
1.399494307490246285e+02
8.545895774227038544e+01
7.657312390120273449e+01
6.850962500136525080e+01
6.214642032573050301e+01
3.801940375228095093e+01
5.390701523375563653e+01
7.469721308431411444e+01
9.732958125760313806e+01
1.191269348999488074e+02
1.382352493351195051e+02
7.701549678714266634e+01
6.604808980538214769e+01
5.610344160244160605e+01
4.829457952545246258e+01
4.169220363919169614e+01
5.708367273645051654e+01
7.711818924325142177e+01
9.903012396633813808e+01
1.202416459952397076e+02
1.389162958076406369e+02
6.936623567670226009e+01
5.639017405585157405e+01
4.466677425656381928e+01
4.192371737455547276e+01
5.139835088635253868e+01
6.608374865815208921e+01
8.466586098145960193e+01
1.048963973774188645e+02
1.245239637580045553e+02
1.418680765710375908e+02
6.354202152840124995e+01
4.888175203646892442e+01
3.569091586576727337e+01
5.706324697199963225e+01
6.609506392548355791e+01
7.954214635030012914e+01
9.610993230634910844e+01
1.139777379883316115e+02
1.312959214587542647e+02
1.466341190530215215e+02
6.053457933799094093e+01
4.486738884126991422e+01
3.086571972482854065e+01
7.632834787173894142e+01
8.419266931248117203e+01
9.581423565911117635e+01
1.099271778238050246e+02
1.250211014558256863e+02
1.396148891931979676e+02
1.525529169075691129e+02
6.095636463616592238e+01
4.525890172705636161e+01
3.141587468103539393e+01
9.734012375521643889e+01
1.036821780691716413e+02
1.131355359466675452e+02
1.245706793664731435e+02
1.367455108513541688e+02
1.484935609269229815e+02
1.589137229592367646e+02
6.475257400747933900e+01
4.996455014367918324e+01
1.162215379326341349e+02
1.178404466029816575e+02
1.226285568931221661e+02
1.298814519847097415e+02
1.386803498784180704e+02
1.480430026576499358e+02
1.570734066753817615e+02
1.650893188846493160e+02
