2.136435891368120679e+02
2.087287867998902868e+02
2.035843465517465916e+02
1.987093716527064657e+02
1.946539302142226688e+02
1.684854497167429770e+02
1.676104829860614700e+02
1.682293099942949937e+02
1.702284291857298513e+02
1.732183488476771061e+02
2.085252788376474484e+02
2.019694877926449408e+02
1.952153502665439362e+02
1.889848079226152038e+02
1.840036307938276821e+02
1.604095903694330332e+02
1.597230254809996381e+02
1.609358287846753512e+02
1.637972934068209270e+02
1.677578309177642097e+02
2.029736543758477012e+02
1.946908983474240529e+02
1.863253312393814838e+02
1.788847871274692807e+02
1.732754454521143259e+02
1.521679777507810059e+02
1.519584321205993263e+02
1.539508008045418137e+02
1.577132837750850172e+02
1.625693453040556165e+02
1.974966174847251068e+02
1.875345445265046465e+02
1.776698707399453951e+02
1.692574211945662341e+02
1.465592691045844731e+02
1.444252048854412749e+02
1.449334191190941112e+02
1.477609107287401287e+02
1.522848481078817997e+02
1.577965512484215083e+02
1.926657892839829174e+02
1.811747784046881407e+02
1.699533705130578198e+02
1.607579583745311993e+02
1.392978857473824803e+02
1.377474883228807698e+02
1.391328957099447621e+02
1.427313984108893408e+02
1.477401411488193048e+02
1.535473140890696016e+02
1.890402787914275109e+02
1.762669063641166360e+02
1.638411458251398471e+02
1.539577283951805953e+02
1.334773430011774735e+02
1.327465766680585375e+02
1.351388225696677523e+02
1.394164531810909011e+02
1.445929491391458157e+02
1.502681862792243805e+02
1.871129676523720207e+02
1.734568498389587035e+02
1.601014171747316084e+02
1.339645664724389462e+02
1.298463050935459648e+02
1.301456186463710765e+02
1.336574047365593287e+02
1.385455993612599173e+02
1.436150461187715166e+02
1.487328027237070103e+02
1.872252462931176353e+02
1.732926275676829846e+02
1.595357028220515758e+02
1.325626382661003220e+02
1.290109022680737780e+02
1.303779215885174096e+02
1.349488188359560752e+02
1.403260519354199971e+02
1.451019918979504268e+02
1.493804199235327133e+02
1.894374282387952348e+02
1.759755845407158290e+02
1.625473406097351869e+02
1.340409512675515771e+02
1.309873703087276056e+02
1.330555212748259351e+02
1.382445985978009162e+02
1.438183948455673260e+02
1.482168985476038188e+02
1.516757987873500042e+02
1.934502836404475374e+02
1.811612803759128951e+02
1.455363153976280159e+02
1.380910510605472723e+02
1.351632757617853429e+02
1.371526895113380533e+02
1.421504681605812266e+02
1.474482928638740304e+02
1.514609445424136993e+02
1.544246315995981433e+02
