1.599522929748907245e+02
1.594635321098415943e+02
1.588636912059181157e+02
1.581736310544812625e+02
1.574511200012348411e+02
1.403162516411341016e+02
1.400775409945259184e+02
1.401314716429987186e+02
1.404686920214624877e+02
1.410299137870073309e+02
1.592652428715283861e+02
1.585791058600089514e+02
1.577767451646573704e+02
1.569121627592389245e+02
1.560826992977087571e+02
1.388205423071306654e+02
1.386916080414243027e+02
1.389267087187936056e+02
1.394786682377222462e+02
1.402438131873504403e+02
1.583935761916675347e+02
1.574789291764297161e+02
1.564643621489641703e+02
1.554534084661430313e+02
1.545937461961114536e+02
1.376117025800452893e+02
1.376975973964910338e+02
1.381948404290077406e+02
1.390036845896719342e+02
1.399692189340508719e+02
1.573691565104774952e+02
1.562113975788095388e+02
1.549983868529434972e+02
1.538965699853621629e+02
1.369096995452987073e+02
1.368367059152052718e+02
1.372324982136439928e+02
1.380480574327355043e+02
1.391248336651362649e+02
1.402618293194449848e+02
1.562621345206755166e+02
1.548696769492422050e+02
1.534986311146414835e+02
1.523846110469640394e+02
1.362268064192284953e+02
1.364979177905416918e+02
1.372649087151264382e+02
1.384144194526278966e+02
1.397345898519935758e+02
1.409973647180496812e+02
1.551797252353993883e+02
1.535876709747095106e+02
1.521241184436310334e+02
1.510906769855288303e+02
1.358424945782028033e+02
1.365047785519479362e+02
1.376570907993844912e+02
1.391113238884082079e+02
1.406180747072337454e+02
1.419513940641112981e+02
1.542529749856850856e+02
1.525198571840137447e+02
1.510420922064546403e+02
1.353299241889944540e+02
1.357229738097062182e+02
1.367672581275451762e+02
1.382662676569652263e+02
1.399549703033315211e+02
1.415676213010243885e+02
1.429108690045803769e+02
1.536104811368159346e+02
1.518050776684941354e+02
1.503777534612377167e+02
1.352186159061381545e+02
1.358735177120249205e+02
1.372251304561241909e+02
1.389771942637773350e+02
1.407987670928517900e+02
1.424282900201981192e+02
1.437253413992433195e+02
1.533478294668126978e+02
1.515316230081082551e+02
1.501777506787154266e+02
1.354856856740729825e+02
1.362899501365990886e+02
1.378061885069593586e+02
1.396683079956183064e+02
1.415061863592725899e+02
1.430770112412353114e+02
1.442943600030099844e+02
1.535065001347423106e+02
1.517253919676734313e+02
1.362211329232428909e+02
1.361227262953764523e+02
1.369203676332269026e+02
1.384116554154060452e+02
1.402143232687036800e+02
1.419574507367387639e+02
1.434235067850788710e+02
1.445614884954698027e+02
