2.560019709830345960e+02
2.559013140021966706e+02
2.557461514595221104e+02
2.555385423146891526e+02
2.553002662051036680e+02
2.549663493587432299e+02
2.547699260006860129e+02
2.546594609881101690e+02
2.546546393703142712e+02
2.547539955738073161e+02
2.560040409529842691e+02
2.559317573330235120e+02
2.558166047074938660e+02
2.556611685363628226e+02
2.554872665856409242e+02
2.552144141749918731e+02
2.550946559959499496e+02
2.550505575856112728e+02
2.550891311132951955e+02
2.551998225397742601e+02
2.560163776073653139e+02
2.559895703129877802e+02
2.559433451961824062e+02
2.558814982053500557e+02
2.558231074962139644e+02
2.556752588433598135e+02
2.556805749282730176e+02
2.557385023692656603e+02
2.558368768489887941e+02
2.559531513686143285e+02
2.560301913038572934e+02
2.560604473103527425e+02
2.561066557206514744e+02
2.561747993677637396e+02
2.561851022951126993e+02
2.563138553352671920e+02
2.564834963603632900e+02
2.566707020725008874e+02
2.568395847365052873e+02
2.569543265859183521e+02
2.560373128509484673e+02
2.561277213386959488e+02
2.562782598001066390e+02
2.564981018649013436e+02
2.567243527156715572e+02
2.570495858687432360e+02
2.574027255731539867e+02
2.577298735127612304e+02
2.579703679667501888e+02
2.580762339267939183e+02
2.560339964661826571e+02
2.561780315451122192e+02
2.564288033176572981e+02
2.567994464162326835e+02
2.572534455981785300e+02
2.577710094257045625e+02
2.583000587045415841e+02
2.587570409347528084e+02
2.590594516124023698e+02
2.591505594998837978e+02
2.560211656146162795e+02
2.562034374838585791e+02
2.565332890696417962e+02
2.570940591995561135e+02
2.576853948765400446e+02
2.583614964440891413e+02
2.590323063206243432e+02
2.595899154001009492e+02
2.599360616151619183e+02
2.600098824700714317e+02
2.560022669659761618e+02
2.562010680237452789e+02
2.565749546207647995e+02
2.572636847819818513e+02
2.579508774793723092e+02
2.587279835866753501e+02
2.594865678934078801e+02
2.601029875203417987e+02
2.604708251817662585e+02
2.605294427269620314e+02
2.559815834465001956e+02
2.561731365048783573e+02
2.565493205987989427e+02
2.572995087376372680e+02
2.580162365307504047e+02
2.588242761221671344e+02
2.596073763405804584e+02
2.602365210452196038e+02
2.606046665570157757e+02
2.606543879301614766e+02
2.559640314081235601e+02
2.561277481677635137e+02
2.566923212443429634e+02
2.572115631882596176e+02
2.578921630516128403e+02
2.586620560563117692e+02
2.594085178077669980e+02
2.600075142416524159e+02
2.603578358456600199e+02
2.604067251894278456e+02
