5.263277095215881900e+02
5.230196996587028480e+02
5.186577599010456652e+02
5.132260788967994358e+02
5.069568327801920304e+02
4.731051269348513415e+02
4.672905362698930958e+02
4.627156373524327933e+02
4.601834909925201487e+02
4.601813986049457412e+02
5.230443108464614852e+02
5.178303184797072163e+02
5.108191370281986678e+02
5.019446029038982147e+02
4.915540449184745171e+02
4.553496778985095830e+02
4.454582051883156737e+02
4.375835355582237867e+02
4.330924969439585652e+02
4.328122558322473310e+02
5.188459731010551650e+02
5.110887398991461623e+02
5.005036582625360211e+02
4.869330229392834894e+02
4.708534504021505427e+02
4.310734577659146680e+02
4.154452446543995734e+02
4.029088296569636327e+02
3.956203155164047871e+02
3.948602852818298174e+02
5.138911964521221307e+02
5.030192444974231307e+02
4.880088676466091329e+02
4.685554626511905099e+02
4.243175027500597594e+02
4.004473924832594207e+02
3.774450172286718157e+02
3.589453224524123129e+02
3.481059192464809939e+02
3.467048325978103662e+02
5.085697001851165169e+02
4.942212530122486669e+02
4.742102132836798773e+02
4.480284421074869101e+02
3.978560668276898014e+02
3.651273394916124744e+02
3.335802552464962218e+02
3.083407257281471061e+02
2.936878181253795788e+02
2.917130651371159047e+02
5.034706454197550443e+02
4.856261243628279090e+02
4.605125580115613388e+02
4.273869732640352481e+02
3.704945914664351676e+02
3.285512749338773801e+02
2.883638980509352905e+02
2.568394355055560823e+02
2.392849283928038915e+02
2.373494377449060551e+02
4.992839907280985585e+02
4.783534029283920859e+02
4.486526847890540353e+02
3.913888171370336977e+02
3.458639496552887067e+02
2.957512006135415277e+02
2.485172691672803182e+02
2.131741154275136694e+02
1.955769482653849138e+02
1.950788168318004807e+02
4.966650363103995574e+02
4.735101905042338899e+02
4.404092169894212248e+02
3.790684571888082814e+02
3.280328090730685062e+02
2.723627383981668117e+02
2.214389105422658304e+02
1.865376608247336492e+02
1.729515910094796993e+02
1.752776864110145709e+02
4.960910188434398833e+02
4.719648126419448317e+02
4.372518748338692376e+02
3.738124119285595270e+02
3.203673086223083146e+02
2.627932955153134458e+02
2.120035585140194883e+02
1.806575931401616515e+02
1.722156181425609134e+02
1.768314288588342436e+02
4.977319650888600222e+02
4.741142960341901471e+02
4.194874276774231703e+02
3.767317708858331002e+02
3.243669086947900269e+02
2.684976313442564333e+02
2.202161534311987907e+02
1.916022900107143130e+02
1.847497009054933415e+02
1.893829364224677931e+02
