2.640722211422936198e+03
2.371588981446918751e+03
2.025783941610004149e+03
1.626211395801157778e+03
1.219328262559827635e+03
8.967724792158517175e+02
6.592043347392786927e+02
5.789928236402436141e+02
6.576355899260809110e+02
8.944844345462543060e+02
2.589034704225979112e+03
2.290092415363878445e+03
1.906269107040326389e+03
1.463672245864494471e+03
1.016069194731163066e+03
6.605582003668403104e+02
4.335307174876644467e+02
3.741962598446547759e+02
4.316584344220996741e+02
6.580840376801710363e+02
2.570549147171927416e+03
2.260983289049416271e+03
1.863654261053037317e+03
1.405935603586012576e+03
9.447832720843138077e+02
5.821164370279306013e+02
3.766451802099365977e+02
3.397915654720302427e+02
3.750177220491315211e+02
5.799829939201833895e+02
2.588998942995609468e+03
2.290117195626975445e+03
1.906413243067933081e+03
1.464044522347690190e+03
1.048483642272130510e+03
6.616849830309565732e+02
4.357982613118896325e+02
3.773749626965625339e+02
4.348205061231758464e+02
6.603800422783765498e+02
2.640644504913835135e+03
2.371613468013104466e+03
2.026006968778503733e+03
1.626795511419777085e+03
1.259247790594303979e+03
8.982416655189567791e+02
6.619620403951739718e+02
5.828918490487424151e+02
6.616238330808866976e+02
8.977321660666882508e+02
2.715503290496717909e+03
2.489768106941913175e+03
2.199560115640723325e+03
1.863691182910592261e+03
1.569108717368679436e+03
1.259287842646788249e+03
1.048716776375357313e+03
9.744846932370372770e+02
1.048720091044809806e+03
1.259280426592292770e+03
2.800486352714962322e+03
2.623951958272163665e+03
2.396851771093553907e+03
2.203450268735237387e+03
1.924310334340379995e+03
1.679375610614052675e+03
1.511200824389861737e+03
1.451357954800057996e+03
1.511354301203449495e+03
1.679636262094938729e+03
2.883098381182784578e+03
2.754433412480772404e+03
2.588841859813418978e+03
2.475462842650177208e+03
2.271493749034674238e+03
2.092103055094580668e+03
1.968567325280280556e+03
1.924532551881942254e+03
1.968778112213781469e+03
2.092484121740277260e+03
2.954280634821279818e+03
2.866884479367475251e+03
2.754378613828187099e+03
2.710211630420461461e+03
2.571506574186635589e+03
2.449407786373501040e+03
2.365249226368741347e+03
2.335251633563886571e+03
2.365465549383840880e+03
2.449812298710659888e+03
3.009581611390790840e+03
2.954252728973685862e+03
2.978161808308416312e+03
2.892757848236266000e+03
2.804923675971295779e+03
2.727582248365631585e+03
2.674261392435334528e+03
2.655267787066051369e+03
2.674452242538232895e+03
2.727946711248500833e+03
