2.844153247481980316e+02
2.795844317838003690e+02
2.734246671738180794e+02
2.661304813052302620e+02
2.583061183503518805e+02
2.457791072922688613e+02
2.388950317785709672e+02
2.344365594503000239e+02
2.328088203148891751e+02
2.339030999676384681e+02
2.819833138395929950e+02
2.765679454408826814e+02
2.698303860634064222e+02
2.620027258699643653e+02
2.537256246612633106e+02
2.421629798845512767e+02
2.351272484839707033e+02
2.306708782610978403e+02
2.291488492589625139e+02
2.304144863486423276e+02
2.797002049089308571e+02
2.739688305011919738e+02
2.670444861198524222e+02
2.591706007496551933e+02
2.509401249709607100e+02
2.407294003708721846e+02
2.337518149137711134e+02
2.293132707399769004e+02
2.277912492035072773e+02
2.291085515011225482e+02
2.777845101541788040e+02
2.720167146736687869e+02
2.652754969028417236e+02
2.577960395911982800e+02
2.496231085137757759e+02
2.414420348591887659e+02
2.347123958097917011e+02
2.303355953552112396e+02
2.287719522718306280e+02
2.300835667199363570e+02
2.764858269325217748e+02
2.709085546389825367e+02
2.645973850601955633e+02
2.577817109526245645e+02
2.515174092727627908e+02
2.440066309652509062e+02
2.377404092088644347e+02
2.335766101030827997e+02
2.320610785310191204e+02
2.333876166595661630e+02
2.760459401957634213e+02
2.708047845913695255e+02
2.650105045953275749e+02
2.589144434680765130e+02
2.546157171071918128e+02
2.479779772359501067e+02
2.424005073976153426e+02
2.386754720464178945e+02
2.373795062068649315e+02
2.387699024963550016e+02
2.765943521421716582e+02
2.717731770808629221e+02
2.664772152734281008e+02
2.643719258227661157e+02
2.585053061258563503e+02
2.528590333637824870e+02
2.481439436863217338e+02
2.450531946496464286e+02
2.441194818852838750e+02
2.455859974647671322e+02
2.780292715986805661e+02
2.736953895527174154e+02
2.688806515292700965e+02
2.676740548871964052e+02
2.627970363282843209e+02
2.581770284382455998e+02
2.543983920537751260e+02
2.520265039174889807e+02
2.514953973468733182e+02
2.529878836838202005e+02
2.800027665285627450e+02
2.762363101386817448e+02
2.719645840322436356e+02
2.710729693106691229e+02
2.671537311076879178e+02
2.635299280486849511e+02
2.606608138310901381e+02
2.589735883181544409e+02
2.587863523378808850e+02
2.602146259772683266e+02
2.820756297660608993e+02
2.789596010455592818e+02
2.772703461190906751e+02
2.743147715881796671e+02
2.713087586656442909e+02
2.686076930452616125e+02
2.665509689753030216e+02
2.654388607248304197e+02
2.654874839169849565e+02
2.667625862838760327e+02
