2.208289827456580952e+02
2.199587283130327648e+02
2.186701027937060360e+02
2.169550465189309421e+02
2.149242156428453541e+02
2.104351471219728182e+02
2.082558366290098490e+02
2.066393524249590143e+02
2.057469088287772365e+02
2.055980002093505163e+02
2.205580199923081466e+02
2.195089654746367387e+02
2.179722503459059340e+02
2.159482438008584211e+02
2.135792993617279762e+02
2.087520410003654376e+02
2.063387027239694760e+02
2.046050739661737339e+02
2.037016271453240677e+02
2.036108726363010533e+02
2.203052786831679271e+02
2.190998920183204746e+02
2.173498437156721934e+02
2.150615781018794337e+02
2.124002067110396297e+02
2.073850971996896533e+02
2.047579320182582308e+02
2.028957018137656121e+02
2.019582962538080153e+02
2.019184203900533134e+02
2.200995884287009972e+02
2.187775390914958962e+02
2.168716268669692511e+02
2.143902454249281675e+02
2.096874450977018398e+02
2.064662463545471667e+02
2.036478640096428023e+02
2.016341557576555203e+02
2.006218721233151427e+02
2.006112883923715913e+02
2.199671666441629156e+02
2.185824579363247722e+02
2.165974735749286140e+02
2.140191203203134478e+02
2.094415523909962360e+02
2.061255216822524972e+02
2.031792752268276558e+02
2.010301198557931457e+02
1.999279543047582308e+02
1.999277444752547979e+02
2.199266037374659959e+02
2.185419061170310897e+02
2.165663131946847670e+02
2.140039677843316497e+02
2.097173127451098367e+02
2.064476972562609376e+02
2.034935762466453752e+02
2.012906849014546538e+02
2.001358468368544266e+02
2.001416939417422043e+02
2.199847837366127123e+02
2.186636372226096796e+02
2.167863113808339506e+02
2.134070038231399735e+02
2.104899906002146395e+02
2.074212006908109629e+02
2.046118208437788155e+02
2.024829362978159679e+02
2.013531540493077898e+02
2.013735079639840535e+02
2.201348589624641079e+02
2.189333148534302609e+02
2.172315049654390862e+02
2.142484939300611302e+02
2.116614542025701269e+02
2.089252415558633231e+02
2.064005445216834289e+02
2.044719597854160895e+02
2.034491725385561836e+02
2.034937394899334038e+02
2.203571126845735364e+02
2.193166820901311098e+02
2.178464369169537065e+02
2.152727408547761740e+02
2.130852959528673978e+02
2.107655469597348201e+02
2.086181318899330392e+02
2.069758290577684932e+02
2.061151030214694799e+02
2.061849629163813802e+02
2.206228659639471346e+02
2.197662666010441512e+02
2.178532156357528891e+02
2.163667222535640065e+02
2.146025244675874433e+02
2.127297318386263498e+02
2.109956100611738350e+02
2.096736941348446237e+02
2.089939315206335664e+02
2.090801551677400880e+02
