2.135222969376163178e+02
2.134466765207551759e+02
2.133567542732910454e+02
2.132543877303200475e+02
2.131448456468083350e+02
2.121611969246290528e+02
2.121000259017098131e+02
2.120660320363712117e+02
2.120652911982117246e+02
2.121001912552834483e+02
2.134762865323761218e+02
2.133743718787310968e+02
2.132448308821986132e+02
2.130870195440482178e+02
2.129067400159892145e+02
2.118675093252942929e+02
2.117302320533016768e+02
2.116301796715244734e+02
2.115841885246614993e+02
2.116023930865627563e+02
2.134343118526689693e+02
2.133011275840904943e+02
2.131232096873224577e+02
2.128971858613254824e+02
2.126300328027177216e+02
2.115252025077191433e+02
2.112939461398903518e+02
2.111125982543686348e+02
2.110105640682648414e+02
2.110067748773353173e+02
2.134015603884338361e+02
2.132352159606230373e+02
2.130049459487079275e+02
2.127047605621428659e+02
2.115179512882646691e+02
2.111686010458765850e+02
2.108358404220598175e+02
2.105670547054647557e+02
2.104045561076390527e+02
2.103760484979357557e+02
2.133831405103813097e+02
2.131865006881062641e+02
2.129072021745292886e+02
2.125369457661961405e+02
2.112906815408861405e+02
2.108454059390804218e+02
2.104165351939059292e+02
2.100649610107039109e+02
2.098448764719695703e+02
2.097919143367452648e+02
2.133824781905763075e+02
2.131635372960371910e+02
2.128464794893643557e+02
2.124210780436797279e+02
2.111277764964856658e+02
2.106051756047373829e+02
2.100981212868346972e+02
2.096785218204750834e+02
2.094104514956654839e+02
2.093362291675516360e+02
2.134001184955974395e+02
2.131708846774153301e+02
2.128337804188766142e+02
2.115737314821179496e+02
2.110576497686849393e+02
2.104871126251010480e+02
2.099298839778697925e+02
2.094651512152738064e+02
2.091641607260738169e+02
2.090744421156636292e+02
2.134335552066401362e+02
2.132078690402083225e+02
2.128717563655414153e+02
2.116170873739227716e+02
2.110937096258286658e+02
2.105112239390043669e+02
2.099384350703890902e+02
2.094571882583501576e+02
2.091424307930371924e+02
2.090449402540648691e+02
2.134780370260874349e+02
2.132690378532879834e+02
2.129544824384714161e+02
2.117285541194671907e+02
2.112312779475109323e+02
2.106742077094177716e+02
2.101226812639739023e+02
2.096561476023853743e+02
2.093489574530431128e+02
2.092523636926369761e+02
2.135278382713042049e+02
2.133457635416605171e+02
2.122447046007856954e+02
2.118915683384197735e+02
2.114489196234128201e+02
2.109501446160308546e+02
2.104533728315914232e+02
2.100308547508308266e+02
2.097516388539951322e+02
2.096640394775564289e+02
