1.737494676990199025e+02
1.403119078169351326e+02
1.097927331539847984e+02
8.625317092249584050e+01
7.225835693510377666e+01
8.829004387061955583e+01
1.094843802109313344e+02
1.288377912248011512e+02
1.454519502234585957e+02
1.590515747854947790e+02
1.610234460493120423e+02
1.247996266131181784e+02
9.225694114325261808e+01
6.822882793030862558e+01
5.511107028692090637e+01
8.461753385306337805e+01
1.065314986034946116e+02
1.264296387993969972e+02
1.434850122836486435e+02
1.574653402280566752e+02
1.551734477441383149e+02
1.176757132820690401e+02
8.416004374854446723e+01
5.986081804190268940e+01
6.425520192746508030e+01
8.617114675440650728e+01
1.076676753542515996e+02
1.271435588490411988e+02
1.438438064507869285e+02
1.575662194320141225e+02
1.569243755922454397e+02
1.196578367935939013e+02
8.582590692552820144e+01
6.010577305565021788e+01
7.221267518527514540e+01
9.257685098001483937e+01
1.125929459638525145e+02
1.307706214382937162e+02
1.464010747413084630e+02
1.592891216997837205e+02
1.659891237171344471e+02
1.305297053590662415e+02
9.753579534449799837e+01
7.078567602640963230e+01
8.521522481173145991e+01
1.030056792386678239e+02
1.206734469105696093e+02
1.368383734292139593e+02
1.508177433615764755e+02
1.624006880213741226e+02
1.811414191497475485e+02
1.490719284062737984e+02
1.187221151153579228e+02
8.891551861862460271e+01
1.015936562780093197e+02
1.162381153345566247e+02
1.310034864174891140e+02
1.446716401512221353e+02
1.565952333358304713e+02
1.665399107636790177e+02
2.003956838357531467e+02
1.729567277608768734e+02
1.468181800727335826e+02
1.096835098064123173e+02
1.193928837549355393e+02
1.307887384266872175e+02
1.424740336122025610e+02
1.534457693944031575e+02
1.631231273704292732e+02
1.712604164941674298e+02
2.213837026507183054e+02
1.991858178421879302e+02
1.780239274414788042e+02
1.297252248292382433e+02
1.367686463229492517e+02
1.451729742589665193e+02
1.539389016213179389e+02
1.622954786422178586e+02
1.697574473256191823e+02
1.760905084461460319e+02
2.418507758836092592e+02
2.248466142506758843e+02
2.086544355816064638e+02
1.474652958981712345e+02
1.523077727834646282e+02
1.581884407568047948e+02
1.644267339225563660e+02
1.704654780510610408e+02
1.759273038717371094e+02
1.806095853336234427e+02
2.600716262997069066e+02
2.477148792666496036e+02
1.600502199198525659e+02
1.620292839148912378e+02
1.651812679774457706e+02
1.690842964003084319e+02
1.732959617422423833e+02
1.774356462472688634e+02
1.812290868248873608e+02
1.845160947561599016e+02
