2.014638159257038978e+02
2.014398013525422755e+02
2.014104511365545704e+02
2.013781475118984190e+02
2.013463478470644645e+02
1.877509661871814046e+02
1.877338863120396866e+02
1.877270459808358964e+02
1.877312996017285514e+02
1.877456005972426283e+02
2.014695002304918603e+02
2.014339929306759132e+02
2.013886146815897291e+02
2.013368384920126459e+02
2.012841349035368808e+02
1.876663502771267531e+02
1.876349385541586798e+02
1.876197681353238238e+02
1.876227455235751052e+02
1.876427003114143304e+02
2.014723213250408378e+02
2.014209481127807067e+02
2.013538097174717336e+02
2.012759017691820134e+02
2.011954062875213936e+02
1.875490653752889045e+02
1.874985821200638441e+02
1.874722406518668265e+02
1.874733460912285636e+02
1.875006533962465198e+02
2.014691924556950653e+02
2.013978017235777713e+02
2.013037601270326604e+02
2.011940006186472942e+02
1.874979009368880725e+02
1.874010855092929546e+02
1.873276754024669231e+02
1.872878308121631221e+02
1.872865294996886405e+02
1.873225520854711306e+02
2.014581322448759693e+02
2.013639226720515012e+02
2.012398549382387785e+02
2.010950776787387895e+02
1.873609807767541326e+02
1.872323430961372424e+02
1.871340881883716634e+02
1.870795154129432092e+02
1.870754080938872050e+02
1.871207217899242607e+02
2.014391847758299150e+02
2.013217889586791500e+02
2.011678568425507194e+02
2.009887754679039347e+02
1.872197142512280550e+02
1.870602775854871993e+02
1.869379868116840555e+02
1.868690479260987729e+02
1.868619970342965644e+02
1.869161256233470567e+02
2.014147470960488704e+02
2.012768940000151474e+02
2.010971950607641361e+02
1.872966088996888061e+02
1.870922008653607236e+02
1.869068274012948052e+02
1.867642788696144294e+02
1.866831214497563849e+02
1.866734001522450228e+02
1.867348494682770195e+02
2.013891141192184193e+02
2.012366147700103056e+02
2.010389756851447203e+02
1.872209282668235915e+02
1.869969237182419590e+02
1.867938314395511838e+02
1.866373983479270748e+02
1.865477929276163707e+02
1.865361635066821862e+02
1.866026809305779466e+02
2.013673461421381035e+02
2.012083635084182731e+02
2.010033160259842759e+02
1.871806082294732221e+02
1.869486790759349333e+02
1.867383526651147179e+02
1.865761645493736580e+02
1.864830160122013183e+02
1.864706369041684297e+02
1.865395022435633905e+02
2.013538322461146493e+02
2.011976038366790647e+02
1.874039357599181983e+02
1.871824846081275382e+02
1.869553133710370787e+02
1.867491091784060302e+02
1.865899742437745488e+02
1.864986198180603481e+02
1.864867676474581799e+02
1.865549913742369483e+02
