1.295426251194775489e+02
1.316539307144183795e+02
1.342633315160082645e+02
1.373745764643338987e+02
1.408419158791590462e+02
1.431050279517103547e+02
1.463098024753518587e+02
1.483999167108272843e+02
1.489129990083951043e+02
1.476698346999356772e+02
1.305195163838719736e+02
1.329641326570429385e+02
1.359777202894975119e+02
1.395516065297390469e+02
1.435064210174548691e+02
1.459940202085246312e+02
1.495213656516775131e+02
1.518200260134707946e+02
1.523998238361432982e+02
1.510712040095605744e+02
1.313258297426438332e+02
1.341024350170280570e+02
1.375295516684230677e+02
1.415766818239462168e+02
1.460211094119900679e+02
1.484678552421968050e+02
1.522732952544422744e+02
1.547483476859243297e+02
1.553910530377889643e+02
1.540109668105610865e+02
1.319432810514442735e+02
1.350585888295619554e+02
1.389280647080339577e+02
1.434933286064031392e+02
1.458664707142117720e+02
1.507229761391259615e+02
1.548262553899700720e+02
1.574897300843498442e+02
1.582035675080595070e+02
1.567818632329084210e+02
1.323808480502483746e+02
1.358382904127063000e+02
1.401797998973930817e+02
1.453184420032923185e+02
1.476092763561812546e+02
1.529219465064075223e+02
1.573890620872195427e+02
1.602847911537824075e+02
1.610838455874708472e+02
1.596059050640924397e+02
1.326424526259855270e+02
1.364193966425302733e+02
1.412273967006876489e+02
1.469558886696387390e+02
1.491890315382549375e+02
1.550183342599741536e+02
1.599078940550670325e+02
1.630755307952581745e+02
1.639685781153149264e+02
1.624106531087492442e+02
1.327020361043648791e+02
1.367255872692665832e+02
1.419213650757792777e+02
1.439059057145917393e+02
1.503643540866001160e+02
1.566857049997579452e+02
1.619866367125279965e+02
1.654211791901805384e+02
1.664025274984709597e+02
1.647562453002778398e+02
1.325056897342280422e+02
1.366405575108849462e+02
1.420521622669205897e+02
1.439629634008383618e+02
1.507453354228034357e+02
1.574048848520016861e+02
1.629977467841879104e+02
1.666255780286803656e+02
1.676723785107107290e+02
1.659649374327978251e+02
1.320015261887889437e+02
1.360598378237215513e+02
1.414337888472819600e+02
1.431404465337956822e+02
1.499523277882364596e+02
1.566707739258582706e+02
1.623301172442203892e+02
1.660112029426863671e+02
1.670866058514779979e+02
1.653854298723925069e+02
1.311785802478538301e+02
1.349521548072286237e+02
1.355267778047218599e+02
1.413174115970620619e+02
1.477941137740035629e+02
1.542169789683451882e+02
1.596519157691853934e+02
1.632047559063229301e+02
1.642638055197140545e+02
1.626632514322124621e+02
