1.309064039945710363e+02
1.334288643106697236e+02
1.365490182475845700e+02
1.403017912507918084e+02
1.445279968522375214e+02
1.488030672358846118e+02
1.527443510846766515e+02
1.553217426316071226e+02
1.559639988268561410e+02
1.544563412421000237e+02
1.319089746382683472e+02
1.347427942097878599e+02
1.382360456623556502e+02
1.424171432557012906e+02
1.470975417612986007e+02
1.516232918582375078e+02
1.558535219390450948e+02
1.586155551289839991e+02
1.593133459226896207e+02
1.577236911390420460e+02
1.325835818260275119e+02
1.357037883915059524e+02
1.395598969236263258e+02
1.441585435491531371e+02
1.492670304790979117e+02
1.537085424081603833e+02
1.581439546820024020e+02
1.610277184558553927e+02
1.617645511877535682e+02
1.601382712779245310e+02
1.329221049974649986e+02
1.363260103550182691e+02
1.405760222858790769e+02
1.456445539252522394e+02
1.498926094564870084e+02
1.553823369656606985e+02
1.600285795880863873e+02
1.630296059221470557e+02
1.638019975241482769e+02
1.621483178961154863e+02
1.329888023028833288e+02
1.366850235027592362e+02
1.413794018233651570e+02
1.470045560256183421e+02
1.510933817149417280e+02
1.569778825010705532e+02
1.619132203947627602e+02
1.650753193866067932e+02
1.658878513479118055e+02
1.641782127888422167e+02
1.328639086555698157e+02
1.368430711847015857e+02
1.420029605515927926e+02
1.482394106322911966e+02
1.522067613981345175e+02
1.585850635951031506e+02
1.638966237663448169e+02
1.672722103219730059e+02
1.681287127433186299e+02
1.663188752068350027e+02
1.325873998394843341e+02
1.367873825946590500e+02
1.423498606267365574e+02
1.459922476000485005e+02
1.530386695355953464e+02
1.599178959378869820e+02
1.656230511471797229e+02
1.692253845238010115e+02
1.701229878066112065e+02
1.681902588585401475e+02
1.321412885715304526e+02
1.364263496503891133e+02
1.422122415831939577e+02
1.457661749091018635e+02
1.531627626007476124e+02
1.603973884613187124e+02
1.663918834127491948e+02
1.701645465191697326e+02
1.710931551770240446e+02
1.690676149851426260e+02
1.314798262692166873e+02
1.356489397116914972e+02
1.413739950033299237e+02
1.446969528063511063e+02
1.521189545534280967e+02
1.594108780757901513e+02
1.654667637367989244e+02
1.692822333202195466e+02
1.702265176633030990e+02
1.681981552822952324e+02
1.305823896132813786e+02
1.344084917136752892e+02
1.363819365824684837e+02
1.426178676394816875e+02
1.496508522160210930e+02
1.566076513427074133e+02
1.624171809158978022e+02
1.661003707152311506e+02
1.670405695093619443e+02
1.651389736487120672e+02
