9.232216299738165617e+02
9.263304765607125546e+02
9.323869450643736627e+02
9.423949759885921367e+02
9.586143739385286153e+02
1.000428589042409499e+03
1.032311905835038715e+03
1.065414550956602170e+03
1.094914820410704579e+03
1.117705123435665200e+03
9.207205832385650410e+02
9.250484683727880793e+02
9.306064674454328269e+02
9.388729807106692533e+02
9.532119294339346425e+02
9.929103953228817545e+02
1.025097077386428964e+03
1.059631928052492640e+03
1.091012120566281283e+03
1.115548798915226598e+03
9.197448690814378551e+02
9.245023226591669072e+02
9.298439391997043231e+02
9.374258981145835605e+02
9.510279395700940768e+02
9.899554334619194833e+02
1.022227578593853764e+03
1.057285774944832610e+03
1.089369678906364243e+03
1.114570247608591671e+03
9.184540781164255350e+02
9.226574669739591172e+02
9.282340032662605154e+02
9.366525818375992003e+02
9.661055672750155736e+02
9.912303675716453881e+02
1.023749929536912418e+03
1.058584349014663758e+03
1.090213298170184544e+03
1.114947425696526579e+03
9.189205318219974288e+02
9.217785770432719801e+02
9.278675755202949631e+02
9.381776817458456890e+02
9.706614066129233152e+02
9.972817436708478454e+02
1.029827689212574569e+03
1.063524941186720525e+03
1.093513478953193498e+03
1.116682117910617990e+03
9.255132876430350279e+02
9.267257489741408563e+02
9.332005578119133133e+02
9.453452031239631879e+02
9.814769255385039060e+02
1.008918849112347061e+03
1.040439917949513301e+03
1.071768109963915776e+03
1.098934331009203333e+03
1.119571193694204794e+03
9.413530050766538579e+02
9.411592031353849279e+02
9.475288363426477645e+02
9.785276298684357243e+02
9.995616543908623726e+02
1.025997918219467920e+03
1.054843518993528960e+03
1.082463811653756466e+03
1.105804123229538163e+03
1.123209547104062040e+03
9.657761848571958581e+02
9.647316690271217112e+02
9.704111160547271311e+02
1.004078780377342468e+03
1.023405791396698987e+03
1.046786439063991565e+03
1.071393303338553551e+03
1.094283293347095650e+03
1.113202053609318682e+03
1.127058890900548704e+03
9.947452284831839506e+02
9.934088883128669067e+02
9.979949588452559510e+02
1.033510798960860939e+03
1.049517381630982982e+03
1.068466695817006894e+03
1.087962825975709620e+03
1.105738113608468893e+03
1.120176988804754956e+03
1.130580810494163416e+03
1.023288676760836097e+03
1.022031331342748445e+03
1.053655676979865575e+03
1.062041506555495062e+03
1.074123454067334478e+03
1.088279067247993680e+03
1.102662340693092347e+03
1.115613245093106343e+03
1.126002394771189302e+03
1.133382666633593317e+03
