2.806271027062374515e+02
2.800213742166323527e+02
2.793205181979620875e+02
2.785693753292238171e+02
2.778354482279531226e+02
2.605506392432380949e+02
2.601029314187740056e+02
2.598763597696940337e+02
2.599063783159671743e+02
2.601917460536449767e+02
2.800062878763002345e+02
2.791720555658739045e+02
2.782130564303902815e+02
2.771944017443264556e+02
2.762104469037793706e+02
2.588812391731722187e+02
2.583029811374083806e+02
2.580257886437421462e+02
2.580908320919799053e+02
2.584919852144859647e+02
2.792803672491216957e+02
2.781871843327649003e+02
2.769433352500398087e+02
2.756400382723227835e+02
2.744025520349306930e+02
2.570557158458416893e+02
2.563668493815964666e+02
2.560616902924227247e+02
2.561813951265756373e+02
2.567125039687702497e+02
2.784947539700476113e+02
2.771330920014396497e+02
2.756055033999302282e+02
2.740350356909481206e+02
2.563849005691177467e+02
2.552647875885532187e+02
2.545142669087352658e+02
2.542190370408917204e+02
2.544113761713161352e+02
2.550692976503880232e+02
2.777184381074102362e+02
2.761057666950437692e+02
2.743283284842719922e+02
2.725454607440894961e+02
2.549065276128510789e+02
2.537298071739417082e+02
2.529896462454426569e+02
2.527507723772490351e+02
2.530262313408976524e+02
2.537866506151123929e+02
2.770349286529557844e+02
2.752160369549779375e+02
2.732514040190857827e+02
2.713382124306932042e+02
2.537776506150981675e+02
2.526382553422353965e+02
2.519855220052557456e+02
2.518456718635366371e+02
2.522037094365437895e+02
2.530262665328527021e+02
2.765278929396411627e+02
2.745691432868163133e+02
2.724965385519315646e+02
2.545932128873541274e+02
2.531086236127118809e+02
2.520850844403790347e+02
2.515769898718577053e+02
2.515614741625384454e+02
2.519915934838833209e+02
2.528339061114554056e+02
2.762650776163546880e+02
2.742449930823453883e+02
2.721453022965194464e+02
2.543076261336071298e+02
2.529258440333522060e+02
2.520550257534764569e+02
2.517084655177633294e+02
2.518162863864953920e+02
2.523026717661945781e+02
2.531360956741943369e+02
2.762846513512782849e+02
2.742844761866339809e+02
2.722297156663437931e+02
2.544544055858368097e+02
2.531895999833972155e+02
2.524584011222249842e+02
2.522453254330957861e+02
2.524491366166149078e+02
2.529748698423358348e+02
2.537915979481032309e+02
2.765872513774565391e+02
2.746838944006177599e+02
2.565740998884775195e+02
2.549985273596239779e+02
2.538346041375447157e+02
2.531953973830621578e+02
2.530576064884934908e+02
2.533127490699999669e+02
2.538603503261611820e+02
2.546664047041290360e+02
