1.174042049140826521e+03
1.173164441305622631e+03
1.172136238431663287e+03
1.171005909726394748e+03
1.169860549891486244e+03
1.153207781051000893e+03
1.152404026502295437e+03
1.151956687815673149e+03
1.151945862122136077e+03
1.152387015758876714e+03
1.173570575484772007e+03
1.172591693265925414e+03
1.171456920661207050e+03
1.170219514493853467e+03
1.168973829575875243e+03
1.152269998857629389e+03
1.151408621031274151e+03
1.150938660410346074e+03
1.150946499659058418e+03
1.151448598760361619e+03
1.173125421008102421e+03
1.172078534013222225e+03
1.170882618034396501e+03
1.169594011659663465e+03
1.168309910073923675e+03
1.151614358800456330e+03
1.150747015646844375e+03
1.150289103466583583e+03
1.150327966472956177e+03
1.150879638557856879e+03
1.172731197950354726e+03
1.171655076533898864e+03
1.170449805111349860e+03
1.169173053300119136e+03
1.152393778809886726e+03
1.151296428277709992e+03
1.150480503017801084e+03
1.150072650216683996e+03
1.150155101611516102e+03
1.150741867833776723e+03
1.172413569430194457e+03
1.171347661249588100e+03
1.170184073191782545e+03
1.168980202644086603e+03
1.152317956249170493e+03
1.151330486994761714e+03
1.150619698553658054e+03
1.150296653465371946e+03
1.150432686240096928e+03
1.151038325264826199e+03
1.172199126212438387e+03
1.171179084515304112e+03
1.170100652289999289e+03
1.169019578198004183e+03
1.152518391489150645e+03
1.151690457637968620e+03
1.151125240664623789e+03
1.150911734787654950e+03
1.151105987949483278e+03
1.151714003447859795e+03
1.172113307855469884e+03
1.171167764994283743e+03
1.170205432366769401e+03
1.153768641362212520e+03
1.152960541474027423e+03
1.152319095159319886e+03
1.151919413476278351e+03
1.151825209719959730e+03
1.152075085371217938e+03
1.152670030178541538e+03
1.172175849656980063e+03
1.171324915484874282e+03
1.170495086425991303e+03
1.154216981322584843e+03
1.153596168171962972e+03
1.153142512352468202e+03
1.152905349138129395e+03
1.152923665343534594e+03
1.153218969748648078e+03
1.153787293354878102e+03
1.172394721085298670e+03
1.171650131339166592e+03
1.170955805397111135e+03
1.154821398814243366e+03
1.154372340482962954e+03
1.154085275661403330e+03
1.153987596430926715e+03
1.154097392716718787e+03
1.154421603174924030e+03
1.154951815933945227e+03
1.172760828836886958e+03
1.172127172871782705e+03
1.155981577435983809e+03
1.155544497612535451e+03
1.155237364737792632e+03
1.155081171522414024e+03
1.155087233642216461e+03
1.155258545158540301e+03
1.155591347783917627e+03
1.156073690501070132e+03
