3.267772524141944359e+02
3.265874586056705766e+02
3.263697707243550781e+02
3.261372295306586011e+02
3.259102666897393874e+02
3.092473703392982429e+02
3.091091946442345488e+02
3.090381890533963087e+02
3.090456378009631067e+02
3.091327446350476862e+02
3.266201424844460917e+02
3.263915865681773880e+02
3.261356610455680425e+02
3.258696849406505862e+02
3.256182275011598222e+02
3.089729984716844342e+02
3.088332154747751019e+02
3.087693785891621019e+02
3.087907467662354293e+02
3.088971667716985507e+02
3.264521900088914208e+02
3.261903542974822585e+02
3.259077983122851947e+02
3.256272957033944522e+02
3.253769474121579037e+02
3.087783736796237690e+02
3.086635415015181252e+02
3.086265790357135188e+02
3.086707115494008349e+02
3.087933498714941152e+02
3.262858033913670397e+02
3.260009897827889063e+02
3.257097810920289476e+02
3.254416302767484126e+02
3.088398320857017438e+02
3.087101178659645484e+02
3.086540726829600771e+02
3.086679556952216785e+02
3.087440614900233982e+02
3.088763396505834180e+02
3.261360644007212954e+02
3.258417816844822710e+02
3.255629078299589878e+02
3.253365101270534296e+02
3.088310594882399869e+02
3.087916340783575038e+02
3.088279722238091836e+02
3.089155565484109616e+02
3.090311485401551863e+02
3.091645171495623572e+02
3.260181406370160744e+02
3.257280702927305924e+02
3.254799955104792843e+02
3.253187717801857275e+02
3.089297227800963697e+02
3.090070155333049797e+02
3.091583654144337743e+02
3.093342470591051097e+02
3.094931850017552506e+02
3.096204751677382774e+02
3.259447306694452209e+02
3.256694489076668333e+02
3.254625295500423476e+02
3.090279906502366316e+02
3.091017710858808982e+02
3.092999610579519754e+02
3.095681942682838326e+02
3.098325192196828084e+02
3.100337787787867683e+02
3.101528719212069518e+02
3.259242895937132971e+02
3.256693571743387565e+02
3.255030599188202132e+02
3.091369556604112745e+02
3.092967591999908450e+02
3.095932390040334212e+02
3.099556970017076765e+02
3.102919388981573547e+02
3.105293263980810821e+02
3.106446773284055212e+02
3.259601181770187281e+02
3.257265254022560725e+02
3.255911886793732037e+02
3.092604719277902063e+02
3.094700577741517691e+02
3.098208986723910243e+02
3.102354100120449516e+02
3.106135850539656076e+02
3.108762470353914296e+02
3.109966633424826341e+02
3.260499631501670024e+02
3.258365147399410375e+02
3.093319318577829335e+02
3.093853476189304388e+02
3.096015879418584973e+02
3.099551545124973018e+02
3.103721360428161802e+02
3.107563454415201250e+02
3.110298983110095605e+02
3.111633922008791160e+02
