4.223778398781946635e+02
4.222400618212876680e+02
4.220880270669139804e+02
4.219314122947400847e+02
4.217834166350615988e+02
4.051823699534878074e+02
4.050895747499014874e+02
4.050429822736701340e+02
4.050503875049983549e+02
4.051133901592817210e+02
4.222798762560203727e+02
4.221277415256648169e+02
4.219665017918918011e+02
4.218081673440127020e+02
4.216667174527676138e+02
4.050898818449871897e+02
4.050106406937547376e+02
4.049756934571654483e+02
4.049903776670868183e+02
4.050565274959308226e+02
4.221850954805191236e+02
4.220284589413764706e+02
4.218738435191152121e+02
4.217361006770536278e+02
4.216286574176561999e+02
4.050998981337099281e+02
4.050582363999665745e+02
4.050499795853962723e+02
4.050748895810888257e+02
4.051352143785698559e+02
4.221008275238854139e+02
4.219520512685005542e+02
4.218232147255873201e+02
4.217325635699536406e+02
4.052418483783281999e+02
4.052374574089030261e+02
4.052610794986582050e+02
4.052964519023262824e+02
4.053341754171592584e+02
4.053772233766891304e+02
4.220339841687559215e+02
4.219052598061056187e+02
4.218201374786456768e+02
4.218006238033424324e+02
4.054017646260762717e+02
4.054976010308752166e+02
4.056107184875987741e+02
4.057043764775150976e+02
4.057569320973522053e+02
4.057723185014830278e+02
4.219898177463227285e+02
4.218896566051863601e+02
4.218590578102205768e+02
4.219236468998385590e+02
4.056257103718579629e+02
4.058355891260623594e+02
4.060497686686469478e+02
4.062089585700877024e+02
4.062779254673558853e+02
4.062613657263915456e+02
4.219713397441415736e+02
4.219017488926893975e+02
4.219247088254356868e+02
4.056127762638008676e+02
4.058603655012165063e+02
4.061749506688494762e+02
4.064820784984439683e+02
4.067026983074076156e+02
4.067893016807711319e+02
4.067464524055291122e+02
4.219796485136999991e+02
4.219356444674392037e+02
4.219988933003257898e+02
4.057342023076849955e+02
4.060488070689776805e+02
4.064350508458488775e+02
4.068067803328008267e+02
4.070728349055027593e+02
4.071774447174830129e+02
4.071235447904123816e+02
4.220146312482424946e+02
4.219866427492060552e+02
4.220691396850401702e+02
4.058170326504722425e+02
4.061549284791746572e+02
4.065650869721038703e+02
4.069601844896677676e+02
4.072473865073265529e+02
4.073683558405613780e+02
4.073228433181126320e+02
4.220751421585184175e+02
4.220531197449324736e+02
4.056561422626526223e+02
4.058599568115138254e+02
4.061776011533673909e+02
4.065639410658159250e+02
4.069404268776352751e+02
4.072225306588036347e+02
4.073550851138755320e+02
4.073337642160641394e+02
