1.028282203526581725e+04
1.028232843756675356e+04
1.028175351218404103e+04
1.028112392407781954e+04
1.028048789748126910e+04
1.026540136329351299e+04
1.026496171261723794e+04
1.026472607214437994e+04
1.026473868373545338e+04
1.026500686833789769e+04
1.028257705658081250e+04
1.028204236037998453e+04
1.028142797473997416e+04
1.028076216557912812e+04
1.028009524139988025e+04
1.026498897205805952e+04
1.026453768550034511e+04
1.026430419406110923e+04
1.026433436530121071e+04
1.026463520760127176e+04
1.028235867965882608e+04
1.028180583036587086e+04
1.028118232393319704e+04
1.028051665361862615e+04
1.027985822950016882e+04
1.026477039503531705e+04
1.026433930649039030e+04
1.026412888786018630e+04
1.026418351092763987e+04
1.026450900947759146e+04
1.028217753698609522e+04
1.028163044471494686e+04
1.028102886752623635e+04
1.028040019030309304e+04
1.026528722253305386e+04
1.026475864222034579e+04
1.026437951317903753e+04
1.026421275433682968e+04
1.026429805358062004e+04
1.026463918289466346e+04
1.028204274973872998e+04
1.028152294018624343e+04
1.028097041476819504e+04
1.028041035083836869e+04
1.026538154424693857e+04
1.026493885956423765e+04
1.026463804036723195e+04
1.026453154341780100e+04
1.026465164540247679e+04
1.026499930059986036e+04
1.028196314000914754e+04
1.028148728409581963e+04
1.028100345390590883e+04
1.028053388172951963e+04
1.026561107088148856e+04
1.026527514397318191e+04
1.026506910809720466e+04
1.026503234108719516e+04
1.026518790297569831e+04
1.026553345865763185e+04
1.028194756456278265e+04
1.028152634703674994e+04
1.028112165759444724e+04
1.026625140923058279e+04
1.026594345957394944e+04
1.026572112613640638e+04
1.026561398312918573e+04
1.026564744383687685e+04
1.026583474810292137e+04
1.026617019631527364e+04
1.028200352598104109e+04
1.028164182961421284e+04
1.028131778909964305e+04
1.026654553481060611e+04
1.026634608781148381e+04
1.026623034180220202e+04
1.026621392032880613e+04
1.026630912398221335e+04
1.026652000060948922e+04
1.026683784891758296e+04
1.028213425762574298e+04
1.028183224866326418e+04
1.028158324190390340e+04
1.026689692895576809e+04
1.026679035161205138e+04
1.026676323153176600e+04
1.026681961498963756e+04
1.026696093181220385e+04
1.026718367745439355e+04
1.026747690399118437e+04
1.028233555341637839e+04
1.028209009885608430e+04
1.026739803196679168e+04
1.026728806022925528e+04
1.026725241546550933e+04
1.026728962658617456e+04
1.026739535357925524e+04
1.026756320511566992e+04
1.026778437537445643e+04
1.026804668795478210e+04
