1.307695503540593563e+03
1.295061465248098557e+03
1.279833999833896542e+03
1.263055985985163261e+03
1.246483465447795652e+03
1.200611662866031565e+03
1.191246601481884227e+03
1.187478659767054978e+03
1.189896450474384892e+03
1.198058271272496313e+03
1.291216308501834646e+03
1.270651809484214482e+03
1.245706548373505939e+03
1.218064436481817893e+03
1.190593021479100798e+03
1.139486776657633754e+03
1.123748388447266734e+03
1.117115379345871588e+03
1.120592453175810306e+03
1.133572638526891524e+03
1.269321383700487331e+03
1.238123793934089917e+03
1.200207295033818809e+03
1.158177435304250139e+03
1.116422695908753667e+03
1.058275620963854635e+03
1.034402322695284738e+03
1.024070483347555864e+03
1.028726335594534248e+03
1.047628650505764881e+03
1.242450904015565811e+03
1.198168958166299262e+03
1.144459149377139966e+03
1.085221469826126395e+03
1.007928912068991394e+03
9.610621168840682458e+02
9.284302636326906395e+02
9.141662809960187133e+02
9.198890379090759097e+02
9.448654447292179839e+02
1.212288012457844843e+03
1.153351581054664848e+03
1.082261156893882116e+03
1.004703595892320322e+03
9.165699399079668410e+02
8.580421387510256181e+02
8.184903004853242692e+02
8.014483533455986617e+02
8.077681696210788687e+02
8.370559841257444305e+02
1.181819981473734515e+03
1.108148925672168161e+03
1.020014483971629716e+03
9.254785376476942247e+02
8.296124884922438696e+02
7.642212193733093955e+02
7.230533552457512769e+02
7.064566864825130779e+02
7.125763664929013430e+02
7.418677851900971518e+02
1.154950504712438033e+03
1.068310396970954571e+03
9.656234853033022318e+02
8.489413695106621844e+02
7.588979313078481255e+02
6.938158843147028847e+02
6.584156931227953464e+02
6.467315918618492105e+02
6.519901777421340512e+02
6.758379255581900225e+02
1.135685560437097593e+03
1.039626635873932173e+03
9.266475920846487497e+02
8.042071053755756793e+02
7.119101080976048479e+02
6.523028506091786767e+02
6.270390782586015348e+02
6.227500563339181099e+02
6.273580501311862463e+02
6.433661186193559161e+02
1.127143303529364175e+03
1.026542596893742029e+03
9.085618527133271982e+02
7.827412845123755005e+02
6.900516598605310037e+02
6.348091011731479512e+02
6.167243540089989438e+02
6.178716333380292554e+02
6.229331465409281918e+02
6.343992089437342656e+02
1.130746731136010112e+03
1.031122965034614936e+03
8.987162406308666505e+02
7.862996581876336677e+02
6.924619226011401452e+02
6.354494292869992478e+02
6.161154243072920735e+02
6.174671509056094010e+02
6.241075587200663222e+02
6.376285214230208567e+02
