1.357741012899478392e+03
1.352521202916989523e+03
1.346364591876734039e+03
1.339756706760721272e+03
1.333402174804322385e+03
1.308361119798368009e+03
1.304988831326481204e+03
1.303719823571668712e+03
1.304741690648685790e+03
1.307935710830545077e+03
1.352882275484440697e+03
1.345624816261628666e+03
1.337186256432206619e+03
1.328303408072700449e+03
1.319959897237794621e+03
1.294426725577172419e+03
1.290222768930846087e+03
1.288684758901589021e+03
1.289992836312841973e+03
1.294041204159695553e+03
1.347241749678882570e+03
1.337738393017809130e+03
1.326917861263302939e+03
1.315854534971172143e+03
1.305838349807330360e+03
1.280309029288103829e+03
1.275662209773691302e+03
1.274024076635738993e+03
1.275488759378151826e+03
1.280036156104590191e+03
1.341284145449562857e+03
1.329580009251573756e+03
1.316620007935666990e+03
1.303898092108880746e+03
1.275721307299601904e+03
1.268256041999353329e+03
1.263860108554532189e+03
1.262403795762702657e+03
1.263785531211350417e+03
1.268173699331092166e+03
1.335659582965904974e+03
1.322073461493041350e+03
1.307520442834983669e+03
1.293960857726529412e+03
1.266646405506076235e+03
1.260086543152151535e+03
1.256725921236101840e+03
1.255759125056200673e+03
1.256786532483577503e+03
1.260260992297384291e+03
1.331072478419936260e+03
1.316124141985804044e+03
1.300645978707204904e+03
1.287038295143498772e+03
1.261162243788937076e+03
1.256207983814452518e+03
1.254374646112877144e+03
1.254080821995077940e+03
1.254591042046839675e+03
1.256676215191182109e+03
1.328130549519737770e+03
1.312418631785807975e+03
1.296582507761674151e+03
1.266825187493399199e+03
1.258846345350171987e+03
1.255456984088306172e+03
1.255025213895989964e+03
1.255340132107736054e+03
1.255396193980505132e+03
1.256215171215415467e+03
1.327232005961395544e+03
1.311343961284488159e+03
1.295515839727949469e+03
1.266137095471503017e+03
1.258745354118434534e+03
1.256101228338390456e+03
1.256316999678060938e+03
1.256928438533533836e+03
1.256819163980856274e+03
1.257103450060272053e+03
1.328510541541705607e+03
1.313010475394317609e+03
1.297449119517046029e+03
1.267979078115826269e+03
1.260347098013153072e+03
1.257288244628847451e+03
1.257126659177595457e+03
1.257613752842860322e+03
1.257718754520443099e+03
1.258454556185737147e+03
1.331819804234176900e+03
1.317277375131190411e+03
1.284556915178492318e+03
1.272474002114160839e+03
1.264048326902849567e+03
1.259724538881347371e+03
1.258406498284584131e+03
1.258438824353339896e+03
1.259036701160162465e+03
1.260955340324489725e+03
