1.445599873266918848e+03
1.422862485309239446e+03
1.392305219727253188e+03
1.354682272119619483e+03
1.312651994600590569e+03
1.232248070591466103e+03
1.197467259913863927e+03
1.173930664095704969e+03
1.165694190128954915e+03
1.174221388439916154e+03
1.426256730767894624e+03
1.391855214464782648e+03
1.345665674581768371e+03
1.288861620946329595e+03
1.225501010527837252e+03
1.127572347309622728e+03
1.075394429387676155e+03
1.040200319856021451e+03
1.027964182756167020e+03
1.040805147328646171e+03
1.402267402171185950e+03
1.353434843798243264e+03
1.287937556676283521e+03
1.207508134928360960e+03
1.117998147852153352e+03
9.988549290885141545e+02
9.257895651822249192e+02
8.768177198095912672e+02
8.599707306171536629e+02
8.779815976505814206e+02
1.375238089261208643e+03
1.310186253546201897e+03
1.223035618899270276e+03
1.116218412663031131e+03
9.684155754989052411e+02
8.556731016182590110e+02
7.605555965502244362e+02
6.976900509116946978e+02
6.765058302191125676e+02
6.998048132466905145e+02
1.348008592630112389e+03
1.266660992705035369e+03
1.157811618409119092e+03
1.024700038430403310e+03
8.525803914658276881e+02
7.142628900570169890e+02
5.999655808713556553e+02
5.269713692576668791e+02
5.035421535563258999e+02
5.305841619852255917e+02
1.324261214433097393e+03
1.228744299880024073e+03
1.101080215564628588e+03
9.453228459111456914e+02
7.528540179382433735e+02
5.944843530664572882e+02
4.686778298318347993e+02
3.947573351038678311e+02
3.739060698028774823e+02
4.002982580824739784e+02
1.307739802862717397e+03
1.202405395368282825e+03
1.061736720522246060e+03
8.649325848654973470e+02
6.844013021984382021e+02
5.139822571553020225e+02
3.857376226149948479e+02
3.209067723183019893e+02
3.073032403869302698e+02
3.278899096029830389e+02
1.301292369595157425e+03
1.192176333614394252e+03
1.046507976970903655e+03
8.445074479859694065e+02
6.579914297835714478e+02
4.830254556830357728e+02
3.548187474782988033e+02
2.958454979214188825e+02
2.861460577482956751e+02
3.028531995991008330e+02
1.306069707641496052e+03
1.199884093276053591e+03
1.058105781792918378e+03
8.601795098976018608e+02
6.779174810870988495e+02
5.051707692991357703e+02
3.739754333252366223e+02
3.064833276651579013e+02
2.915068224260639909e+02
3.123174781741904553e+02
1.321188399013791695e+03
1.224115966501181219e+03
1.062094012618062834e+03
9.092695990547285874e+02
7.412906029058386821e+02
5.792028044238427356e+02
4.488840829794186789e+02
3.705836217632821672e+02
3.473350094344202716e+02
3.747217879435914938e+02
