5.674919466887953376e+02
5.609675514055090844e+02
5.527577716286813256e+02
5.433118712225183344e+02
5.335034346217546499e+02
5.032126936762954870e+02
4.965857139925756769e+02
4.929828391790014166e+02
4.929757265914062714e+02
4.965326075581356804e+02
5.602926878964379966e+02
5.501649120853313661e+02
5.374932583483827102e+02
5.229988175226004614e+02
5.080484038861567910e+02
4.748287227122953027e+02
4.649509507624118783e+02
4.597303776406860720e+02
4.599551160691483460e+02
4.655092898889861885e+02
5.509723859110745252e+02
5.362580275461464225e+02
5.179565571775932540e+02
4.971593458256281792e+02
4.758793377255410064e+02
4.392801510204918713e+02
4.256290697947257513e+02
4.186762867895544673e+02
4.193724251980752342e+02
4.274291509918376732e+02
5.399837529975333155e+02
5.199675466463644398e+02
4.952344245256716135e+02
4.673458612225206252e+02
4.230271797336375812e+02
3.991366051669559170e+02
3.817149631459483885e+02
3.732642843099683887e+02
3.747162617836317509e+02
3.854940566432769629e+02
5.283125309287290747e+02
5.028036425017686497e+02
4.715185821104533943e+02
4.365732825560366450e+02
3.879087138653187594e+02
3.589738774380195991e+02
3.385165500436650632e+02
3.291925773076564496e+02
3.315815633225473675e+02
3.447370250406402761e+02
5.173701485879314532e+02
4.868768214630385387e+02
4.497885933014280795e+02
4.088141953601653995e+02
3.568871662262597511e+02
3.243169739440379544e+02
3.021345852312725810e+02
2.926944491694513317e+02
2.958604128244688809e+02
3.103989752584887469e+02
5.087123213858826603e+02
4.744460464282257135e+02
4.331115265739048255e+02
3.757380847666902355e+02
3.341779429840844955e+02
2.996466831642523516e+02
2.768853217658220274e+02
2.676155759265777760e+02
2.709461893911340553e+02
2.856734819654301418e+02
5.036692990323817867e+02
4.673653739393967044e+02
4.238536660125836875e+02
3.652869874876650442e+02
3.222717501721887174e+02
2.868788292438146073e+02
2.636812767982526680e+02
2.539819062961724114e+02
2.567081074597234078e+02
2.710684360968025430e+02
5.030239250957252466e+02
4.666603476327528597e+02
4.232004137000744777e+02
3.649126103187352328e+02
3.218965792924595348e+02
2.860606427071458597e+02
2.617933930493180128e+02
2.506927658250847344e+02
2.524138465241261997e+02
2.667567868659937176e+02
5.068414223495483952e+02
4.723602374145070257e+02
4.168825983754744584e+02
3.744626493457406013e+02
3.328933209777811157e+02
2.972803915116022608e+02
2.719158022140830440e+02
2.592415433433353087e+02
2.601683788618155404e+02
2.749514463040231931e+02
