4.762103683436870938e+02
4.683463058425271015e+02
4.594728454582450468e+02
4.504544468441371237e+02
4.424051559562836360e+02
4.128542331778180596e+02
4.101163178147618282e+02
4.105910731231027171e+02
4.142046475819871603e+02
4.204028944115498803e+02
4.673080343989214498e+02
4.560231432257588153e+02
4.434534842750558710e+02
4.308909089124547336e+02
4.199040735510616287e+02
3.901644305078166326e+02
3.866588861125050016e+02
3.874814166618588729e+02
3.925172402362705952e+02
4.010811554866632491e+02
4.567497165125540164e+02
4.416054392771443986e+02
4.250570464673389210e+02
4.089442195620283655e+02
3.953081224431221585e+02
3.660131949663069690e+02
3.620593969274547135e+02
3.632842620827869951e+02
3.695591764651528592e+02
3.802537981407493817e+02
4.454183433196325268e+02
4.264287951503341674e+02
4.062344142107006064e+02
3.873422413548250915e+02
3.534992159196690409e+02
3.443890783150179118e+02
3.406457634503616418e+02
3.422043021648882473e+02
3.490053584519212109e+02
3.608539828837206187e+02
4.345975116408190502e+02
4.123043359682595792e+02
3.894210922139951094e+02
3.692060043857596838e+02
3.371012229276076368e+02
3.291854414801555322e+02
3.264686588197120045e+02
3.281547460415924320e+02
3.343806974189483299e+02
3.458571069200353918e+02
4.257022501357006377e+02
4.010504906286815867e+02
3.767318335895951691e+02
3.567281638591726960e+02
3.274134546301002615e+02
3.218536339251814411e+02
3.206902698477949230e+02
3.222800019683963910e+02
3.270448725151923099e+02
3.368535740617118108e+02
4.199520735115638104e+02
3.940272106200601456e+02
3.693122456440638643e+02
3.335556171961175664e+02
3.236756369854314812e+02
3.204696437769396198e+02
3.207287251522683391e+02
3.221652818158221976e+02
3.254508144565443786e+02
3.334008594899444802e+02
4.181291738613339248e+02
3.919495805357047971e+02
3.673869439890513604e+02
3.325457853088724391e+02
3.237888275269514224e+02
3.217238153143565569e+02
3.226783274995970032e+02
3.241331851460552684e+02
3.268528958847227273e+02
3.339956048026596136e+02
4.204765032993159934e+02
3.949822238470158595e+02
3.708509968213303409e+02
3.358080877690850912e+02
3.266197152790253995e+02
3.240150391746993250e+02
3.247347919370582758e+02
3.264810942427278064e+02
3.299044400566208424e+02
3.377752998400835054e+02
4.266815116936768959e+02
4.028321488888654471e+02
3.608326905750684546e+02
3.436510378099559944e+02
3.330371295787082886e+02
3.287140920656221965e+02
3.285070587951424272e+02
3.307031347041407798e+02
3.356699828811070461e+02
3.452231237725844153e+02
