4.969416139116220847e+02
4.976710685747001435e+02
4.984538549172161197e+02
4.992650189787312343e+02
5.000688311228648786e+02
5.058745614587253385e+02
5.065683361944851981e+02
5.069869604268902208e+02
5.070291664037329724e+02
5.066515817281450609e+02
4.967409330968491190e+02
4.973044323360391559e+02
4.978758928781124951e+02
4.984451245427664503e+02
4.989998260288772371e+02
5.047309961995410390e+02
5.052402824974121245e+02
5.055439248369303868e+02
5.055522132471760415e+02
5.052219273855939150e+02
4.962015295659192589e+02
4.964769490783603487e+02
4.967035102603961718e+02
4.968937878275502271e+02
4.970661265978022811e+02
5.026387312366689457e+02
5.028580676656208084e+02
5.029727410045813372e+02
5.029183308312188387e+02
5.026619852030856350e+02
4.953589748725087247e+02
4.952470556382022551e+02
4.950265319639361792e+02
4.947392488337064833e+02
4.999437858029501740e+02
4.997681930689850560e+02
4.996176412362141264e+02
4.994755142022830796e+02
4.993169383765340399e+02
4.991352735833099246e+02
4.943146435046803617e+02
4.937617198449277112e+02
4.930469044487860515e+02
4.922445374004047380e+02
4.971113360324332575e+02
4.964635223662343719e+02
4.958996539079715262e+02
4.954460798008267375e+02
4.951308679940519824e+02
4.949935943688861926e+02
4.932114443872065408e+02
4.922195904518441125e+02
4.910246404783286494e+02
4.897322616811896978e+02
4.942462505313124552e+02
4.931435459494795737e+02
4.921600185358184945e+02
4.913614398992426686e+02
4.908391848965110285e+02
4.906978287004638446e+02
4.921973486446758557e+02
4.908185820676345088e+02
4.892058866130197430e+02
4.932570562756579875e+02
4.916852335072281335e+02
4.901759092993829654e+02
4.887980527737991565e+02
4.876533257583109844e+02
4.869004912499730153e+02
4.867180154061679218e+02
4.913921913292332988e+02
4.897124482916119064e+02
4.877704416366399869e+02
4.915668539765725313e+02
4.896548095007028110e+02
4.878007689205903148e+02
4.860816864906739170e+02
4.846342147890778733e+02
4.836789543176573716e+02
4.834594985038069126e+02
4.908698308162784087e+02
4.889935187078877448e+02
4.868217223543788919e+02
4.904492314115405520e+02
4.882722075685708205e+02
4.861463214844525851e+02
4.841683226832586797e+02
4.825104486825132994e+02
4.814386712739504333e+02
4.812342033932139316e+02
4.906564458081140856e+02
4.886980311796892806e+02
4.922361196068352456e+02
4.899490036590956379e+02
4.875980270374485599e+02
4.852960335712343749e+02
4.831731245421293011e+02
4.814347221700912769e+02
4.803672703728420856e+02
4.802515062813182567e+02
