5.823088328669209659e+02
5.764915897824381545e+02
5.689400716899741610e+02
5.597658126185325500e+02
5.494497877640422985e+02
5.244928947700595927e+02
5.158496679759107337e+02
5.094845872591949387e+02
5.064058856263039274e+02
5.071674962364021439e+02
5.768722705401831945e+02
5.682939869811611970e+02
5.571002817091327870e+02
5.434302867389995981e+02
5.279772035618140080e+02
4.984511262992142520e+02
4.850220590874207574e+02
4.750152283665261166e+02
4.699848839054832865e+02
4.707570275250054124e+02
5.704607213368622070e+02
5.586007812851414656e+02
5.430835218760533962e+02
5.240766342120301715e+02
5.025187221949190643e+02
4.677410735059358444e+02
4.485862059378066533e+02
4.342367554825690377e+02
4.268653423199239683e+02
4.275556318154957580e+02
5.635454782055978740e+02
5.481327881160771085e+02
5.279581756384603750e+02
5.032293859662797217e+02
4.627306666843023777e+02
4.348924700201873748e+02
4.097806147768903315e+02
3.910318311790037455e+02
3.813598190979625997e+02
3.819394343547697872e+02
5.568349780106026401e+02
5.379519457394864048e+02
5.132583368378758450e+02
4.830254096526229546e+02
4.373561344961127588e+02
4.034032959458706955e+02
3.730486174001243285e+02
3.507286118596654774e+02
3.394144337599695405e+02
3.399899078175824911e+02
5.511746069436046582e+02
5.292991174410112762e+02
5.007209583332690386e+02
4.657915449286187481e+02
4.157078835258679419e+02
3.768847462879418799e+02
3.427090732150654731e+02
3.182598016366073352e+02
3.063778029046415554e+02
3.071780396771591768e+02
5.473873785550422326e+02
5.233717806411517586e+02
4.919843492985554008e+02
4.422202292724003883e+02
4.004403581380762489e+02
3.582688802480425352e+02
3.216988357890031693e+02
2.962984840413230359e+02
2.846051041063518596e+02
2.858066635403865234e+02
5.460930750510417511e+02
5.210948306766172209e+02
4.883334303803148941e+02
4.373268094660411975e+02
3.936889151704515371e+02
3.496742272589129925e+02
3.116400294984508719e+02
2.855051720784931035e+02
2.737975421670095102e+02
2.752979134634039156e+02
5.475515676714283018e+02
5.229160857302449585e+02
4.904750592067820207e+02
4.403197539114744359e+02
3.968518637330351453e+02
3.526757163335637983e+02
3.140147090987772458e+02
2.869129301751955836e+02
2.743959807803087756e+02
2.757851667632396016e+02
5.515761991743040653e+02
5.286581639039276297e+02
4.870554383763180795e+02
4.511234238155159915e+02
4.101130057071076180e+02
3.679324000934915375e+02
3.302127715030234185e+02
3.027555521083538110e+02
2.892070502999501969e+02
2.900317602531346211e+02
