3.484864986315019905e+03
3.484645871220763183e+03
3.487417512449474543e+03
3.494111515097265055e+03
3.505123992799608004e+03
3.527993064617646269e+03
3.543711223517525923e+03
3.558032976023517222e+03
3.568448807111433780e+03
3.573489072698080690e+03
3.478650215930363174e+03
3.476421692091671048e+03
3.477589620108061354e+03
3.483532311114424374e+03
3.494933012781122216e+03
3.519461713308293383e+03
3.537490171163784908e+03
3.554431674214055874e+03
3.567283756875042855e+03
3.574225680879463653e+03
3.469943697817828706e+03
3.464689271600898337e+03
3.463431219048404728e+03
3.468048537372535975e+03
3.479486360731487821e+03
3.505355617515610902e+03
3.525662281502400219e+03
3.545352405170420298e+03
3.560951506239198807e+03
3.570296276004921765e+03
3.459627573592070348e+03
3.450709625061327188e+03
3.446440737781820644e+03
3.449184340703656289e+03
3.468677502270973946e+03
3.486682822435220260e+03
3.508909805651645456e+03
3.531198142062762599e+03
3.549650936170909972e+03
3.561767954936532078e+03
3.449968068736866371e+03
3.437510722595059633e+03
3.430098156213033690e+03
3.430439322754483328e+03
3.448212823463383302e+03
3.465962362200531970e+03
3.489130066908045137e+03
3.513357414495139437e+03
3.534413353504859515e+03
3.549434100629286604e+03
3.443682397742291414e+03
3.428695500368222838e+03
3.418539766972267444e+03
3.415984104079003828e+03
3.430573271011945053e+03
3.446296634260775591e+03
3.468716985830773865e+03
3.493662263718940721e+03
3.516696033548118976e+03
3.534508804250006506e+03
3.442358340306486298e+03
3.426386782327590026e+03
3.414246704758058968e+03
3.415974174477055385e+03
3.418290909796074629e+03
3.429929785357423953e+03
3.449595138909481193e+03
3.473780339989329605e+03
3.497989382142578961e+03
3.518340618396965056e+03
3.445161663478633727e+03
3.429525496349859623e+03
3.416126134481607551e+03
3.413990550829899348e+03
3.411114490052890233e+03
3.417223690734989304e+03
3.432672314511415607e+03
3.454989319698779127e+03
3.479732712796675969e+03
3.502343736870376233e+03
3.449032296450097874e+03
3.434121559337510917e+03
3.419809494593083400e+03
3.414172753169373664e+03
3.406339955870388167e+03
3.407018596746513595e+03
3.418201693765142409e+03
3.438486596263396677e+03
3.463521631340201111e+03
3.488087463222190763e+03
3.450703046488934433e+03
3.435894112522687010e+03
3.427321608474052937e+03
3.412412058663010157e+03
3.401246614952196069e+03
3.398370932378683847e+03
3.406816333420822502e+03
3.425872459337957025e+03
3.451244380376265326e+03
3.477263008747097501e+03
