6.208753460194730422e+01
6.069734706540943847e+01
8.302748168765930359e+01
8.003945726181108000e+01
7.793105923002410407e+01
7.671870969442346677e+01
5.591218252902345398e+01
5.592829358748001312e+01
5.638190880136097860e+01
5.724414110650918275e+01
6.202410082140028180e+01
8.530921700161357535e+01
8.109235862039723486e+01
7.780045652128303857e+01
7.534736906759668784e+01
5.554950121773995875e+01
5.497781685879929370e+01
5.487689274883246782e+01
5.528744968126563464e+01
5.618489509456310316e+01
8.988107248065308852e+01
8.444854676510259139e+01
7.978865378908103878e+01
7.601048667909553558e+01
7.309132266171691583e+01
5.505849536169976943e+01
5.430568348618624697e+01
5.408252241949016081e+01
5.444878760054734812e+01
5.537944201136833300e+01
9.039439792275902619e+01
8.465087792458010085e+01
7.953440170405096410e+01
7.524563393152973845e+01
5.636850214389846059e+01
5.501738043489755370e+01
5.409759913332551662e+01
5.375803699638112931e+01
5.407070532847670563e+01
5.500687156914541731e+01
9.205562071924512679e+01
8.622501800884862178e+01
8.087116694324532773e+01
7.629056550853294993e+01
5.708787055696019053e+01
5.559867347522653347e+01
5.455126695976380091e+01
5.410732158796500357e+01
5.434286067011907306e+01
5.522600001943633430e+01
9.481003883767363050e+01
8.922972131640889870e+01
8.401189859726855502e+01
6.016380339574958214e+01
5.839359536898016501e+01
5.684662917048342479e+01
5.572692047134535187e+01
5.519502893292978030e+01
5.532378864542435792e+01
5.608187051531481160e+01
9.835518168015293838e+01
9.333281761591686632e+01
8.859683218225085000e+01
6.185339529386927637e+01
6.014085132302626846e+01
5.861931475246034751e+01
5.748513166655671824e+01
5.688661213773671932e+01
5.688884748874130537e+01
5.746517890035030263e+01
1.022335899162085582e+02
9.794227454898862106e+01
9.387730024527309070e+01
6.365217875921874935e+01
6.207165537018261148e+01
6.064206498710752413e+01
5.954246596180642825e+01
5.890307600130775256e+01
5.877976963252843490e+01
5.915304381669570688e+01
1.060009888661762574e+02
1.024673288951218524e+02
9.909878902338263629e+01
6.532222188642552396e+01
6.391770118181999294e+01
6.262181985700333797e+01
6.159190657358969645e+01
6.093924102764144379e+01
6.071153092188283296e+01
6.089717508257488277e+01
1.093512709089652333e+02
1.065064821368678878e+02
6.783308650183585087e+01
6.669786688219114978e+01
6.548567988757471880e+01
6.434275648643519219e+01
6.340410481446688351e+01
6.276430100502036424e+01
6.246534489524619005e+01
6.250331417769362474e+01
