1.785361065452996172e+03
1.784866430632800984e+03
1.784270030042611779e+03
1.783598626539190263e+03
1.782907033915270404e+03
1.770129495970724747e+03
1.769642224858459713e+03
1.769382507769587392e+03
1.769402096256174218e+03
1.769705729644153053e+03
1.785042828040479890e+03
1.784503711106920946e+03
1.783871763877326202e+03
1.783175530059879065e+03
1.782470560666267147e+03
1.769728073433719601e+03
1.769250610973660059e+03
1.769012021284750745e+03
1.769063928826215488e+03
1.769409546391405456e+03
1.784715854989068930e+03
1.784157739434413315e+03
1.783528720020930223e+03
1.782857362728534781e+03
1.782195109741969418e+03
1.769540492445890777e+03
1.769119629212995051e+03
1.768933474122110056e+03
1.769029063548011436e+03
1.769407188541107871e+03
1.784396314810439890e+03
1.783845671514191281e+03
1.783258049852091972e+03
1.782660267769316533e+03
1.770046078691984576e+03
1.769574274548671383e+03
1.769254218273704737e+03
1.769149460802252634e+03
1.769298182353144966e+03
1.769697956959807925e+03
1.784105014399889569e+03
1.783584716097413548e+03
1.783069718309117889e+03
1.782583744640548275e+03
1.770126011068514117e+03
1.769801234874034435e+03
1.769615289084106962e+03
1.769613118286453755e+03
1.769820622386867171e+03
1.770231488125331452e+03
1.783867921120811161e+03
1.783393946918248730e+03
1.782970154155728324e+03
1.782616584443027023e+03
1.770326813436522571e+03
1.770168992494487611e+03
1.770133129051257129e+03
1.770242657287459679e+03
1.770509114935721527e+03
1.770921783505656094e+03
1.783714505012091649e+03
1.783295060728939688e+03
1.782966723938046016e+03
1.770710554468057808e+03
1.770613194466041932e+03
1.770618895442069061e+03
1.770728789146021427e+03
1.770944737522045443e+03
1.771263511963245946e+03
1.771669760387307861e+03
1.783672779527714965e+03
1.783309848377260778e+03
1.783069269441495180e+03
1.770919724886957511e+03
1.770957945123088848e+03
1.771102428522772925e+03
1.771334650101467105e+03
1.771637591269472750e+03
1.771994677167416739e+03
1.772386237006422789e+03
1.783761513725533632e+03
1.783453609786155312e+03
1.783286068162216679e+03
1.771207562133749661e+03
1.771345302455251385e+03
1.771588960991214890e+03
1.771906036063068086e+03
1.772265462192106042e+03
1.772640413659460592e+03
1.773007966785052304e+03
1.783982321281814166e+03
1.783726778376920038e+03
1.771506828712247170e+03
1.771569754582535097e+03
1.771765923708970604e+03
1.772063071351108420e+03
1.772421160301403233e+03
1.772801039936963434e+03
1.773169861177505481e+03
1.773503211161657191e+03
