3.989726334318517047e+02
3.987732855013105677e+02
3.983170347077510769e+02
3.976328718080742988e+02
3.967884099568042302e+02
4.006359028836964171e+02
3.999609608577515019e+02
3.992223559060815319e+02
3.984509275871516820e+02
3.977008881983282436e+02
3.982285227236458240e+02
3.974695369655645436e+02
3.963070133754615085e+02
3.948207613696635008e+02
3.931574417412343223e+02
3.970839957272597189e+02
3.958680062784923166e+02
3.947428416122475028e+02
3.937570775206038434e+02
3.929741463368778795e+02
3.971064512704108438e+02
3.956581907414536659e+02
3.936506207476010104e+02
3.912313494282008151e+02
3.886450664978020768e+02
3.925912146652502770e+02
3.908029441246737292e+02
3.892898021632527161e+02
3.881042257422063244e+02
3.873105017674598685e+02
3.957190209219496637e+02
3.935197310246678626e+02
3.906131276531648382e+02
3.872259275129889602e+02
3.903095002628539305e+02
3.876240094210354528e+02
3.852949947105176420e+02
3.834338929944125312e+02
3.820804747036037838e+02
3.812912279910846678e+02
3.942442929833320591e+02
3.913183805186353652e+02
3.875577030374682295e+02
3.832678097588282071e+02
3.860582254534258482e+02
3.827197956976485216e+02
3.799143125852142475e+02
3.777586703217613717e+02
3.762722617313522733e+02
3.755007990236057935e+02
3.928864631474858129e+02
3.893448219794773877e+02
3.848670852726028784e+02
3.798218445871362974e+02
3.822721952985501730e+02
3.783682724377571844e+02
3.751451866650505167e+02
3.727310470188259046e+02
3.711363431035291569e+02
3.704033126749650364e+02
3.918292696021382540e+02
3.878536482215689603e+02
3.828674331031601241e+02
3.841209045171232219e+02
3.793374620922958798e+02
3.749602862782792272e+02
3.713604454980518312e+02
3.687003703293590320e+02
3.670125628222564274e+02
3.663521592142217287e+02
3.911973929231457987e+02
3.870149715939666635e+02
3.817761296643078026e+02
3.826648860508075245e+02
3.775363058221362849e+02
3.728003405488356066e+02
3.688759549752666089e+02
3.659887929724810647e+02
3.642303116633090667e+02
3.636859796932622544e+02
3.910358625466933518e+02
3.868896639580066790e+02
3.816767675513781910e+02
3.822860628641982998e+02
3.770373149005532696e+02
3.721145503703166924e+02
3.679787852549696368e+02
3.649346524303210799e+02
3.631552409045764875e+02
3.627644359004532362e+02
3.913097373312966738e+02
3.874279626573974156e+02
3.877894249725575833e+02
3.829659433217588003e+02
3.778651693847294268e+02
3.729985561026389860e+02
3.688495612790401310e+02
3.657911675952594237e+02
3.640726104379686490e+02
3.638491913175761283e+02
