7.163324001710666380e+02
7.155031887897793013e+02
7.145690117771644054e+02
7.135906372218536262e+02
7.126586506757846564e+02
7.002552054849849128e+02
6.999067131185826156e+02
6.998749872971826562e+02
7.001775459351366635e+02
7.007953735217364510e+02
7.157455804345926254e+02
7.148527384591420741e+02
7.138729550379147213e+02
7.128700816968619165e+02
7.119370313966998083e+02
6.996267450742016081e+02
6.993190666617297211e+02
6.993427426709336032e+02
6.997087719720589121e+02
7.003908468712911599e+02
7.151566907140449985e+02
7.142374442652106836e+02
7.132667046169615332e+02
7.123077365864588728e+02
7.114491818052846384e+02
6.993311315185330841e+02
6.991227228303334869e+02
6.992400144505805883e+02
6.996831575821373690e+02
7.004172587662382057e+02
7.146059917299108974e+02
7.136976146352360502e+02
7.127871004151074885e+02
7.119340141831983146e+02
6.997167768801554075e+02
6.993737243399349381e+02
6.993119162741978698e+02
6.995522220484641593e+02
7.000803498037939789e+02
7.008521520387693045e+02
7.141404814775486329e+02
7.132752724753848952e+02
7.124647282561192014e+02
7.117623759667458216e+02
6.998700114129748044e+02
6.997147244756397413e+02
6.998242072556677158e+02
7.001992639097888969e+02
7.008096978529537182e+02
7.016028618579534850e+02
7.138059926850145303e+02
7.130082171696052455e+02
7.123217044828551252e+02
7.117923345011417950e+02
7.002476607248775053e+02
7.002846416320089702e+02
7.005632411024801058e+02
7.010637908741532556e+02
7.017416082774828965e+02
7.025380664881585062e+02
7.136416438299447691e+02
7.129267523420229509e+02
7.123724299980532351e+02
7.008212357357433575e+02
7.007994764358369366e+02
7.010076324053258077e+02
7.014298511170539996e+02
7.020286735644190230e+02
7.027488255372204549e+02
7.035294987063746248e+02
7.136758340114190560e+02
7.130514319584139002e+02
7.126242887739574599e+02
7.013568325296316743e+02
7.014797466241680013e+02
7.018209534697291474e+02
7.023463731367836544e+02
7.030054861270255060e+02
7.037374895678375424e+02
7.044833695666059157e+02
7.139215970476981283e+02
7.133892358515417982e+02
7.130751827895647921e+02
7.020262425512682967e+02
7.022535219956728270e+02
7.026818475685940939e+02
7.032643131885805587e+02
7.039428057374115042e+02
7.046557980823920389e+02
7.053491604861447968e+02
7.143712490801667627e+02
7.139282089328988832e+02
7.027330113752378793e+02
7.028034629060326779e+02
7.030930258654422005e+02
7.035621242278028831e+02
7.041568944716526630e+02
7.048168156145129615e+02
7.054833271139591488e+02
7.061089068490572345e+02
