3.320813094688406295e+02
3.267629374283679908e+02
3.205157032698622857e+02
3.138840800143713068e+02
3.077783137395813355e+02
2.881259601287366650e+02
2.876330707517637393e+02
2.894338167939726532e+02
2.929813003916807475e+02
2.977024444377624945e+02
3.282905533061580741e+02
3.217555766591648876e+02
3.140889754073392623e+02
3.060635924584706800e+02
2.989002780730031077e+02
2.794071199321437007e+02
2.790021364732579627e+02
2.812784094227587843e+02
2.853598841278208624e+02
2.904740966374473032e+02
3.245289970374820427e+02
3.168677821412234721e+02
3.080454857232061840e+02
2.990902839073093560e+02
2.762951992957791276e+02
2.730518877972818927e+02
2.733374672680537287e+02
2.764196382418193707e+02
2.810213685539854396e+02
2.861962771808983348e+02
3.210642877858198290e+02
3.124847446921896221e+02
3.029040579916078855e+02
2.935924978961532474e+02
2.718606730303890231e+02
2.695015339545524853e+02
2.709394647839296795e+02
2.749948465102920068e+02
2.800151355953029793e+02
2.849511959736695985e+02
3.184040317125802062e+02
3.092185504681027624e+02
2.993128750836899030e+02
2.901258072000112520e+02
2.698263099091715844e+02
2.686040975917904916e+02
2.711811520675658471e+02
2.760157902425332281e+02
2.812263000026832742e+02
2.857566009535309490e+02
3.171421812036513188e+02
3.077385748341208682e+02
2.978973369973124363e+02
2.890964612949416619e+02
2.703157950876476434e+02
2.699003338257355722e+02
2.730552537816109293e+02
2.781098631020307153e+02
2.831784677528846146e+02
2.872894932240577077e+02
3.176975530848677067e+02
3.084964329120909952e+02
2.990410723626824279e+02
2.772757198436433441e+02
2.733502073624549098e+02
2.730450252623159599e+02
2.759280899394981361e+02
2.804851296238984446e+02
2.850570535364647071e+02
2.888264971946036894e+02
3.201146622987185424e+02
3.115186692424892385e+02
3.027250982853158234e+02
2.826910785592463071e+02
2.788319338218527150e+02
2.779992875121664611e+02
2.798902144228053999e+02
2.833683464109420242e+02
2.871700294841671735e+02
2.906736780980239701e+02
3.240496213261486105e+02
3.163933110305980563e+02
3.085137793364651202e+02
2.903779716111587845e+02
2.864466784890642543e+02
2.848395283623520413e+02
2.854607468360520102e+02
2.876341328235363903e+02
2.905525842028198440e+02
2.937984429289516015e+02
3.289211033870373058e+02
3.224311503117504003e+02
3.045034644953036036e+02
2.994340501227222262e+02
2.955794079224464781e+02
2.933851722363446584e+02
2.929387008655651812e+02
2.939653645127494315e+02
2.960608512133927093e+02
2.989839440090273683e+02
