3.733489878349971036e+02
3.718195308422167500e+02
3.701821814207283410e+02
3.685386722676373097e+02
3.670369116508347815e+02
3.517216146982566443e+02
3.513341617962018404e+02
3.515283956398603209e+02
3.523006617345889708e+02
3.535744569230154184e+02
3.716541620411971394e+02
3.698871412645511327e+02
3.680389743289427997e+02
3.662276094670352222e+02
3.646190350609692814e+02
3.493220389943689952e+02
3.489880610729705950e+02
3.493207373069622577e+02
3.502972483223271070e+02
3.518146322954396510e+02
3.698490080650419145e+02
3.678851914876340743e+02
3.658956242572017459e+02
3.640118262517537460e+02
3.624085177621246316e+02
3.473202463716090733e+02
3.471176208191755563e+02
3.476368204579314920e+02
3.488291685331144549e+02
3.505657422590398369e+02
3.680402476657787929e+02
3.659372839160466242e+02
3.638942776321372889e+02
3.620519039438620439e+02
3.465392520600988746e+02
3.458551859737621612e+02
3.458705286136872701e+02
3.466207870588474975e+02
3.480276251535879055e+02
3.499418455385676907e+02
3.663722634718366749e+02
3.641986253040390693e+02
3.621953579013947433e+02
3.605062412602102313e+02
3.454073844267925324e+02
3.450076547622120415e+02
3.453137869956244117e+02
3.463210217223326595e+02
3.479226424391450792e+02
3.499598171907010737e+02
3.650156736081141844e+02
3.628433799695611128e+02
3.609630678289279899e+02
3.595147166673475567e+02
3.448617930467742667e+02
3.448154897394759928e+02
3.454462931953053157e+02
3.467031084164212302e+02
3.484576970226048616e+02
3.505546612227208811e+02
3.641413829311138670e+02
3.620387642626726006e+02
3.603419443152230315e+02
3.452958468083145362e+02
3.449723645938137224e+02
3.452878174965299536e+02
3.462225717103456191e+02
3.476821176861479330e+02
3.495272273943791674e+02
3.516174131268546148e+02
3.638842869410579510e+02
3.619100911049993101e+02
3.604283503329040173e+02
3.457819525869499557e+02
3.457809250746309431e+02
3.464026693947187709e+02
3.475683507382826178e+02
3.491510946890938953e+02
3.510114893987258142e+02
3.530303343682505215e+02
3.643084473040069042e+02
3.625084523502962952e+02
3.612465274824296557e+02
3.470228609962881023e+02
3.472662815373045078e+02
3.480930007916794580e+02
3.493834578676748492e+02
3.509939261209804613e+02
3.527929733091614253e+02
3.546829073166967419e+02
3.653871562232849328e+02
3.637935877810847956e+02
3.491634590587373737e+02
3.489358074957119698e+02
3.493246227574027216e+02
3.502389678476237123e+02
3.515415002443132266e+02
3.530871900089666724e+02
3.547571350780132775e+02
3.564710224885309344e+02
