6.392352645712628600e+02
6.381149646471351389e+02
6.368292908908674690e+02
6.354358039418033286e+02
6.340396139921724625e+02
6.193880590109914692e+02
6.185162156374793767e+02
6.180880667346405062e+02
6.181825491505521768e+02
6.188008382924498392e+02
6.384283807114015872e+02
6.371936286319178180e+02
6.357992988183361831e+02
6.343060781264065326e+02
6.328252471969492490e+02
6.182235705179050456e+02
6.173157976124105062e+02
6.168886547897839137e+02
6.170231301001501834e+02
6.177157235103794619e+02
6.376115332390429558e+02
6.363033948515981137e+02
6.348601196218438645e+02
6.333435625114044569e+02
6.318655005917396466e+02
6.174030583787882733e+02
6.165414847097973734e+02
6.161752025929015417e+02
6.163779766448216151e+02
6.171381239625970920e+02
6.368308848397530255e+02
6.354954678804913328e+02
6.340677181335415753e+02
6.326086878151542123e+02
6.180638966995265946e+02
6.169738980761669609e+02
6.162427752152476614e+02
6.159975652097301690e+02
6.162957688099886582e+02
6.171149679112442072e+02
6.361461314278252530e+02
6.348298943826399636e+02
6.334783888165701455e+02
6.321496958194189801e+02
6.178383218276512707e+02
6.169489592419837436e+02
6.164145395261533622e+02
6.163342308195402666e+02
6.167433780803013406e+02
6.176086581961320690e+02
6.356256428892578469e+02
6.343713938928979132e+02
6.331460154803704654e+02
6.320022354434541967e+02
6.179564556768108332e+02
6.173138533722664079e+02
6.170098081486347610e+02
6.171101878373681302e+02
6.176271455792143570e+02
6.185191049685183771e+02
6.353359047373048725e+02
6.341796901903118169e+02
6.331150022508090842e+02
6.190575161043868775e+02
6.184195637953805544e+02
6.180333470676647494e+02
6.179573603226670002e+02
6.182246701442699077e+02
6.188276423227497389e+02
6.197209684332743791e+02
6.353274523518548449e+02
6.342963231450568173e+02
6.334099431777233349e+02
6.196061017979006920e+02
6.192059203981407336e+02
6.190542682669783972e+02
6.191751736407150020e+02
6.195738479851125931e+02
6.202286422241108994e+02
6.210951253505444356e+02
6.356215522787077816e+02
6.347322536637840358e+02
6.340256933983374665e+02
6.204596907536516710e+02
6.202661086316877572e+02
6.203061967570066599e+02
6.205761013726636293e+02
6.210602356093776280e+02
6.217287560891084013e+02
6.225412905726957433e+02
6.362021681433240019e+02
6.354608917916468727e+02
6.218137168038167601e+02
6.215560812407624098e+02
6.215247495095966315e+02
6.217036195260513978e+02
6.220691403638910515e+02
6.225921524463821015e+02
6.232391321681247973e+02
6.239750401237474762e+02
