5.243478363543158594e+01
2.085657287243149653e+02
1.722303096491023950e+02
1.740303221138552772e+02
2.098662656495478700e+02
9.017802546526927188e+01
1.088748167902485449e+02
1.221401518420079810e+02
1.298977482801437588e+02
1.336956812035151643e+02
2.656699390913300363e+02
1.882857274783102355e+02
1.576769363398167059e+02
1.595256778376269722e+02
1.895758828977978681e+02
8.411580215890565171e+01
1.055031656966791331e+02
1.205271274262275654e+02
1.292379050720902001e+02
1.334702535371048384e+02
2.802015919237407502e+02
2.002531404154084100e+02
1.597888096405407055e+02
1.597886873457527770e+02
1.986942288971172559e+02
8.445100084795264195e+01
1.060965861982338794e+02
1.210022952317877554e+02
1.295276615783383249e+02
1.336218991610180353e+02
3.250555004228464782e+02
2.501404815386783866e+02
2.036748438767897653e+02
2.026304946794531645e+02
6.833752714250890392e+01
9.133713232193012743e+01
1.104540770811126578e+02
1.233707149377499661e+02
1.306542768457560157e+02
1.341005843979668839e+02
3.867290255928845113e+02
3.292341117884000141e+02
2.925132132823841857e+02
2.919968824415751669e+02
8.445419308830393845e+01
1.022731150136481375e+02
1.169118146424270321e+02
1.267101082692216494e+02
1.321810824027386388e+02
1.347267240066501301e+02
4.460846460929369073e+02
4.088913159274494546e+02
3.857172702782351621e+02
9.056393351285332471e+01
1.016023018527300934e+02
1.135002092650835550e+02
1.233121691105046693e+02
1.299127396168462099e+02
1.336010699065776919e+02
1.352918729721082229e+02
4.904102541970490279e+02
4.693547466545992393e+02
4.569109928502734306e+02
1.089859966288685058e+02
1.153952031710035158e+02
1.223327360408982685e+02
1.281972134662113376e+02
1.322663117460022590e+02
1.345965577836709315e+02
1.356644354279796403e+02
5.175294080097111191e+02
5.067155830257742082e+02
5.009958903503393799e+02
1.212249263311713605e+02
1.244352913610659925e+02
1.280059153033131167e+02
1.312307861559560251e+02
1.336496096006245295e+02
1.351289366380206047e+02
1.358314289086342228e+02
5.317319739370576599e+02
5.260762212454981182e+02
5.236309406626028249e+02
1.279772122878006115e+02
1.293869440041228245e+02
1.310841679964924822e+02
1.328383382385171956e+02
1.343370236088906324e+02
1.353490396313243309e+02
1.358648687138135642e+02
5.388358483302114337e+02
5.349306371050463440e+02
1.307647809665915304e+02
1.310983988777737466e+02
1.317095549365833449e+02
1.325871819401376399e+02
1.336612313989572556e+02
1.346927720698281519e+02
1.354451888712958123e+02
1.358546086233543235e+02
