1.897365124137950332e+01
7.971975096677758188e+01
7.905449444847974405e+01
7.794649718948605255e+01
7.643628329898157858e+01
1.735541226200762566e+01
1.705545589452131949e+01
1.698530017665719782e+01
1.716375772518245668e+01
1.753875512128948344e+01
7.974860376803076178e+01
7.907717284662551549e+01
7.778465018245407236e+01
7.569397385431362579e+01
7.293325696450807527e+01
1.602408500609699615e+01
1.562618797286738648e+01
1.559102473811766920e+01
1.589894546312904033e+01
1.649038540491499560e+01
7.928760263118422813e+01
7.810684401227588580e+01
7.588385975692820296e+01
7.236592459232470276e+01
6.784280513427029291e+01
1.430665512729184208e+01
1.393115147389592501e+01
1.404900674168242247e+01
1.452413450214597113e+01
1.532113478596780531e+01
7.870141226444172844e+01
7.686193907788704394e+01
7.344997207190048982e+01
6.811293676669092179e+01
1.341075634450121257e+01
1.233644979841136546e+01
1.210321922973016839e+01
1.249696745926913977e+01
1.320354779322208394e+01
1.421812716075832839e+01
7.807035325399799319e+01
7.552001872241295644e+01
7.085470064233207665e+01
6.359012643663344022e+01
1.168709830645343573e+01
1.040328487925272327e+01
1.021760129391860339e+01
1.085991977424276023e+01
1.190289085515425249e+01
1.327538207504017187e+01
7.751802200991510006e+01
7.437150523233198385e+01
6.873003729469677126e+01
1.276476019260348416e+01
1.072403472458628748e+01
9.237647233639313171e+00
8.739799304544247249e+00
9.332184148393023904e+00
1.074919803549654418e+01
1.264005218552484955e+01
7.719523491055926456e+01
7.374065042497122136e+01
6.771749439258260850e+01
1.270298171323062242e+01
1.097857342492535260e+01
9.548890740680114675e+00
8.609417587478258582e+00
8.798964102844145430e+00
1.036799000481676458e+01
1.263138780733587119e+01
7.722501856114871543e+01
7.384166032649767430e+01
6.810325069110074026e+01
1.326167211489354791e+01
1.197513557027997244e+01
1.083207190134148945e+01
9.852810614841365222e+00
9.803463538367319430e+00
1.121944862140526844e+01
1.340688537647041301e+01
7.762141796669132532e+01
7.466188816498177516e+01
6.972036825196386189e+01
1.409682492167271661e+01
1.307746954905939418e+01
1.222732453542091235e+01
1.156801709840525838e+01
1.166904198803392489e+01
1.288767421064173924e+01
1.468976746419648904e+01
7.826188472563603682e+01
7.596151546416034250e+01
1.619567027393838288e+01
1.510687832082581572e+01
1.423564057083752843e+01
1.362020001455882046e+01
1.333961796820151591e+01
1.367726502365398389e+01
1.471026499644757557e+01
1.605189655237722235e+01
