7.979508015163257824e+02
1.349055922021456126e+03
1.366749739880194056e+03
1.389124178132112092e+03
1.409564865742092479e+03
8.471450527861393311e+02
8.523005191668760290e+02
8.548642786302098102e+02
8.559525753588188763e+02
8.563527025082212276e+02
1.217614042478787269e+03
1.232545070352491848e+03
1.273146565113765291e+03
1.324168835344926265e+03
1.370483057629237692e+03
8.354468239889699817e+02
8.470825906512061465e+02
8.528394195631309458e+02
8.552639869349438868e+02
8.561443358311756811e+02
1.004540360630718624e+03
1.034290381629846479e+03
1.114266651933862022e+03
1.214364796153814950e+03
1.304834428096324700e+03
8.156043879699267336e+02
8.382721182648599552e+02
8.494454876549416440e+02
8.541236903514339929e+02
8.558061804789682583e+02
7.068790825026027278e+02
7.572870304526342125e+02
8.924638218952304669e+02
1.061368256836687578e+03
7.229847820383570252e+02
7.879098419769119346e+02
8.260167610128810338e+02
8.447519156788468990e+02
8.525620812339775512e+02
8.553507287221920024e+02
3.794144049064050819e+02
4.510765152782634004e+02
6.466800881860984873e+02
8.917787678351701288e+02
6.629829707522542321e+02
7.572101507621737255e+02
8.124696180813720048e+02
8.395898034530501945e+02
8.508591429504589314e+02
8.548611107644879894e+02
1.359041786720938205e+02
2.100575988606524334e+02
4.494778021343515206e+02
4.495753760088412037e+02
6.146778965754627961e+02
7.325325340907320424e+02
8.016155583215706883e+02
8.354781818337315826e+02
8.495157890622314198e+02
8.544808386100984308e+02
9.806007419943455261e+01
1.298658944586617281e+02
3.750372778833784650e+02
4.182347039088583642e+02
5.961082073781451527e+02
7.230938026964794290e+02
7.975071113471992703e+02
8.339502568320032196e+02
8.490313630450426672e+02
8.543502020966167265e+02
1.496252235987223287e+02
2.197400399433587950e+02
4.536107235775882032e+02
4.499312411932743885e+02
6.149720737688079453e+02
7.328102220361946593e+02
8.018501860221119841e+02
8.356407159895960604e+02
8.496071168598432450e+02
8.545235076774441723e+02
3.884389917589568313e+02
4.595759296901310336e+02
6.523984140332081552e+02
5.316021789000648141e+02
6.635181955011298669e+02
7.577010637887505027e+02
8.128731115826254836e+02
8.398647611150569219e+02
8.510125879549236743e+02
8.549328907168770684e+02
7.127659328220809130e+02
7.638402816329898997e+02
5.319755637577222842e+02
6.328142720044281759e+02
7.236584121249896953e+02
7.885055780511150942e+02
8.264871074566659672e+02
8.450641351584174572e+02
8.527342523014521021e+02
8.554312705497553679e+02
