9.636464504363154049e+01
9.592416439641522174e+01
9.563457560395427492e+01
9.547062436406844199e+01
9.541325426287143330e+01
1.114020579730889580e+02
1.125506146734581847e+02
1.134770554602883692e+02
1.140819140813723749e+02
1.144028176028580930e+02
9.473727319147836567e+01
9.405605722086427534e+01
9.354726169158973903e+01
9.312794898591708659e+01
9.279422285325919972e+01
1.098679309857296005e+02
1.115461294360471385e+02
1.129103797780372815e+02
1.138077284774660427e+02
1.142889055961913556e+02
9.217069918779243665e+01
9.116545411681120470e+01
9.038750638928688375e+01
8.965378937086070721e+01
8.898357784248121050e+01
1.077926080087695766e+02
1.102229497594647825e+02
1.121722317203065984e+02
1.134465326039456983e+02
1.141313762049465481e+02
8.801725260160384323e+01
8.656553124714476155e+01
8.553417711765966658e+01
8.461531902670725458e+01
1.011927631069370932e+02
1.049487808993481224e+02
1.084904144291150061e+02
1.112378737006287821e+02
1.129970568618870743e+02
1.139337859742205694e+02
8.162144173399470048e+01
7.957200033145085172e+01
7.838462617006518940e+01
7.765448575707115708e+01
9.531254418432457953e+01
1.011054058032536744e+02
1.062606974477031372e+02
1.100896349901318416e+02
1.124665800822413644e+02
1.137076532000740201e+02
7.313579496067988828e+01
7.042352948111184219e+01
6.918889367571858884e+01
6.905750924006581215e+01
8.760886703938805908e+01
9.622776841469989506e+01
1.035408457949267387e+02
1.087500715696083802e+02
1.118776166704712267e+02
1.134703237587175266e+02
6.453138018840346035e+01
6.143903995943879437e+01
6.010998153385050102e+01
6.701551249367352625e+01
7.890671813942870472e+01
9.078333570107787409e+01
1.005801186010748722e+02
1.073422218381114845e+02
1.112868027917357381e+02
1.132474619165589473e+02
5.919726041776663550e+01
5.651508180237519952e+01
5.486632480498127507e+01
5.693486181182623085e+01
7.120946990604852544e+01
8.589931508982546404e+01
9.795687090207225367e+01
1.061311309356554347e+02
1.108019213061148491e+02
1.130783799883499228e+02
5.852082455215951029e+01
5.689393634871874639e+01
5.499438619175084142e+01
5.229610831917511860e+01
6.686779114027680748e+01
8.301417291606369986e+01
9.643594191004798688e+01
1.054692172132687205e+02
1.105635553641671294e+02
1.130110171713102716e+02
6.004692811595928248e+01
5.924181027308800651e+01
4.626901142619927043e+01
5.324758994848799887e+01
6.705409343222845564e+01
8.312740424429337338e+01
9.660430224173687463e+01
1.056338227211964522e+02
1.106806225336317198e+02
1.130798707566232935e+02
