1.215635590464112852e+02
1.207105411931373169e+02
1.197551081868574983e+02
1.188029369951991896e+02
1.180637426655317483e+02
9.865645715293148044e+01
9.897277852123035302e+01
9.920329162703586690e+01
9.932065733040545297e+01
9.935499272275492899e+01
1.207069197245617431e+02
1.194699268783220560e+02
1.180338869896747269e+02
1.165350227600456208e+02
1.152783968640894585e+02
9.836681612794551199e+01
9.855074571835476149e+01
9.867036640355581767e+01
9.871551741463832741e+01
9.873465424503261545e+01
1.201011327883853426e+02
1.185168167643193016e+02
1.166335574553256151e+02
1.145846519590155594e+02
1.127244233076822724e+02
9.805157021964920716e+01
9.787495029807023172e+01
9.768073218564046556e+01
9.752027018402466751e+01
9.748155841889555973e+01
1.201250137931437791e+02
1.183068621682574957e+02
1.160527557257659623e+02
1.134574238047753596e+02
9.851027020305205895e+01
9.774814541634003717e+01
9.690935535561422398e+01
9.613335651117211000e+01
9.558841408648291349e+01
9.542496137179446691e+01
1.210715276359926946e+02
1.191568175477485454e+02
1.165708830284838768e+02
1.133523489911262772e+02
9.921085192396070340e+01
9.755219114838138239e+01
9.575544074397583927e+01
9.415372240475156218e+01
9.307111115537388457e+01
9.271404395480605842e+01
1.229605297785337683e+02
1.210969178218942659e+02
1.182151834896604043e+02
1.142946706104355883e+02
1.003503350357199082e+02
9.761277361064364300e+01
9.471002029183021875e+01
9.220851130353138103e+01
9.057616539673236389e+01
8.999871727997020798e+01
1.254663392188652011e+02
1.238310885100368068e+02
1.207986802604416141e+02
1.048169497069022640e+02
1.018169966079193358e+02
9.804529142592699031e+01
9.414306888082619196e+01
9.091636112315202922e+01
8.890822413610750630e+01
8.815075758479068213e+01
1.279819966383824266e+02
1.267456665881537958e+02
1.238283600661703474e+02
1.069345347846590499e+02
1.033077671628112313e+02
9.878853291162623407e+01
9.420620518580270186e+01
9.055787604132943613e+01
8.839039509476674539e+01
8.751756747676459725e+01
1.298277056354091030e+02
1.290691676366716081e+02
1.265365716138768164e+02
1.082728553773668239e+02
1.044040537914816724e+02
9.957834865929763168e+01
9.471155151115034698e+01
9.088124827860673349e+01
8.862860873648118343e+01
8.766677184206541540e+01
1.305468179140717098e+02
1.302157218627098416e+02
1.106953855256321901e+02
1.084542166617998049e+02
1.047736231520226511e+02
1.001334867302845453e+02
9.539009642584973392e+01
9.156164195278704199e+01
8.921373940229391053e+01
8.817504565923889004e+01
