1.723012297446358616e+02
1.717682817531782860e+02
1.712274793060461775e+02
1.707056286804379113e+02
1.702124433573668227e+02
1.707685280468465692e+02
1.710911740445043847e+02
1.713088583615005973e+02
1.714309584520465535e+02
1.715016695339229784e+02
1.701382135447233566e+02
1.690421500417456286e+02
1.680945568940254020e+02
1.673680537144664413e+02
1.668284151397218977e+02
1.688708159159035915e+02
1.697432819217127360e+02
1.703578765260029115e+02
1.707249252080687825e+02
1.709405275233621921e+02
1.658125661008381826e+02
1.637227992729710024e+02
1.621912076672715841e+02
1.613776522229474324e+02
1.611379413178865434e+02
1.650129144330014412e+02
1.670751033785732034e+02
1.685783004632310451e+02
1.695116769044014404e+02
1.700540576504238857e+02
1.583022775928486396e+02
1.546585946812963925e+02
1.523516455144082329e+02
1.516584923678655343e+02
1.536548786378571094e+02
1.582777969001376164e+02
1.625288860316668433e+02
1.657145824532452991e+02
1.677445759197623829e+02
1.689049888746323518e+02
1.472505211386777262e+02
1.415978831935111089e+02
1.384105129468144924e+02
1.380217284301690768e+02
1.401790988408781118e+02
1.482921322430261455e+02
1.559067159024222349e+02
1.617458116517564406e+02
1.655321450328732453e+02
1.676654745807390725e+02
1.339422316049049755e+02
1.264468116995452931e+02
1.226131846855327296e+02
1.225257085395007977e+02
1.237598757171636521e+02
1.360111749967457797e+02
1.478134349120715854e+02
1.570559180267960357e+02
1.631204330736023280e+02
1.665048685718303716e+02
1.215440284681497332e+02
1.134254185554520120e+02
1.097453336526677958e+02
9.635973591166175822e+01
1.082696090970393641e+02
1.240410381111973805e+02
1.398477106461284620e+02
1.525000591002605574e+02
1.608727345595642930e+02
1.655265499985420377e+02
1.134829534912938414e+02
1.063097430135183430e+02
1.036984734102180994e+02
8.607081792251472052e+01
9.823329919756714901e+01
1.157222591331133401e+02
1.341712154797716039e+02
1.492537054479941503e+02
1.592912934429178904e+02
1.648710444690491954e+02
1.111359523625078651e+02
1.051202016729435655e+02
1.036059517978303006e+02
8.407461982923814503e+01
9.567691874685840503e+01
1.133359662937698289e+02
1.325327233763963193e+02
1.483765043117212485e+02
1.589244745008188033e+02
1.647930738811014635e+02
1.141739435514388248e+02
1.082338722934746613e+02
8.247352652994874234e+01
8.835662103526047417e+01
1.001288558682693406e+02
1.172524220755714168e+02
1.354267700356598709e+02
1.502505942043229652e+02
1.600447466130623297e+02
1.654839133169322452e+02
