2.288793211071559881e+02
2.279977191631473659e+02
2.263073721591579499e+02
2.235895311543962407e+02
2.200169922251999992e+02
2.189715155390255745e+02
2.181074169390078623e+02
2.177383285188946331e+02
2.177041167240922164e+02
2.178497825303053901e+02
2.291040652871266445e+02
2.282407531590262693e+02
2.265448563993549556e+02
2.238019638597049266e+02
2.201829606237472206e+02
2.191883179556317600e+02
2.182301816859882138e+02
2.177701257696694768e+02
2.176871837854379521e+02
2.178429732423593066e+02
2.296107764842235781e+02
2.288815112884423968e+02
2.273401599067560710e+02
2.247850861261478883e+02
2.213487441537362770e+02
2.198704203355505058e+02
2.187706749744392312e+02
2.181337355294512861e+02
2.179404879813092748e+02
2.181051390948750281e+02
2.305312805950710526e+02
2.300454072278781723e+02
2.287768148667350943e+02
2.265491734165287312e+02
2.225168025767948734e+02
2.211014935095110161e+02
2.198545993748200260e+02
2.190192889531983553e+02
2.186725748835190188e+02
2.187799696407009264e+02
2.319579372821515051e+02
2.318008009357189394e+02
2.308574859094838700e+02
2.289878383633175361e+02
2.243764917993107986e+02
2.228653657382538427e+02
2.214565413447179480e+02
2.204154869142202244e+02
2.198712065275029204e+02
2.198173102688699885e+02
2.338529701380066967e+02
2.340748167194743701e+02
2.334485799738434935e+02
2.318715989212285251e+02
2.266986642864245312e+02
2.250059674585048128e+02
2.233730828061660816e+02
2.220832305008787557e+02
2.212835933307251537e+02
2.209774517335679320e+02
2.359669246156418012e+02
2.365736189820807454e+02
2.362217380387554897e+02
2.307674178054113838e+02
2.291837762599411121e+02
2.272335559704795855e+02
2.253086712452110021e+02
2.237173631764929667e+02
2.226175692677232405e+02
2.220188191005795488e+02
2.378386543885368383e+02
2.387790328618188482e+02
2.386479494243361330e+02
2.330987643949070787e+02
2.313474173471659299e+02
2.291482993393975107e+02
2.269386566272647769e+02
2.250553859630203704e+02
2.236721280577648940e+02
2.228093593753717698e+02
2.389353145866435852e+02
2.400947292961598407e+02
2.401284546537478946e+02
2.344685862972830819e+02
2.326489951533369833e+02
2.303273116806801966e+02
2.279609372871788082e+02
2.259033157520067903e+02
2.243427892685692484e+02
2.233129945754986352e+02
2.388959295410140840e+02
2.401134304870233223e+02
2.352619152024867049e+02
2.344524246460788390e+02
2.327250285542047834e+02
2.304920976638370007e+02
2.281913097663638439e+02
2.261650493337585317e+02
2.246025411965372598e+02
2.235457886514814447e+02
