7.694991885735772996e+01
7.668825296569595196e+01
7.636566292359259478e+01
7.605735388232301375e+01
7.585131339112307103e+01
5.775158451334105791e+01
5.795521727813336099e+01
5.822058009629089526e+01
5.847099620509444406e+01
5.865415926286017623e+01
7.619749908718237918e+01
7.548728077946122994e+01
7.467674714067787534e+01
7.395231617381938349e+01
7.351815030423853159e+01
5.610831865119195072e+01
5.654698326786888884e+01
5.715455432960018101e+01
5.776070313992632776e+01
5.823995301884735909e+01
7.466945507588599185e+01
7.308271480069173265e+01
7.132720596515467548e+01
6.979899922874483309e+01
6.892057476383429560e+01
5.286350355976312443e+01
5.372693739425664461e+01
5.497988734191775251e+01
5.627588887335942758e+01
5.734475914580640676e+01
7.210068283238221909e+01
6.907372738231408960e+01
6.577812218878192141e+01
6.293460544045966998e+01
4.715887688124225008e+01
4.742643241627016693e+01
4.893262433894810215e+01
5.122493885836376393e+01
5.367034069232635574e+01
5.574496716533030849e+01
6.847136306636811298e+01
6.348555092281326750e+01
5.815761120985995092e+01
5.360032195491951512e+01
3.967967002887618122e+01
3.988233619036661537e+01
4.209841966453605266e+01
4.574135937028609789e+01
4.979274438302353900e+01
5.332616853788682221e+01
6.420580975468064366e+01
5.711697675246407613e+01
4.986653991657527030e+01
4.392495246602042158e+01
3.215341081799170553e+01
3.189992211908009523e+01
3.430906862764314269e+01
3.912518310311514114e+01
4.495221953181088281e+01
5.024272477809591919e+01
6.015606214534946616e+01
5.145236783149145054e+01
4.343278834378838837e+01
3.057305853804458451e+01
2.831761873706778232e+01
2.705152635746327761e+01
2.810068509865057607e+01
3.289908985315544498e+01
4.004599580069468345e+01
4.700801829183041036e+01
5.724478797253802753e+01
4.779168185404847691e+01
4.048080097331625637e+01
3.057855520339919764e+01
2.943364158910502937e+01
2.726274888801548357e+01
2.574458157854043705e+01
2.884592346341189995e+01
3.629415574468809069e+01
4.438578773218485907e+01
5.604397894908292699e+01
4.638936482101825476e+01
3.981668062221824300e+01
3.168963516094953903e+01
3.138064529455461127e+01
2.898908273213853093e+01
2.602977258091699042e+01
2.754202135543078356e+01
3.461552885268088886e+01
4.307968882717863579e+01
5.672514214539584998e+01
4.702151732193617306e+01
3.272467597935715844e+01
3.133656325334627013e+01
3.087011051420314800e+01
2.882116056887348421e+01
2.650919038596366306e+01
2.837273774885661837e+01
3.525761303913741784e+01
4.342511083147870465e+01
