8.604928635158995576e+01
8.507193034469104020e+01
8.497314977792180457e+01
8.639583045896229407e+01
9.011214077449966453e+01
7.211017109883215426e+01
7.548647009896387772e+01
7.818942996467934847e+01
8.004915356343546762e+01
8.122594640389493748e+01
8.510567910118703594e+01
8.412485075899751052e+01
8.375762583278164186e+01
8.477380028374537346e+01
8.819895858840276048e+01
6.994002650823838962e+01
7.361346275203317191e+01
7.658799866797920686e+01
7.868811861534895513e+01
8.008806062658160840e+01
8.537173381693949636e+01
8.412646844877012597e+01
8.369506162307364150e+01
8.469864562812739450e+01
8.791023547017915973e+01
6.839361392915070326e+01
7.197003109385131836e+01
7.490759860561598771e+01
7.706787274905332197e+01
7.862646283759904975e+01
8.743402538389298684e+01
8.582185959809011422e+01
8.539436946076018842e+01
8.644756371739302381e+01
6.439806722965349195e+01
6.741834777977096849e+01
7.048415789781152796e+01
7.307292226364263854e+01
7.511398784591288802e+01
7.677118777716430031e+01
9.172633764636694309e+01
8.989361725892720756e+01
8.931852306525421170e+01
8.999808732946291912e+01
6.475065798841021092e+01
6.686763552142417666e+01
6.908879986753265712e+01
7.108697986796819634e+01
7.287421812631507123e+01
7.458606551504588822e+01
9.744550766658328200e+01
9.561646444768389586e+01
9.470059106137200899e+01
6.523372989729845983e+01
6.575706453538471408e+01
6.675755552665481218e+01
6.794099154191840739e+01
6.921621890129530641e+01
7.067767371049066583e+01
7.240258679775079997e+01
1.030668913113353256e+02
1.013780772752541424e+02
1.000740061851398934e+02
6.779639628681124464e+01
6.741592508094991842e+01
6.729020914917732910e+01
6.741586130875754179e+01
6.796044244764296138e+01
6.908114200135752014e+01
7.075514822546834637e+01
1.074805885188535939e+02
1.059703648178092124e+02
1.043840519170723695e+02
7.075611320444980379e+01
6.965226792020037294e+01
6.857966085513322696e+01
6.780322883442453019e+01
6.772230157993408284e+01
6.852219078236826988e+01
7.005809579946584620e+01
1.103906637855836550e+02
1.090483115523579016e+02
1.073389628868674919e+02
7.372306238091891828e+01
7.213887737231880237e+01
7.042053902253009312e+01
6.901942135214086704e+01
6.848169733362654199e+01
6.899348142821426677e+01
7.032091786822728352e+01
1.120496410450937077e+02
1.108519534907827477e+02
7.771989687907820610e+01
7.627360153774573348e+01
7.445573543949195994e+01
7.242866675642400764e+01
7.071654015024891748e+01
6.990302578333165684e+01
7.017060913179605564e+01
7.127448134550027703e+01
