1.459431115986046201e+01
1.437459573425948101e+01
1.406041866678385688e+01
1.368440317401953799e+01
1.333595607145199402e+01
3.287383405719847218e+01
3.327973455945605963e+01
3.373047072904332566e+01
3.418228330323042741e+01
3.467305120956999076e+01
1.445227546612631997e+01
1.424793043852748298e+01
1.396142908991875586e+01
1.363366803096262458e+01
1.335481144830013100e+01
3.225807086904692511e+01
3.306817066553431772e+01
3.376204820597393308e+01
3.426952018600579919e+01
3.470462674805243353e+01
1.436489126194072874e+01
1.419427468818936688e+01
1.395992144252631029e+01
1.371329285495513695e+01
1.353700281738142053e+01
3.191186784019406630e+01
3.309343400867994234e+01
3.400722687455044024e+01
3.457388326746379903e+01
3.496585107198489339e+01
1.433440902005403572e+01
1.420814404749287618e+01
1.404441895176453414e+01
1.390537811196505302e+01
3.047074692189047695e+01
3.185559272195751390e+01
3.325724464561223215e+01
3.431289342351360716e+01
3.495403491414314345e+01
3.536370781732140500e+01
1.433359027931594554e+01
1.425627551139607618e+01
1.417722139304648188e+01
1.416135443702782482e+01
3.071437115820237906e+01
3.218198681998957511e+01
3.362501212460983879e+01
3.472274642755165530e+01
3.542712971628910168e+01
3.588444966031059380e+01
1.435136810104021343e+01
1.432265853180476967e+01
1.433197847373835998e+01
3.045126875565335922e+01
3.155282028597801158e+01
3.297486874962282144e+01
3.432518155176059338e+01
3.536920428684057782e+01
3.607633489472033261e+01
3.653621244388376255e+01
1.441478736543581007e+01
1.442721574632947146e+01
1.450890822681808956e+01
3.172687124955072591e+01
3.285064050054068474e+01
3.414131376270148621e+01
3.531890622221678910e+01
3.623255194418887015e+01
3.685871077661450812e+01
3.723867979292003128e+01
1.454997656020590568e+01
1.458855895632936850e+01
1.470853157207736039e+01
3.327946011982966468e+01
3.431409642827888717e+01
3.540273961347370602e+01
3.636313356382648010e+01
3.709922069341813256e+01
3.758462239427774421e+01
3.783071589069071194e+01
1.473744373511993189e+01
1.478502909706186941e+01
1.490686689278898669e+01
3.478393006690583888e+01
3.562209756364398316e+01
3.646237054751632911e+01
3.718903358425542649e+01
3.773386006489443645e+01
3.806439852203420315e+01
3.817723823257335170e+01
1.492274543846531110e+01
1.496663719315347940e+01
3.545334506953606279e+01
3.596969555025457055e+01
3.656764620269536437e+01
3.715659894105409933e+01
3.766227191597879909e+01
3.803127223880009211e+01
3.822884669376862377e+01
3.824631127506508221e+01
