1.407614673358685309e+02
1.395054670400715509e+02
1.377987780174065335e+02
1.353580595796914565e+02
1.320442451702850519e+02
1.458664617948988678e+02
1.419037975315191034e+02
1.398744887430493691e+02
1.403631687670922474e+02
1.430942760204460455e+02
1.402613099513079362e+02
1.386224988690287034e+02
1.362243390186447982e+02
1.326963768209051011e+02
1.279562590163205726e+02
1.385373581097080091e+02
1.333403286907193319e+02
1.310648074343636154e+02
1.320395640666755241e+02
1.354340183040530121e+02
1.402930213383241380e+02
1.383558865053782654e+02
1.353398366119089360e+02
1.308391311233222041e+02
1.249268569597671785e+02
1.333720779674576704e+02
1.278497734613457055e+02
1.261544738697684807e+02
1.278543532007279708e+02
1.314017981341650909e+02
1.409207507341002099e+02
1.388668745186515139e+02
1.354905615843894111e+02
1.304085410857202589e+02
1.395709186519305263e+02
1.317276271887880625e+02
1.267054663941362520e+02
1.259275990537168326e+02
1.280974952315957296e+02
1.312186211245721950e+02
1.420918379560582423e+02
1.401728493824334407e+02
1.368353107337163976e+02
1.317459487726645477e+02
1.415070545029915081e+02
1.340551575437024496e+02
1.295918388087619348e+02
1.291063537760385600e+02
1.310088560155192567e+02
1.334217036625825870e+02
1.436461180170432499e+02
1.421074276920869579e+02
1.392191759966049176e+02
1.536576888781968364e+02
1.465936586097417091e+02
1.398928568789848725e+02
1.356091309190055370e+02
1.345267546884097953e+02
1.354989618520760928e+02
1.372335375569714131e+02
1.453191088250543714e+02
1.443110704377504021e+02
1.421486471735358634e+02
1.593529896709280820e+02
1.536789026799836222e+02
1.480362994132830465e+02
1.439002320125435688e+02
1.420116463098541999e+02
1.419513671103927663e+02
1.431193617623441696e+02
1.467863874585295036e+02
1.463196505263461802e+02
1.449532918915099344e+02
1.651019364532175189e+02
1.610485797074228458e+02
1.567609090132565655e+02
1.531992390726561268e+02
1.510282312482204077e+02
1.503371463434897066e+02
1.509979194140789502e+02
1.477684973776295863e+02
1.477342810505049329e+02
1.470529752426128027e+02
1.696958361748006041e+02
1.671658237179961759e+02
1.643225034119541021e+02
1.617342246306866400e+02
1.598955101966733139e+02
1.590513406840859432e+02
1.592594213506090455e+02
1.481369312469523436e+02
1.483675270447128014e+02
1.734398757655577583e+02
1.725541918586405075e+02
1.712075518500653004e+02
1.695989431411819055e+02
1.680266206537681342e+02
1.667823943719133979e+02
1.660580140809842362e+02
1.659301649552718345e+02
