3.068980171666129991e+03
2.933664261002398689e+03
3.032208233069217840e+03
3.340919648105782471e+03
3.783301715958964451e+03
4.262013772107628029e+03
7.454564709396800936e+03
7.995476078375402722e+03
8.373482405418555572e+03
8.611095302111036290e+03
2.128624926877099369e+03
1.937745706399572327e+03
2.067839442397336370e+03
2.492920500506377266e+03
3.105065319317045578e+03
5.978530516861321303e+03
6.925282320177416295e+03
7.668670781452095980e+03
8.187380493042009221e+03
8.513152484116193591e+03
1.271624869839895155e+03
1.022603992072959727e+03
1.165959912686725147e+03
1.698514093550826829e+03
2.472204942372384266e+03
5.244933898030915771e+03
6.433550467648440645e+03
7.365122309738963850e+03
8.014485887940797511e+03
8.422133618503918115e+03
7.224718237424177687e+02
4.479315730878653881e+02
5.276983735136630003e+02
1.129174256356053320e+03
3.206376426122997145e+03
4.722430711673028782e+03
6.083153153323630249e+03
7.148670725597240562e+03
7.891139819564353274e+03
8.357203776403457596e+03
5.761831231297693421e+02
3.515717897780988892e+02
3.120688125760896128e+02
9.233052436891156276e+02
2.947328024888131040e+03
4.533320597967059257e+03
5.956145294343045862e+03
7.070189300024946533e+03
7.846485743984749206e+03
8.333804705111751900e+03
7.243070334773635750e+02
4.520054240112414163e+02
5.318073432790383777e+02
1.131084636284290355e+03
3.207888595150618585e+03
4.723160559922643188e+03
6.083607257008790839e+03
7.149134740170141413e+03
7.891723443379320088e+03
8.357871038531100567e+03
1.273507304905225283e+03
1.025886259331361771e+03
1.169488256112324962e+03
2.700932996794976589e+03
3.926253636435995759e+03
5.246651084956534760e+03
6.434806509805957830e+03
7.366313703181374876e+03
8.015775751996338840e+03
8.423466756898003950e+03
2.130039212900001985e+03
1.939971420567511586e+03
2.070497261107617305e+03
3.963275669876741176e+03
4.932796159605079083e+03
5.981214011323084378e+03
6.927506624087266573e+03
7.670724859063000622e+03
8.189385857102521186e+03
8.515040390449375991e+03
3.069993331945290265e+03
2.935213281106373870e+03
3.034188565358392225e+03
5.310432202883107493e+03
6.011274790954151285e+03
6.770430836879678282e+03
7.457444080249745639e+03
7.998134980645044379e+03
8.375937342775050638e+03
8.613259084822515433e+03
3.917630980754822758e+03
3.829518480360799003e+03
6.191481782727303653e+03
6.514996134413187974e+03
6.977872986467822557e+03
7.479567454953580636e+03
7.934400659953395916e+03
8.292997646852207254e+03
8.543879815598465939e+03
8.701561985453941816e+03
