9.587449397870655332e+01
9.220893602361863373e+01
8.664069934921816696e+01
7.915507551727850455e+01
7.053571035508325338e+01
7.048557663400681861e+01
6.153959885983155687e+01
5.866611414131202196e+01
6.021123306165989675e+01
6.421577328778394644e+01
9.576700167225720861e+01
9.201457992988440537e+01
8.632701210402568393e+01
7.870094563893000839e+01
6.996127586813938137e+01
6.847817918113021562e+01
5.966634043587717429e+01
5.728602016081859460e+01
5.928508070672777563e+01
6.346666064360704240e+01
9.608782021517610872e+01
9.256975881207833368e+01
8.724014691590201664e+01
8.009267569835131440e+01
7.187910386417135555e+01
7.153166536164381739e+01
6.294654875323209353e+01
6.029544625242045441e+01
6.206837565608157803e+01
6.640118735522484883e+01
9.682462020906774569e+01
9.382084494183813206e+01
8.925887332605280733e+01
8.312076909191159757e+01
9.030951803560976998e+01
7.912881523978127518e+01
7.116313457168516265e+01
6.804042142250696656e+01
6.916996572465770043e+01
7.335658438771542933e+01
9.787805262649440863e+01
9.556280416532987942e+01
9.201424235694656772e+01
8.720207120095135167e+01
9.857374706124817010e+01
8.954489594552701703e+01
8.276647767059162675e+01
7.961311184934457685e+01
8.014952224483832310e+01
8.378383954070440609e+01
9.908908824328118214e+01
9.750644047025970451e+01
9.502063856026495614e+01
9.159498257015206946e+01
1.073894615195320341e+02
1.007009119441943170e+02
9.549398581057167235e+01
9.283097471412735047e+01
9.303626241142281117e+01
9.587365220343734507e+01
1.002784622777903962e+02
9.936104675520725493e+01
9.782515177275361395e+01
1.200291705268140419e+02
1.154573781085364317e+02
1.109327818348038477e+02
1.073403599534533441e+02
1.054196198440458261e+02
1.055010283939538169e+02
1.075061924344543769e+02
1.012815366021369670e+02
1.008929530696690335e+02
1.001005286574228847e+02
1.248635087932558321e+02
1.220484034831224420e+02
1.192689925534971707e+02
1.170475226908388038e+02
1.158407469167194819e+02
1.158854577854233980e+02
1.171586582794768958e+02
1.019759903999997874e+02
1.019544919846852906e+02
1.016735513030801172e+02
1.284969694150507848e+02
1.269211552839235395e+02
1.253781756050164233e+02
1.241460107784146487e+02
1.234714092824460607e+02
1.234899947817505392e+02
1.241944602202080574e+02
1.023049199432989269e+02
1.024965825010243066e+02
1.316683806861948938e+02
1.309592611271219766e+02
1.301636425849385716e+02
1.293908256282153388e+02
1.287722224014816845e+02
1.284224108260632420e+02
1.284050658664152991e+02
1.287175668937093747e+02
