4.571960663608331288e+01
4.478458816209932536e+01
4.377119679589654311e+01
4.278530421907526460e+01
4.202129778690908779e+01
3.592000746941737788e+01
3.412983789572619742e+01
3.386672122949559594e+01
3.455908096161336829e+01
3.569741408935981752e+01
4.469922877610207479e+01
4.352874478336450181e+01
4.228842129588331034e+01
4.112533802248970716e+01
4.031505577419722641e+01
3.464588057979494096e+01
3.335338953233799231e+01
3.368715924646441806e+01
3.468463551674997092e+01
3.570496870654770305e+01
4.376314402795162550e+01
4.241791739404930439e+01
4.101098844839417978e+01
3.970870304790513217e+01
3.884786287978396047e+01
3.438091796362737540e+01
3.342465582376861022e+01
3.407306250180935336e+01
3.521073630327625636e+01
3.617909909175575933e+01
4.307535478546679286e+01
4.165773975357520698e+01
4.019386352609542001e+01
3.883322318010443297e+01
3.785777911068517199e+01
3.511757325210163572e+01
3.413419281968469221e+01
3.465777047690863100e+01
3.572667699987663070e+01
3.676455579235365434e+01
4.274810741111261336e+01
4.137641628845861419e+01
3.999834775619287797e+01
3.871382944785990077e+01
3.949973984782562297e+01
3.690051848984595750e+01
3.567271414873165014e+01
3.578065200814791069e+01
3.662531266284826614e+01
3.778030621688819224e+01
4.281695292582828216e+01
4.158885898221827659e+01
4.042534638324416818e+01
3.936418057348124933e+01
4.192254427317898546e+01
3.961012596785611350e+01
3.823101488193306352e+01
3.794635198402503562e+01
3.852844580759981596e+01
3.971512965342223112e+01
4.324638766440308757e+01
4.220910118629219454e+01
4.131911892473252124e+01
4.667735833950191449e+01
4.464985962411437015e+01
4.279917426018823079e+01
4.152661927536905040e+01
4.108147297056120095e+01
4.146615869368118723e+01
4.253996975429669192e+01
4.395073170790154649e+01
4.309758179709209713e+01
4.245192314837985492e+01
4.854948667072432755e+01
4.718010724295605485e+01
4.587076438906844089e+01
4.490492741403753030e+01
4.452076317249624537e+01
4.480089400835597502e+01
4.566848658918254245e+01
4.481962533838277096e+01
4.411683663137552713e+01
4.363584432519382972e+01
5.003795423685385657e+01
4.920091212019939775e+01
4.839019130954034154e+01
4.778739841939443522e+01
4.756736975002396406e+01
4.780653889503576437e+01
4.845421866889695650e+01
4.574016849694454834e+01
4.516146446323303820e+01
5.157199624339849464e+01
5.112498040631576401e+01
5.065880357810540602e+01
5.022689095144964710e+01
4.993082502941415868e+01
4.987236866430388460e+01
5.009323914888116036e+01
5.055314685075699543e+01
