0.174
0.174
0.174
0.174
0.174
0.174
0.174
0.174
0.174
0.174
0.264
0.264
0.264
0.264
0.264
0.264
0.264
0.264
0.264
0.264
0.334
0.334
0.334
0.334
0.334
0.334
0.334
0.334
0.334
0.334
0.918
0.918
0.918
0.918
0.918
0.918
0.918
0.918
0.918
0.918
0.93
0.93
0.93
0.93
0.93
0.93
0.93
0.93
0.93
0.93
0.966
0.966
0.966
0.966
0.966
0.966
0.966
0.966
0.966
0.966
0.972
0.972
0.972
0.972
0.972
0.972
0.972
0.972
0.972
0.972
0.974
0.974
0.974
0.974
0.974
0.974
0.974
0.974
0.974
0.974
0.972
0.972
0.972
0.972
0.972
0.972
0.972
0.972
0.972
0.972
0.972
0.972
0.972
0.972
0.972
0.972
0.972
0.972
0.972
0.972
0.974
0.974
0.974
0.974
0.974
0.974
0.974
0.974
0.974
0.974
0.974
0.974
0.974
0.974
0.974
0.974
0.974
0.974
0.974
0.974
0.974
0.974
0.974
0.974
0.974
0.974
0.974
0.974
0.974
0.974
0.974
0.974
0.974
0.974
0.974
0.974
0.974
0.974
0.974
0.974
0.972
0.972
0.972
0.972
0.972
0.972
0.972
0.972
0.972
0.972
0.974
0.974
0.974
0.974
0.974
0.974
0.974
0.974
0.974
0.974
0.972
0.972
0.972
0.972
0.972
0.972
0.972
0.972
0.972
0.972
0.972
0.972
0.972
0.972
0.972
0.972
0.972
0.972
0.972
0.972
0.974
0.974
0.974
0.974
0.974
0.974
0.974
0.974
0.974
0.974
0.974
0.974
0.974
0.974
0.974
0.974
0.974
0.974
0.974
0.974
0.974
0.974
0.974
0.974
0.974
0.974
0.974
0.974
0.974
0.974
0.974
0.974
0.974
0.974
0.974
0.974
0.974
0.974
0.974
0.974
0.972
0.972
0.972
0.972
0.972
0.972
0.972
0.972
0.972
0.972
0.972
0.972
0.972
0.972
0.972
0.972
0.972
0.972
0.972
0.972
0.972
0.972
0.972
0.972
0.972
0.972
0.972
0.972
0.972
0.972
0.972
0.972
0.972
0.972
0.972
0.972
0.972
0.972
0.972
0.972
0.972
0.972
0.972
0.972
0.972
0.972
0.972
0.972
0.972
0.972
0.97
0.97
0.97
0.97
0.97
0.97
0.97
0.97
0.97
0.97
0.97
0.97
0.97
0.97
0.97
0.97
0.97
0.97
0.97
0.97
0.966
0.966
0.966
0.966
0.966
0.966
0.966
0.966
0.966
0.966
0.966
0.966
0.966
0.966
0.966
0.966
0.966
0.966
0.966
0.966
0.964
0.964
0.964
0.964
0.964
0.964
0.964
0.964
0.964
0.964
0.962
0.962
0.962
0.962
0.962
0.962
0.962
0.962
0.962
0.962
0.96
0.96
0.96
0.96
0.96
0.96
0.96
0.96
0.96
0.96
0.958
0.958
0.958
0.958
0.958
0.958
0.958
0.958
0.958
0.958
0.968
0.968
0.968
0.968
0.968
0.968
0.968
0.968
0.968
0.968
0.966
0.966
0.966
0.966
0.966
0.966
0.966
0.966
0.966
0.966
0.966
0.966
0.966
0.966
0.966
0.966
0.966
0.966
0.966
0.966
0.968
0.968
0.968
0.968
0.968
0.968
0.968
0.968
0.968
0.968
0.968
0.968
0.968
0.968
0.968
0.968
0.968
0.968
0.968
0.968
0.968
0.968
0.968
0.968
0.968
0.968
0.968
0.968
0.968
0.968
0.968
0.968
0.968
0.968
0.968
0.968
0.968
0.968
0.968
0.968
0.968
0.968
0.968
0.968
0.968
0.968
0.968
0.968
0.968
0.968
0.968
0.968
0.968
0.968
0.968
0.968
0.968
0.968
0.968
0.968
0.968
0.968
0.968
0.968
0.968
0.968
0.968
0.968
0.968
0.968
0.968
0.968
0.968
0.968
0.968
0.968
0.968
0.968
0.968
0.968
0.968
0.968
0.968
0.968
0.968
0.968
0.968
0.968
0.968
0.968
0.968
0.968
0.968
0.968
0.968
0.968
0.968
0.968
0.968
0.968
0.962
0.962
0.962
0.962
0.962
0.962
0.962
0.962
0.962
0.962
