0.921
0.921
0.921
0.921
0.921
0.921
0.921
0.921
0.921
0.921
0.917
0.917
0.917
0.917
0.917
0.917
0.917
0.917
0.917
0.917
0.917
0.917
0.917
0.917
0.917
0.917
0.917
0.917
0.917
0.917
0.917
0.917
0.917
0.917
0.917
0.917
0.917
0.917
0.917
0.917
0.917
0.917
0.917
0.917
0.917
0.917
0.917
0.917
0.917
0.917
0.917
0.917
0.917
0.917
0.917
0.917
0.917
0.917
0.917
0.917
0.922
0.922
0.922
0.922
0.922
0.922
0.922
0.922
0.922
0.922
0.922
0.922
0.922
0.922
0.922
0.922
0.922
0.922
0.922
0.922
0.917
0.917
0.917
0.917
0.917
0.917
0.917
0.917
0.917
0.917
0.915
0.915
0.915
0.915
0.915
0.915
0.915
0.915
0.915
0.915
0.915
0.915
0.915
0.915
0.915
0.915
0.915
0.915
0.915
0.915
0.916
0.916
0.916
0.916
0.916
0.916
0.916
0.916
0.916
0.916
0.916
0.916
0.916
0.916
0.916
0.916
0.916
0.916
0.916
0.916
0.916
0.916
0.916
0.916
0.916
0.916
0.916
0.916
0.916
0.916
0.92
0.92
0.92
0.92
0.92
0.92
0.92
0.92
0.92
0.92
0.92
0.92
0.92
0.92
0.92
0.92
0.92
0.92
0.92
0.92
0.92
0.92
0.92
0.92
0.92
0.92
0.92
0.92
0.92
0.92
0.92
0.92
0.92
0.92
0.92
0.92
0.92
0.92
0.92
0.92
0.918
0.918
0.918
0.918
0.918
0.918
0.918
0.918
0.918
0.918
0.92
0.92
0.92
0.92
0.92
0.92
0.92
0.92
0.92
0.92
0.92
0.92
0.92
0.92
0.92
0.92
0.92
0.92
0.92
0.92
0.92
0.92
0.92
0.92
0.92
0.92
0.92
0.92
0.92
0.92
0.922
0.922
0.922
0.922
0.922
0.922
0.922
0.922
0.922
0.922
0.922
0.922
0.922
0.922
0.922
0.922
0.922
0.922
0.922
0.922
0.922
0.922
0.922
0.922
0.922
0.922
0.922
0.922
0.922
0.922
0.922
0.922
0.922
0.922
0.922
0.922
0.922
0.922
0.922
0.922
0.922
0.922
0.922
0.922
0.922
0.922
0.922
0.922
0.922
0.922
0.922
0.922
0.922
0.922
0.922
0.922
0.922
0.922
0.922
0.922
0.92
0.92
0.92
0.92
0.92
0.92
0.92
0.92
0.92
0.92
0.924
0.924
0.924
0.924
0.924
0.924
0.924
0.924
0.924
0.924
0.925
0.925
0.925
0.925
0.925
0.925
0.925
0.925
0.925
0.925
0.925
0.925
0.925
0.925
0.925
0.925
0.925
0.925
0.925
0.925
0.93
0.93
0.93
0.93
0.93
0.93
0.93
0.93
0.93
0.93
0.931
0.931
0.931
0.931
0.931
0.931
0.931
0.931
0.931
0.931
0.929
0.929
0.929
0.929
0.929
0.929
0.929
0.929
0.929
0.929
0.93
0.93
0.93
0.93
0.93
0.93
0.93
0.93
0.93
0.93
0.934
0.934
0.934
0.934
0.934
0.934
0.934
0.934
0.934
0.934
0.93
0.93
0.93
0.93
0.93
0.93
0.93
0.93
0.93
0.93
0.932
0.932
0.932
0.932
0.932
0.932
0.932
0.932
0.932
0.932
0.932
0.932
0.932
0.932
0.932
0.932
0.932
0.932
0.932
0.932
0.932
0.932
0.932
0.932
0.932
0.932
0.932
0.932
0.932
0.932
0.931
0.931
0.931
0.931
0.931
0.931
0.931
0.931
0.931
0.931
0.931
0.931
0.931
0.931
0.931
0.931
0.931
0.931
0.931
0.931
0.93
0.93
0.93
0.93
0.93
0.93
0.93
0.93
0.93
0.93
0.932
0.932
0.932
0.932
0.932
0.932
0.932
0.932
0.932
0.932
0.933
0.933
0.933
0.933
0.933
0.933
0.933
0.933
0.933
0.933
0.935
0.935
0.935
0.935
0.935
0.935
0.935
0.935
0.935
0.935
0.934
0.934
0.934
0.934
0.934
0.934
0.934
0.934
0.934
0.934
0.934
0.934
0.934
0.934
0.934
0.934
0.934
0.934
0.934
0.934
0.935
0.935
0.935
0.935
0.935
0.935
0.935
0.935
0.935
0.935
0.937
0.937
0.937
0.937
0.937
0.937
0.937
0.937
0.937
0.937
0.937
0.937
0.937
0.937
0.937
0.937
0.937
0.937
0.937
0.937
0.937
0.937
0.937
0.937
0.937
0.937
0.937
0.937
0.937
0.937
0.937
0.937
0.937
0.937
0.937
0.937
0.937
0.937
0.937
0.937
0.937
0.937
0.937
0.937
0.937
0.937
0.937
0.937
0.937
0.937
0.937
0.937
0.937
0.937
0.937
0.937
0.937
0.937
0.937
0.937
0.937
0.937
0.937
0.937
0.937
0.937
0.937
0.937
0.937
0.937
0.937
0.937
0.937
0.937
0.937
0.937
0.937
0.937
0.937
0.937
0.937
0.937
0.937
0.937
0.937
0.937
0.937
0.937
0.937
0.937
0.938
0.938
0.938
0.938
0.938
0.938
0.938
0.938
0.938
0.938
0.938
0.938
0.938
0.938
0.938
0.938
0.938
0.938
0.938
0.938
0.938
0.938
0.938
0.938
0.938
0.938
0.938
0.938
0.938
0.938
0.935
0.935
0.935
0.935
0.935
0.935
0.935
0.935
0.935
0.935
0.934
0.934
0.934
0.934
0.934
0.934
0.934
0.934
0.934
0.934
0.935
0.935
0.935
0.935
0.935
0.935
0.935
0.935
0.935
0.935
0.936
0.936
0.936
0.936
0.936
0.936
0.936
0.936
0.936
0.936
0.936
0.936
0.936
0.936
0.936
0.936
0.936
0.936
0.936
0.936
0.936
0.936
0.936
0.936
0.936
0.936
0.936
0.936
0.936
0.936
0.935
0.935
0.935
0.935
0.935
0.935
0.935
0.935
0.935
0.935
0.935
0.935
0.935
0.935
0.935
0.935
0.935
0.935
0.935
0.935
0.936
0.936
0.936
0.936
0.936
0.936
0.936
0.936
0.936
0.936
0.936
0.936
0.936
0.936
0.936
0.936
0.936
0.936
0.936
0.936
0.935
0.935
0.935
0.935
0.935
0.935
0.935
0.935
0.935
0.935
0.935
0.935
0.935
0.935
0.935
0.935
0.935
0.935
0.935
0.935
0.935
0.935
0.935
0.935
0.935
0.935
0.935
0.935
0.935
0.935
0.935
0.935
0.935
0.935
0.935
0.935
0.935
0.935
0.935
0.935
0.935
0.935
0.935
0.935
0.935
0.935
0.935
0.935
0.935
0.935
0.935
0.935
0.935
0.935
0.935
0.935
0.935
0.935
0.935
0.935
0.935
0.935
0.935
0.935
0.935
0.935
0.935
0.935
0.935
0.935
0.935
0.935
0.935
0.935
0.935
0.935
0.935
0.935
0.935
0.935
0.935
0.935
0.935
0.935
0.935
0.935
0.935
0.935
0.935
0.935
0.935
0.935
0.935
0.935
0.935
0.935
0.935
0.935
0.935
0.935
0.935
0.935
0.935
0.935
0.935
0.935
0.935
0.935
0.935
0.935
0.935
0.935
0.935
0.935
0.935
0.935
0.935
0.935
0.935
0.935
0.935
0.935
0.935
0.935
0.935
0.935
0.935
0.935
0.935
0.935
0.935
0.935
0.935
0.935
0.935
0.935
0.935
0.935
0.935
0.935
0.935
0.935
0.935
0.935
0.935
0.935
0.935
0.935
0.935
0.935
0.935
0.935
0.935
0.935
0.935
0.935
0.935
0.935
0.935
0.935
0.935
0.935
0.935
0.935
0.935
0.935
0.935
0.935
0.935
0.935
0.935
0.935
0.935
0.935
0.935
0.935
0.935
0.935
0.935
0.935
0.935
0.935
0.935
0.935
0.935
0.935
0.935
0.935
0.935
0.935
0.935
0.935
0.935
0.935
0.935
0.935
0.935
0.935
0.935
0.935
0.935
0.935
0.935
0.935
0.935
0.935
0.935
0.935
0.935
0.935
0.935
0.935
0.935
0.935
0.935
0.935
0.935
0.935
0.935
0.935
0.935
0.935
0.935
0.935
0.935
0.935
0.935
0.935
0.935
0.935
0.935
0.935
0.935
0.935
0.935
0.935
0.935
0.935
0.935
0.935
0.935
0.935
0.935
0.935
0.935
0.935
0.935
0.935
0.935
0.935
0.935
0.935
0.935
0.935
0.935
0.935
0.935
0.935
0.935
0.935
