6.420000000000000151e-01
6.420000000000000151e-01
6.440000000000000169e-01
6.450000000000000178e-01
6.450000000000000178e-01
6.470000000000000195e-01
6.470000000000000195e-01
6.470000000000000195e-01
6.470000000000000195e-01
6.490000000000000213e-01
6.500000000000000222e-01
6.510000000000000231e-01
6.510000000000000231e-01
6.510000000000000231e-01
6.520000000000000240e-01
6.530000000000000249e-01
6.530000000000000249e-01
6.550000000000000266e-01
6.550000000000000266e-01
6.560000000000000275e-01
6.560000000000000275e-01
6.580000000000000293e-01
6.580000000000000293e-01
6.650000000000000355e-01
6.710000000000000409e-01
6.730000000000000426e-01
6.790000000000000480e-01
6.790000000000000480e-01
6.830000000000000515e-01
6.830000000000000515e-01
6.860000000000000542e-01
6.860000000000000542e-01
6.879999999999999449e-01
6.899999999999999467e-01
6.919999999999999485e-01
6.929999999999999494e-01
6.969999999999999529e-01
6.969999999999999529e-01
7.009999999999999565e-01
7.039999999999999591e-01
7.079999999999999627e-01
7.089999999999999636e-01
7.089999999999999636e-01
7.099999999999999645e-01
7.129999999999999671e-01
7.129999999999999671e-01
7.149999999999999689e-01
7.149999999999999689e-01
7.189999999999999725e-01
7.199999999999999734e-01
7.219999999999999751e-01
7.219999999999999751e-01
7.239999999999999769e-01
7.249999999999999778e-01
7.249999999999999778e-01
7.249999999999999778e-01
7.269999999999999796e-01
7.269999999999999796e-01
7.309999999999999831e-01
7.339999999999999858e-01
7.349999999999999867e-01
7.379999999999999893e-01
7.399999999999999911e-01
7.419999999999999929e-01
7.419999999999999929e-01
7.419999999999999929e-01
7.419999999999999929e-01
7.419999999999999929e-01
7.419999999999999929e-01
7.419999999999999929e-01
7.419999999999999929e-01
7.419999999999999929e-01
7.419999999999999929e-01
7.419999999999999929e-01
7.419999999999999929e-01
7.449999999999999956e-01
7.469999999999999973e-01
7.479999999999999982e-01
7.479999999999999982e-01
7.479999999999999982e-01
7.479999999999999982e-01
7.479999999999999982e-01
7.479999999999999982e-01
7.489999999999999991e-01
7.489999999999999991e-01
7.500000000000000000e-01
7.520000000000000018e-01
7.530000000000000027e-01
7.530000000000000027e-01
7.540000000000000036e-01
7.540000000000000036e-01
7.540000000000000036e-01
7.540000000000000036e-01
7.540000000000000036e-01
7.560000000000000053e-01
7.600000000000000089e-01
7.600000000000000089e-01
7.600000000000000089e-01
7.630000000000000115e-01
7.630000000000000115e-01
7.640000000000000124e-01
7.650000000000000133e-01
7.660000000000000142e-01
7.660000000000000142e-01
7.660000000000000142e-01
7.660000000000000142e-01
7.670000000000000151e-01
7.700000000000000178e-01
7.700000000000000178e-01
7.700000000000000178e-01
7.700000000000000178e-01
7.700000000000000178e-01
7.700000000000000178e-01
7.700000000000000178e-01
7.700000000000000178e-01
7.700000000000000178e-01
7.740000000000000213e-01
7.740000000000000213e-01
7.740000000000000213e-01
7.740000000000000213e-01
7.740000000000000213e-01
7.740000000000000213e-01
7.740000000000000213e-01
7.750000000000000222e-01
7.780000000000000249e-01
7.790000000000000258e-01
7.790000000000000258e-01
7.800000000000000266e-01
7.800000000000000266e-01
7.800000000000000266e-01
7.820000000000000284e-01
7.820000000000000284e-01
7.820000000000000284e-01
7.830000000000000293e-01
7.830000000000000293e-01
7.840000000000000302e-01
7.840000000000000302e-01
7.840000000000000302e-01
7.840000000000000302e-01
7.840000000000000302e-01
7.840000000000000302e-01
7.850000000000000311e-01
7.860000000000000320e-01
7.870000000000000329e-01
7.890000000000000346e-01
7.890000000000000346e-01
7.890000000000000346e-01
7.890000000000000346e-01
7.890000000000000346e-01
7.910000000000000364e-01
7.920000000000000373e-01
7.920000000000000373e-01
7.920000000000000373e-01
7.930000000000000382e-01
7.930000000000000382e-01
7.930000000000000382e-01
7.930000000000000382e-01
7.930000000000000382e-01
7.930000000000000382e-01
7.960000000000000409e-01
7.980000000000000426e-01
7.980000000000000426e-01
7.990000000000000435e-01
8.000000000000000444e-01
8.000000000000000444e-01
8.040000000000000480e-01
8.050000000000000488e-01
8.050000000000000488e-01
8.050000000000000488e-01
8.050000000000000488e-01
8.080000000000000515e-01
8.090000000000000524e-01
8.090000000000000524e-01
8.090000000000000524e-01
8.090000000000000524e-01
8.100000000000000533e-01
8.110000000000000542e-01
8.129999999999999449e-01
8.159999999999999476e-01
8.159999999999999476e-01
8.169999999999999485e-01
8.189999999999999503e-01
8.189999999999999503e-01
8.189999999999999503e-01
8.189999999999999503e-01
8.189999999999999503e-01
8.189999999999999503e-01
8.189999999999999503e-01
8.189999999999999503e-01
8.189999999999999503e-01
8.189999999999999503e-01
8.189999999999999503e-01
8.189999999999999503e-01
8.189999999999999503e-01
8.189999999999999503e-01
8.189999999999999503e-01
8.189999999999999503e-01
8.189999999999999503e-01
8.189999999999999503e-01
8.219999999999999529e-01
8.219999999999999529e-01
8.239999999999999547e-01
8.239999999999999547e-01
8.239999999999999547e-01
8.259999999999999565e-01
8.259999999999999565e-01
8.269999999999999574e-01
8.279999999999999583e-01
8.279999999999999583e-01
8.279999999999999583e-01
8.279999999999999583e-01
8.279999999999999583e-01
8.289999999999999591e-01
8.299999999999999600e-01
8.299999999999999600e-01
8.299999999999999600e-01
8.299999999999999600e-01
8.299999999999999600e-01
8.299999999999999600e-01
8.299999999999999600e-01
8.299999999999999600e-01
8.299999999999999600e-01
8.299999999999999600e-01
8.299999999999999600e-01
8.299999999999999600e-01
8.299999999999999600e-01
8.299999999999999600e-01
8.299999999999999600e-01
8.299999999999999600e-01
8.299999999999999600e-01
8.309999999999999609e-01
8.309999999999999609e-01
8.329999999999999627e-01
8.329999999999999627e-01
8.329999999999999627e-01
8.339999999999999636e-01
8.339999999999999636e-01
8.349999999999999645e-01
8.349999999999999645e-01
8.349999999999999645e-01
8.349999999999999645e-01
8.379999999999999671e-01
8.409999999999999698e-01
8.409999999999999698e-01
8.429999999999999716e-01
8.429999999999999716e-01
8.449999999999999734e-01
8.449999999999999734e-01
8.449999999999999734e-01
8.449999999999999734e-01
8.449999999999999734e-01
8.449999999999999734e-01
8.449999999999999734e-01
8.469999999999999751e-01
8.469999999999999751e-01
8.469999999999999751e-01
8.479999999999999760e-01
8.479999999999999760e-01
8.479999999999999760e-01
8.489999999999999769e-01
8.489999999999999769e-01
8.489999999999999769e-01
8.529999999999999805e-01
8.529999999999999805e-01
8.529999999999999805e-01
8.529999999999999805e-01
8.529999999999999805e-01
8.529999999999999805e-01
8.529999999999999805e-01
8.529999999999999805e-01
8.589999999999999858e-01
8.589999999999999858e-01
8.619999999999999885e-01
8.619999999999999885e-01
8.619999999999999885e-01
8.619999999999999885e-01
8.619999999999999885e-01
8.669999999999999929e-01
8.679999999999999938e-01
8.709999999999999964e-01
8.709999999999999964e-01
8.709999999999999964e-01
8.709999999999999964e-01
8.719999999999999973e-01
8.729999999999999982e-01
8.729999999999999982e-01
8.729999999999999982e-01
8.729999999999999982e-01
8.729999999999999982e-01
8.750000000000000000e-01
8.750000000000000000e-01
8.750000000000000000e-01
8.750000000000000000e-01
8.750000000000000000e-01
8.750000000000000000e-01
8.750000000000000000e-01
8.750000000000000000e-01
8.750000000000000000e-01
8.760000000000000009e-01
8.760000000000000009e-01
8.760000000000000009e-01
8.760000000000000009e-01
8.760000000000000009e-01
8.760000000000000009e-01
8.760000000000000009e-01
8.760000000000000009e-01
8.760000000000000009e-01
8.760000000000000009e-01
8.760000000000000009e-01
8.760000000000000009e-01
8.760000000000000009e-01
8.760000000000000009e-01
8.760000000000000009e-01
8.770000000000000018e-01
8.770000000000000018e-01
8.770000000000000018e-01
8.770000000000000018e-01
8.780000000000000027e-01
8.790000000000000036e-01
8.810000000000000053e-01
8.810000000000000053e-01
8.840000000000000080e-01
8.840000000000000080e-01
8.840000000000000080e-01
8.850000000000000089e-01
8.850000000000000089e-01
8.850000000000000089e-01
8.850000000000000089e-01
8.850000000000000089e-01
8.850000000000000089e-01
8.880000000000000115e-01
8.880000000000000115e-01
8.880000000000000115e-01
8.880000000000000115e-01
8.880000000000000115e-01
8.880000000000000115e-01
8.880000000000000115e-01
8.880000000000000115e-01
8.880000000000000115e-01
8.880000000000000115e-01
8.880000000000000115e-01
8.880000000000000115e-01
8.890000000000000124e-01
8.890000000000000124e-01
8.890000000000000124e-01
8.890000000000000124e-01
8.950000000000000178e-01
8.950000000000000178e-01
8.950000000000000178e-01
8.970000000000000195e-01
8.980000000000000204e-01
8.980000000000000204e-01
8.980000000000000204e-01
8.990000000000000213e-01
8.990000000000000213e-01
8.990000000000000213e-01
8.990000000000000213e-01
8.990000000000000213e-01
9.010000000000000231e-01
9.010000000000000231e-01
9.030000000000000249e-01
9.030000000000000249e-01
9.030000000000000249e-01
9.080000000000000293e-01
9.080000000000000293e-01
9.080000000000000293e-01
9.080000000000000293e-01
9.080000000000000293e-01
9.080000000000000293e-01
9.080000000000000293e-01
9.080000000000000293e-01
9.110000000000000320e-01
9.110000000000000320e-01
9.110000000000000320e-01
9.110000000000000320e-01
9.110000000000000320e-01
9.110000000000000320e-01
9.110000000000000320e-01
9.130000000000000338e-01
9.130000000000000338e-01
9.130000000000000338e-01
9.130000000000000338e-01
9.130000000000000338e-01
9.130000000000000338e-01
9.140000000000000346e-01
9.150000000000000355e-01
9.150000000000000355e-01
9.150000000000000355e-01
9.160000000000000364e-01
9.160000000000000364e-01
9.170000000000000373e-01
9.210000000000000409e-01
9.210000000000000409e-01
9.210000000000000409e-01
9.220000000000000417e-01
9.250000000000000444e-01
9.250000000000000444e-01
9.250000000000000444e-01
9.250000000000000444e-01
9.250000000000000444e-01
9.260000000000000453e-01
9.270000000000000462e-01
9.270000000000000462e-01
9.270000000000000462e-01
9.270000000000000462e-01
9.270000000000000462e-01
9.270000000000000462e-01
9.320000000000000506e-01
9.320000000000000506e-01
9.320000000000000506e-01
9.320000000000000506e-01
9.320000000000000506e-01
9.320000000000000506e-01
9.320000000000000506e-01
9.320000000000000506e-01
9.350000000000000533e-01
9.350000000000000533e-01
9.360000000000000542e-01
9.360000000000000542e-01
9.370000000000000551e-01
9.370000000000000551e-01
9.370000000000000551e-01
9.370000000000000551e-01
9.370000000000000551e-01
9.370000000000000551e-01
9.370000000000000551e-01
9.370000000000000551e-01
9.370000000000000551e-01
9.370000000000000551e-01
9.370000000000000551e-01
9.370000000000000551e-01
9.370000000000000551e-01
9.370000000000000551e-01
9.379999999999999449e-01
9.379999999999999449e-01
9.409999999999999476e-01
9.409999999999999476e-01
9.409999999999999476e-01
9.409999999999999476e-01
9.409999999999999476e-01
9.409999999999999476e-01
9.419999999999999485e-01
9.429999999999999494e-01
9.429999999999999494e-01
9.429999999999999494e-01
9.429999999999999494e-01
9.429999999999999494e-01
9.429999999999999494e-01
9.429999999999999494e-01
9.429999999999999494e-01
9.469999999999999529e-01
9.479999999999999538e-01
9.479999999999999538e-01
9.479999999999999538e-01
9.479999999999999538e-01
9.499999999999999556e-01
9.499999999999999556e-01
9.529999999999999583e-01
9.529999999999999583e-01
9.529999999999999583e-01
9.529999999999999583e-01
9.529999999999999583e-01
9.529999999999999583e-01
9.539999999999999591e-01
9.539999999999999591e-01
9.539999999999999591e-01
9.539999999999999591e-01
9.549999999999999600e-01
9.549999999999999600e-01
9.549999999999999600e-01
9.549999999999999600e-01
9.549999999999999600e-01
9.549999999999999600e-01
9.549999999999999600e-01
9.569999999999999618e-01
9.569999999999999618e-01
9.569999999999999618e-01
9.569999999999999618e-01
9.589999999999999636e-01
9.589999999999999636e-01
9.599999999999999645e-01
9.599999999999999645e-01
9.599999999999999645e-01
9.599999999999999645e-01
9.599999999999999645e-01
9.599999999999999645e-01
9.599999999999999645e-01
9.599999999999999645e-01
9.599999999999999645e-01
9.629999999999999671e-01
9.639999999999999680e-01
9.639999999999999680e-01
9.639999999999999680e-01
9.639999999999999680e-01
9.639999999999999680e-01
9.639999999999999680e-01
9.649999999999999689e-01
9.649999999999999689e-01
9.659999999999999698e-01
9.659999999999999698e-01
9.659999999999999698e-01
9.659999999999999698e-01
9.659999999999999698e-01
9.659999999999999698e-01
9.669999999999999707e-01
9.669999999999999707e-01
9.669999999999999707e-01
9.669999999999999707e-01
9.669999999999999707e-01
9.669999999999999707e-01
9.669999999999999707e-01
9.669999999999999707e-01
9.669999999999999707e-01
9.699999999999999734e-01
9.709999999999999742e-01
9.719999999999999751e-01
9.729999999999999760e-01
9.729999999999999760e-01
9.729999999999999760e-01
9.739999999999999769e-01
9.739999999999999769e-01
9.739999999999999769e-01
9.739999999999999769e-01
9.739999999999999769e-01
9.739999999999999769e-01
9.739999999999999769e-01
9.739999999999999769e-01
9.759999999999999787e-01
9.759999999999999787e-01
9.759999999999999787e-01
9.759999999999999787e-01
9.759999999999999787e-01
9.759999999999999787e-01
9.759999999999999787e-01
9.759999999999999787e-01
9.759999999999999787e-01
9.769999999999999796e-01
9.769999999999999796e-01
9.769999999999999796e-01
9.769999999999999796e-01
9.789999999999999813e-01
9.789999999999999813e-01
9.789999999999999813e-01
9.789999999999999813e-01
9.809999999999999831e-01
9.809999999999999831e-01
9.809999999999999831e-01
9.809999999999999831e-01
9.809999999999999831e-01
9.809999999999999831e-01
9.809999999999999831e-01
9.809999999999999831e-01
9.809999999999999831e-01
9.809999999999999831e-01
9.809999999999999831e-01
9.809999999999999831e-01
9.809999999999999831e-01
9.809999999999999831e-01
9.819999999999999840e-01
9.819999999999999840e-01
9.819999999999999840e-01
9.819999999999999840e-01
9.829999999999999849e-01
9.849999999999999867e-01
9.849999999999999867e-01
9.849999999999999867e-01
9.849999999999999867e-01
9.849999999999999867e-01
9.849999999999999867e-01
9.849999999999999867e-01
9.849999999999999867e-01
9.849999999999999867e-01
9.849999999999999867e-01
9.849999999999999867e-01
9.849999999999999867e-01
9.849999999999999867e-01
9.849999999999999867e-01
9.849999999999999867e-01
9.849999999999999867e-01
9.849999999999999867e-01
9.849999999999999867e-01
9.849999999999999867e-01
9.849999999999999867e-01
9.849999999999999867e-01
9.849999999999999867e-01
9.849999999999999867e-01
9.849999999999999867e-01
9.849999999999999867e-01
9.849999999999999867e-01
9.849999999999999867e-01
9.849999999999999867e-01
9.849999999999999867e-01
9.849999999999999867e-01
9.849999999999999867e-01
9.849999999999999867e-01
9.849999999999999867e-01
9.849999999999999867e-01
9.849999999999999867e-01
9.849999999999999867e-01
9.849999999999999867e-01
9.849999999999999867e-01
9.849999999999999867e-01
9.849999999999999867e-01
9.849999999999999867e-01
9.849999999999999867e-01
9.849999999999999867e-01
9.849999999999999867e-01
9.849999999999999867e-01
9.849999999999999867e-01
9.849999999999999867e-01
9.849999999999999867e-01
9.849999999999999867e-01
9.849999999999999867e-01
9.849999999999999867e-01
9.849999999999999867e-01
9.849999999999999867e-01
9.849999999999999867e-01
9.849999999999999867e-01
9.849999999999999867e-01
9.849999999999999867e-01
9.849999999999999867e-01
9.849999999999999867e-01
9.849999999999999867e-01
9.849999999999999867e-01
9.849999999999999867e-01
9.849999999999999867e-01
9.849999999999999867e-01
9.849999999999999867e-01
9.849999999999999867e-01
9.849999999999999867e-01
9.849999999999999867e-01
9.849999999999999867e-01
9.849999999999999867e-01
9.849999999999999867e-01
9.849999999999999867e-01
9.849999999999999867e-01
9.849999999999999867e-01
9.849999999999999867e-01
9.849999999999999867e-01
9.849999999999999867e-01
9.849999999999999867e-01
9.849999999999999867e-01
9.849999999999999867e-01
9.849999999999999867e-01
9.849999999999999867e-01
9.849999999999999867e-01
9.849999999999999867e-01
9.849999999999999867e-01
9.849999999999999867e-01
9.849999999999999867e-01
9.849999999999999867e-01
9.849999999999999867e-01
9.849999999999999867e-01
9.849999999999999867e-01
9.849999999999999867e-01
9.849999999999999867e-01
9.849999999999999867e-01
9.849999999999999867e-01
9.849999999999999867e-01
9.849999999999999867e-01
9.849999999999999867e-01
9.849999999999999867e-01
9.849999999999999867e-01
9.849999999999999867e-01
9.849999999999999867e-01
9.849999999999999867e-01
9.849999999999999867e-01
9.849999999999999867e-01
9.849999999999999867e-01
9.849999999999999867e-01
9.849999999999999867e-01
9.849999999999999867e-01
9.849999999999999867e-01
9.849999999999999867e-01
9.849999999999999867e-01
9.849999999999999867e-01
9.849999999999999867e-01
9.849999999999999867e-01
9.849999999999999867e-01
9.849999999999999867e-01
9.849999999999999867e-01
9.849999999999999867e-01
9.849999999999999867e-01
9.849999999999999867e-01
9.849999999999999867e-01
9.849999999999999867e-01
9.849999999999999867e-01
9.849999999999999867e-01
9.849999999999999867e-01
9.849999999999999867e-01
9.849999999999999867e-01
9.849999999999999867e-01
9.849999999999999867e-01
9.849999999999999867e-01
9.849999999999999867e-01
9.849999999999999867e-01
9.849999999999999867e-01
9.849999999999999867e-01
9.849999999999999867e-01
9.849999999999999867e-01
9.849999999999999867e-01
9.849999999999999867e-01
9.849999999999999867e-01
9.849999999999999867e-01
9.849999999999999867e-01
9.849999999999999867e-01
9.849999999999999867e-01
9.849999999999999867e-01
9.849999999999999867e-01
9.849999999999999867e-01
9.849999999999999867e-01
9.849999999999999867e-01
9.849999999999999867e-01
9.849999999999999867e-01
9.849999999999999867e-01
9.849999999999999867e-01
9.849999999999999867e-01
9.849999999999999867e-01
9.849999999999999867e-01
9.849999999999999867e-01
9.849999999999999867e-01
9.849999999999999867e-01
9.849999999999999867e-01
9.849999999999999867e-01
9.849999999999999867e-01
9.849999999999999867e-01
9.849999999999999867e-01
9.849999999999999867e-01
9.849999999999999867e-01
9.849999999999999867e-01
9.849999999999999867e-01
9.849999999999999867e-01
9.849999999999999867e-01
9.849999999999999867e-01
9.849999999999999867e-01
9.849999999999999867e-01
9.849999999999999867e-01
9.849999999999999867e-01
9.849999999999999867e-01
9.849999999999999867e-01
9.849999999999999867e-01
9.849999999999999867e-01
9.849999999999999867e-01
9.849999999999999867e-01
9.849999999999999867e-01
9.849999999999999867e-01
9.849999999999999867e-01
9.849999999999999867e-01
9.849999999999999867e-01
9.849999999999999867e-01
9.849999999999999867e-01
9.849999999999999867e-01
9.849999999999999867e-01
9.849999999999999867e-01
9.849999999999999867e-01
9.849999999999999867e-01
9.849999999999999867e-01
9.849999999999999867e-01
9.849999999999999867e-01
9.849999999999999867e-01
9.849999999999999867e-01
9.849999999999999867e-01
9.849999999999999867e-01
9.849999999999999867e-01
9.849999999999999867e-01
9.849999999999999867e-01
9.849999999999999867e-01
9.849999999999999867e-01
9.849999999999999867e-01
9.849999999999999867e-01
9.849999999999999867e-01
9.849999999999999867e-01
9.849999999999999867e-01
9.849999999999999867e-01
9.849999999999999867e-01
9.849999999999999867e-01
9.849999999999999867e-01
9.849999999999999867e-01
9.849999999999999867e-01
9.849999999999999867e-01
9.849999999999999867e-01
9.849999999999999867e-01
9.849999999999999867e-01
9.849999999999999867e-01
9.849999999999999867e-01
9.849999999999999867e-01
9.849999999999999867e-01
9.849999999999999867e-01
9.849999999999999867e-01
9.849999999999999867e-01
9.849999999999999867e-01
9.849999999999999867e-01
9.849999999999999867e-01
9.849999999999999867e-01
9.849999999999999867e-01
9.849999999999999867e-01
9.849999999999999867e-01
9.849999999999999867e-01
9.849999999999999867e-01
9.849999999999999867e-01
9.849999999999999867e-01
9.849999999999999867e-01
9.849999999999999867e-01
9.849999999999999867e-01
9.849999999999999867e-01
9.849999999999999867e-01
9.849999999999999867e-01
9.849999999999999867e-01
9.849999999999999867e-01
9.849999999999999867e-01
9.849999999999999867e-01
9.849999999999999867e-01
9.849999999999999867e-01
9.849999999999999867e-01
9.849999999999999867e-01
9.849999999999999867e-01
9.849999999999999867e-01
9.849999999999999867e-01
9.849999999999999867e-01
9.849999999999999867e-01
9.849999999999999867e-01
9.849999999999999867e-01
9.849999999999999867e-01
9.849999999999999867e-01
9.849999999999999867e-01
9.849999999999999867e-01
9.849999999999999867e-01
9.849999999999999867e-01
9.849999999999999867e-01
9.849999999999999867e-01
9.849999999999999867e-01
9.849999999999999867e-01
9.849999999999999867e-01
9.849999999999999867e-01
9.849999999999999867e-01
9.849999999999999867e-01
9.849999999999999867e-01
9.849999999999999867e-01
9.849999999999999867e-01
9.849999999999999867e-01
9.849999999999999867e-01
9.849999999999999867e-01
9.849999999999999867e-01
9.849999999999999867e-01
9.849999999999999867e-01
9.849999999999999867e-01
9.849999999999999867e-01
9.849999999999999867e-01
9.849999999999999867e-01
9.849999999999999867e-01
9.849999999999999867e-01
9.849999999999999867e-01
9.849999999999999867e-01
9.849999999999999867e-01
9.849999999999999867e-01
9.849999999999999867e-01
9.849999999999999867e-01
9.849999999999999867e-01
9.849999999999999867e-01
9.849999999999999867e-01
9.849999999999999867e-01
9.849999999999999867e-01
9.849999999999999867e-01
9.849999999999999867e-01
9.849999999999999867e-01
9.849999999999999867e-01
9.849999999999999867e-01
9.849999999999999867e-01
9.849999999999999867e-01
9.849999999999999867e-01
9.849999999999999867e-01
9.849999999999999867e-01
9.849999999999999867e-01
9.849999999999999867e-01
9.849999999999999867e-01
9.849999999999999867e-01
9.849999999999999867e-01
9.849999999999999867e-01
9.849999999999999867e-01
9.849999999999999867e-01
9.849999999999999867e-01
9.849999999999999867e-01
9.849999999999999867e-01
9.849999999999999867e-01
9.849999999999999867e-01
9.849999999999999867e-01
9.849999999999999867e-01
9.849999999999999867e-01
9.849999999999999867e-01
9.849999999999999867e-01
9.849999999999999867e-01
9.849999999999999867e-01
9.849999999999999867e-01
9.849999999999999867e-01
9.849999999999999867e-01
9.849999999999999867e-01
9.849999999999999867e-01
9.849999999999999867e-01
9.849999999999999867e-01
9.849999999999999867e-01
9.849999999999999867e-01
9.849999999999999867e-01
9.849999999999999867e-01
9.849999999999999867e-01
9.849999999999999867e-01
9.849999999999999867e-01
9.849999999999999867e-01
9.849999999999999867e-01
9.849999999999999867e-01
9.849999999999999867e-01
9.849999999999999867e-01
9.849999999999999867e-01
9.849999999999999867e-01
9.849999999999999867e-01
9.849999999999999867e-01
9.849999999999999867e-01
9.849999999999999867e-01
9.849999999999999867e-01
9.849999999999999867e-01
9.849999999999999867e-01
9.849999999999999867e-01
9.849999999999999867e-01
9.849999999999999867e-01
9.849999999999999867e-01
9.849999999999999867e-01
9.849999999999999867e-01
9.849999999999999867e-01
9.849999999999999867e-01
9.849999999999999867e-01
9.849999999999999867e-01
9.849999999999999867e-01
9.849999999999999867e-01
9.849999999999999867e-01
9.849999999999999867e-01
9.849999999999999867e-01
9.849999999999999867e-01
9.849999999999999867e-01
9.849999999999999867e-01
9.849999999999999867e-01
9.849999999999999867e-01
9.849999999999999867e-01
9.849999999999999867e-01
9.849999999999999867e-01
9.849999999999999867e-01
9.849999999999999867e-01
9.849999999999999867e-01
9.849999999999999867e-01
9.849999999999999867e-01
9.849999999999999867e-01
9.849999999999999867e-01
9.849999999999999867e-01
9.849999999999999867e-01
9.849999999999999867e-01
9.849999999999999867e-01
9.849999999999999867e-01
9.849999999999999867e-01
9.849999999999999867e-01
9.849999999999999867e-01
9.849999999999999867e-01
9.849999999999999867e-01
9.849999999999999867e-01
9.849999999999999867e-01
9.849999999999999867e-01
9.849999999999999867e-01
9.849999999999999867e-01
9.849999999999999867e-01
9.849999999999999867e-01
9.849999999999999867e-01
9.849999999999999867e-01
9.849999999999999867e-01
9.849999999999999867e-01
9.849999999999999867e-01
9.849999999999999867e-01
9.849999999999999867e-01
9.849999999999999867e-01
