3.909485747363798058e+00 3.420829757888779632e+00
8.878675904064243340e+00 4.141735881594244439e+00
-4.464827536495496574e+00 -6.157961226014636580e+00
1.527952142471501684e+00 -1.090601908598812919e+01
-6.791133683144305877e+00 -4.737280660696709944e+00
6.993033682189448985e-01 3.216023527957300843e+00
9.707175913015775315e-01 -1.180975839325906129e+01
3.420609202636117008e+00 -7.612524497350470210e-01
-8.821048958751277480e-01 -1.909837957474906744e+01
-5.812635051867855118e+00 -7.749105144815409574e+00
