3.909485747363798058e+00 3.420829757888779632e+00
8.878675904064243340e+00 4.141735881594244439e+00
-4.464827536495496574e+00 -6.157961226014636580e+00
1.527952142471501684e+00 -1.090601908598812919e+01
-6.791133683144305877e+00 -4.737280660696709944e+00
6.993033682189448985e-01 3.216023527957300843e+00
9.707175913015775315e-01 -1.180975839325906129e+01
3.420609202636117008e+00 -7.612524497350470210e-01
-8.821048958751277480e-01 -1.909837957474906744e+01
-5.812635051867855118e+00 -7.749105144815409574e+00
2.204336764325762754e-01 -4.855609942890644071e-01
3.885392334048881624e-01 1.007749795547693950e+00
-6.955344161754061894e+00 -1.048857183692146933e+01
3.003981287642059073e-01 -9.571725074352783746e-01
-2.164410485163296816e+00 -8.636295048641310146e+00
5.034070292762571341e+00 -3.064493097609918060e+00
5.956477983292159273e+00 -1.026162699995113670e+01
3.193801622511762695e+00 -7.794446143315493458e+00
-4.053004349195989953e+00 -2.889974677998030650e+00
-2.782779649475899397e+00 -9.779358415018098327e+00
-3.147749279856245863e+00 1.540557985177046341e+00
-1.015596289821913967e+00 -7.339241961107894952e+00
6.238473894813584053e+00 -9.293858930876066182e+00
-5.211124623291412128e+00 -1.134744453451098423e+00
2.074749984872326092e+00 -8.882163563268546724e+00
8.668636344166666063e+00 -1.128691958084477776e+01
-1.356623943244530617e+00 -4.781470485441009721e+00
-5.472892055824791768e+00 1.955063263973141563e+00
1.837818260334066700e+00 -5.375083561181994263e+00
2.686539198523105298e+00 -6.309512491469172701e+00
6.448550716541548766e+00 -7.504583478945323627e+00
-5.327028533176462410e+00 -5.964174254085448101e-01
-6.320171968673530039e+00 -3.884626119022289714e-01
1.867712591042579140e+00 -5.793374634216965191e+00
-9.805172540526461589e+00 -8.064419813822056859e-01
2.042071101509616682e+00 -5.966783572156249882e+00
-1.130193448545750456e+01 -2.177497534903497289e+00
5.287556592727862714e+00 -8.234684536793290377e+00
-4.402403511587182905e-01 -4.973874511982261382e+00
2.810838420831234252e-01 -5.579437714527913705e+00
6.061228934299374593e+00 -7.718715873781735404e+00
8.655965086063503122e+00 -7.935171510762667246e+00
-5.036331423949985009e+00 -2.689297326717996484e+00
2.519323623083806751e-01 -5.083040858850958799e+00
-1.156725322006654011e+00 -4.096677489374817682e+00
1.148750302942169732e+01 -1.482638282711909916e+01
7.133383228180045776e-01 -5.510510682775892732e+00
-6.165818617542998759e+00 -2.263568797123270748e+00
2.563025822212987581e+00 -6.447993974775094728e+00
-2.454362749331028049e+00 -3.477175108033605078e+00
1.423596979056515721e+01 -6.961021811976448426e+00
1.075270033160786953e+00 -5.735522383216003384e+00
-5.083232551943999145e-01 -4.986095739633306323e+00
-8.553111784232337200e+00 -1.334875608666061808e+00
4.993541722704697983e-01 -5.611887853645446178e+00
3.947800745523932342e+00 -7.642734453554230534e+00
-1.636418027912730722e+00 -4.765518057511432204e+00
2.459622348400161584e+00 -7.111391415171640418e+00
3.882969890214913455e+00 -8.025040889514912124e+00
-4.665065065478504636e+00 -3.127264890601092695e+00
1.504689961285797573e+00 -6.691810274334455855e+00
-4.882582537790566946e+00 -3.117331157098549355e+00
1.376783696422595238e+00 -6.541936692478365956e+00
-5.026086282903363234e+00 -3.399415837434370147e+00
-5.226380616875292873e+00 -3.307330007027895036e+00
2.037731765293650632e+00 -6.958987494333692680e+00
3.598824168190839501e+00 -7.126103142284276437e+00
-2.815341341870198022e+00 -4.594074320236168241e+00
2.203261101272912192e+00 -7.110248176317675473e+00
-5.548376175535081778e+00 -3.406964094887797501e+00
-7.353592463510621791e+00 -3.645591478818152709e+00
3.365984005803166923e+00 -7.937163173027795615e+00
1.480621737314812503e+00 -5.938709351558227212e+00
8.697282540445835375e-01 -5.659840321007130193e+00
7.369747691328672801e+00 -6.851270375862483775e+00
-4.680083968020188223e+00 -1.289084255019584546e+01
5.204269953532497439e+00 -6.630742269524182220e+00
9.134696714249480820e+00 -5.737810763607527065e+00
-4.657334919622050151e+00 -1.172075581515371034e+01
9.325486798612285355e+00 -5.370084670363521440e+00
2.104136825200598082e+00 -5.616253244475479356e+00
-4.537104101828023595e+00 -4.278828107031621641e+00
-6.765269222293806450e+00 -3.804121296766239002e+00
-1.135841914263544083e+01 -3.916825653764647974e+00
-3.664857640420640550e+00 -4.797949123729347676e+00
-1.338470864876992295e+00 -5.899342892084488810e+00
-3.893103028328067428e+00 -6.111650237156813326e+00
-2.203353989604939667e+00 -5.924986091888405859e+00
7.130671401103073848e+00 -5.356323942667938098e+00
8.170837628814697773e-01 -6.540357059181364008e+00
-4.218770758381117147e+00 -4.462636893695877127e+00
-5.037679953652136611e+00 -5.733284050026623113e+00
-7.239718499530735096e-01 -1.400309172479543562e+01
-7.178613783025642014e+00 -5.333804080876700660e+00
7.413576260925980321e-01 -6.526868019069465454e+00
6.043684670778588064e+00 -5.720771392491258212e+00
5.866051239234053583e+00 -5.078226693793249424e+00
3.063123658928462056e+00 -5.872757781679814215e+00
4.962685498572488640e+00 -5.144346286910846722e+00
-6.761797888818209756e+00 -5.027356202170158994e+00
-5.471452849980743771e+00 -1.552840115576407332e+00
1.801121086034378482e-01 -6.385147229823378012e+00
2.725783363047519892e+00 -4.703434711695565262e+00
5.164469723067081297e+00 -4.661970725645341318e+00
2.240113415012622511e+00 -4.257757637110646698e+00
-5.124282811311133834e+00 -1.832596451087651346e+00
-5.165430781382908343e+00 -5.520864634895513490e+00
1.810713002151889128e+00 -5.232198108682940330e+00
2.878449130771035591e+00 -4.470152377415897327e+00
2.388779953557977453e+00 -4.378167760166927103e+00
3.064594185071616295e+00 -4.194813559934469360e+00
-4.913726768266078793e+00 -1.780960628611953922e+00
-1.231423087225199708e+01 -4.181818949079584513e+00
1.456413175047435171e-01 -1.449373415101450746e+01
-7.209963868450608437e+00 -6.096227796073854677e+00
3.075331906605702770e+00 -4.140228356116913311e+00
1.862969495064345171e+00 -3.308050876734237367e+00
7.148193533282998224e+00 -4.525412094081240788e+00
-6.301810830543358222e+00 -5.728820678345597273e+00
-5.088319301378612103e-01 -3.117155237839856596e+00
4.255022182317683921e+00 -8.888078389836229221e+00
1.832040283494369426e-01 -3.963585159526733737e+00
-3.116641670496039573e+00 -5.834483902179284698e+00
2.016761894930121368e-01 -4.042939912751789322e+00
-1.281530991532112473e+00 -2.831685485789965817e+00
3.976868707513348866e+00 -6.092824731876298472e+00
-1.418843421164784901e+00 -6.696700353694154728e+00
-1.481525712489774271e+00 -3.111702159738440887e+00
-1.799408774958990875e+00 -6.319843421289794705e+00
3.855079977504142885e+00 -8.864093081706958088e+00
3.874975670287581053e+00 -8.941773514758413199e+00
-4.854538793480342562e+00 -6.473865942760840042e+00
2.913452676488563320e+00 -8.150425270945675038e+00
-5.764301480427011626e+00 -4.069340296317283112e+00
-2.465736241972269482e+00 -7.140034968618227396e+00
4.614923018401375643e+00 -4.792984043319572507e+00
-1.240016176091448763e+00 -7.163877837658488623e+00
-1.280062911273540438e+00 -7.312065074846056945e+00
1.606050022039000824e+00 -8.228229435084593035e+00
8.025461647324805270e+00 -1.201768787398799532e+01
-6.398329492561993348e+00 -6.550875309786684753e+00
-4.919404403273675008e+00 -1.301996787341854089e+00
-9.252074617361476516e-01 -7.541582592187989320e+00
-3.351839253774216765e+00 -7.156330403244829164e+00
2.170569439584082438e-01 -7.675739543831919143e+00
2.901809993394096843e+00 -4.005411265838300316e+00
5.446914466291719492e+00 -4.266741481321812302e+00
-3.264793049139454340e+00 -2.316863438613071757e+00
1.160474388466704809e+00 -7.787487761670682573e+00
-6.785173562346498599e+00 -4.291594272707794033e+00
-4.081214306611381737e+00 -7.109504190388866718e+00
2.549184492298401938e+00 -3.801260257187029978e+00
-3.540579491705997839e+00 -7.220988425394558874e+00
9.561636184439800124e-01 -3.360065720517366294e+00
3.478010590457407680e+00 -9.396669172013693228e+00
-6.185280711470229065e+00 -4.232775646519467472e+00
-4.010596359910630682e+00 -7.151020038635090614e+00
5.093234102312635514e+00 -5.950592894111239595e+00
2.473629793468630211e-01 -7.216373597672349760e+00
1.299845165071668918e+00 -4.472447469144697152e+00
-5.714836083935191269e+00 -4.289656802904371347e+00
-1.270664619865596867e+00 -6.658465210440123627e+00
4.538833631463585760e-01 -4.367958442354701099e+00
6.960415265811026320e-01 -3.296364779971598935e+00
2.447447474409322865e+00 -3.608146832563576822e+00
5.951504807451977186e+00 -4.251737550604790528e+00
7.686772576301167392e-01 -3.218736313221440604e+00
3.004967534401684626e-01 -3.051892890666717761e+00
-1.437970580973642054e-01 -2.942973093178148147e+00
-2.184228210767455991e+00 -7.532674403568911714e+00
-2.015283467160879471e+00 -2.591623711583488365e+00
1.973817496502354940e+00 -7.509345547072250326e+00
2.257334038420553135e+00 -8.885930608133266517e+00
-5.906898639232490922e+00 -4.545336637983873551e+00
7.948359165608783528e+00 -1.201963996392818501e+01
6.779051387178804511e+00 -4.274884469107445462e+00
-3.377415656877635897e+00 -2.166578773961541415e+00
1.564313700152932807e-01 -6.992593705570442353e+00
-1.376566002148013279e+00 -6.453285810337091810e+00
4.942506605276459908e-01 -8.213352997904518560e+00
-2.884209534931006846e+00 -7.545545508976523763e+00
1.864482322133226511e+00 -8.704800580809260779e+00
-3.818819177877374127e+00 -7.447890392708446328e+00
-2.354480261686613396e+00 -2.923377841101724162e+00
-3.264362668458836048e+00 -2.606530118676832153e+00
1.776381531826137117e+00 -7.321713168048855636e+00
1.024998499135748808e+00 -8.705761662356644948e+00
-2.574422237466020391e+00 -7.786176531978650672e+00
-5.338752689447010980e+00 -4.496348434209542333e+00
2.743031740894323889e-01 -2.908545839023010338e+00
1.550269507003831926e+00 -9.025259851732737815e+00
2.564315293310386323e+00 -5.015411402471062097e+00
6.667760567501003877e+00 -4.214353681601880730e+00
-3.625653779067757654e+00 -2.543409985821978303e+00
-1.840434172677556379e-01 -2.700860059494007537e+00
-2.225395521243885621e+00 -3.209455353804642641e+00
-1.742326930081650183e-02 -2.607250631909271643e+00
-2.495170211561307472e+00 -1.879371914882144612e+00
2.870157668678075424e+00 -9.562248717717402258e+00
3.277383633110564354e+00 -3.537546550407045576e+00
-1.291132677354325242e-01 -6.663671823406042805e+00
3.742593777186002058e+00 -3.590802530985836238e+00
-4.920364527650139763e+00 -4.775658592709389083e+00
-2.836986775792854409e+00 -1.707457911535774642e+00
-1.240597681234086203e+00 -6.227740667939943187e+00
3.237906349923882043e+00 -5.337851147971089283e+00
5.793087769820712829e+00 -1.101541609584264236e+01
-1.872690721869131991e+00 -3.475727702415862375e+00
-1.069237354326470157e+00 -2.243809720777492522e+00
-1.693510630362625058e+00 -6.088073095848745453e+00
-4.115542618279957043e-01 -2.326620474897588053e+00
-2.548683908510047669e-01 -6.410975033421658864e+00
1.520582368950619712e+00 -4.731784842362022125e+00
-1.935953286518303784e+00 -7.994986718400713954e+00
7.459297992162118307e-01 -2.480240185505514283e+00
-1.438382915934347528e+00 -8.177461629894251516e+00
5.890269452433210873e+00 -1.119752863748155391e+01
5.933177209152341369e+00 -3.873375086411296575e+00
1.523253187407083153e+00 -2.677521832574104810e+00
7.116586363073582611e-01 -8.975458662216148298e+00
-3.236770965635697550e+00 -1.011816611145622602e+00
-7.815636482758145931e+00 -7.121898147959416114e+00
1.736541933808179117e+00 -9.337774233621720654e+00
4.307339285949493002e-01 -2.277903193854684094e+00
4.543604731175024725e+00 -1.053814543691477823e+01
-5.611820185948304562e+00 -1.330797744370190827e+01
4.913060818690786924e+00 -1.074478753613164983e+01
3.906196890189216120e+00 -1.031731014146489578e+01
-3.692665125791890990e+00 -9.313644846654201004e+00
8.241835884565722026e+00 -1.298380068367596785e+01
-1.448548875325902596e+00 -8.377200687250560662e+00
3.299319546842510498e+00 -1.008994611064543889e+01
-2.631990554617654077e+00 -8.108624434655981261e+00
1.165261161134944601e+00 -9.289592995969419675e+00
6.569376628133866802e+00 -3.880928026013094723e+00
1.980722208589580813e+00 -1.778116482409324561e+01
6.175639754846608653e+00 -3.504778859377427391e+00
-1.899762980056607375e-02 -2.016642542390118642e+00
-5.730856773315751163e-01 -1.831444198517901523e+00
1.001357926900003248e+00 -2.310485797897667837e+00
-4.431100118437127477e+00 -7.782460674341008300e+00
-9.786914698306019567e-01 -1.677881973673396976e+00
-1.350744677121722859e+00 -8.537311671785179357e+00
3.146824014821402837e+00 -2.850027312911912691e+00
5.687146796729011911e+00 -1.127147886821275691e+01
-3.753603897510640497e+00 -7.966297500614275329e+00
3.518526213026968552e+00 -2.937188081727560629e+00
-1.906805491373964934e+00 -1.318239989606791340e+00
8.995452470030329550e-01 -9.313751559249457301e+00
-5.783717079949548534e+00 -7.527488699688492879e+00
2.504286236782947483e+00 -2.640638708571273696e+00
-1.139661006659566045e+00 -8.694334283563382115e+00
2.629555983521892237e+00 -2.664802964687776665e+00
4.590610085133726592e+00 -1.082418471753756428e+01
-2.290285486118050606e+00 -8.378471002732075235e+00
1.604090594901319555e+00 -2.374785490906674568e+00
-4.822673671733864964e+00 -7.741322101390410992e+00
-1.005196876798981798e+01 -7.083612901726464628e+00
2.128059658107077645e-01 -9.153748191303114012e+00
-2.602805331110235265e+00 -8.332642554801850565e+00
5.532752635961772469e+00 -3.329250296283266852e+00
-3.807058901900988168e+00 -4.354436642228693977e-01
1.125961297508874193e+00 -9.466837400584296347e+00
2.279273271192184147e+00 -2.520391391929719394e+00
3.678007997805083917e-01 -9.251132761101571234e+00
-1.927722475008531333e+00 -1.176114369292365014e+00
-3.670730991665670739e+00 -8.129728923594004897e+00
4.490562215441499028e+00 -3.080218854076286483e+00
6.327966936042221491e+00 -1.180300751566104722e+01
-5.365760879248190562e+00 -7.751892559523748893e+00
-2.529184635794499592e+00 -9.027630069980254746e-01
6.757340683709434082e-02 -1.798450084178693009e+00
4.120812489794043465e+00 -2.968915634965885619e+00
-7.242790881176637274e-01 -9.003674704781962745e+00
2.775406349053128885e+00 -2.589245939362299964e+00
-2.563840788489477163e+00 -8.483421164504987289e+00
-1.405731373744534718e+00 -1.107509456635114020e+00
2.070361218704159789e+00 -1.000820497644954976e+01
-3.651968800685860828e+00 -8.235059429322825864e+00
1.033955769251065915e+00 -1.899112451220944742e+00
3.342020401355611625e+00 -1.049959720082019210e+01
3.516914935217574367e-01 -9.455834537790680727e+00
7.354388664497453210e-01 -1.668169310100848346e+00
2.411932025786541978e+00 -1.016022544982180165e+01
-2.506961639630305161e+00 -8.622986022710257714e+00
-7.722098991203776741e+00 -7.481716307561983470e+00
1.097134671003992867e+00 -9.793904712985227690e+00
6.307627017049102669e+00 -1.199779196663619985e+01
-2.114916473609983250e+00 -8.931003398222330247e+00
4.426047269329833611e+00 -2.742576098511859239e+00
2.826921127496266894e-01 -9.631556556455393547e+00
3.839850391111254702e-01 -9.712864414009773739e+00
-1.407143284023897323e+00 -6.849249742951523112e-01
-9.463568675525269924e+00 -7.503499900366753295e+00
6.671928988720818854e-01 -1.453126234356465263e+00
4.419766179048098209e+00 -1.126890695052514957e+01
-3.455635482639245026e+00 -8.744268405848739434e+00
4.271560629900814643e-01 -1.340975060338792435e+00
-2.272675298964135671e+00 -9.107188214929699654e+00
4.869270313338111222e+00 -2.576316856011157341e+00
2.852014306550560541e+00 -1.079748510224499825e+01
-1.631945815569549207e+00 -4.786782554713689963e-01
-1.921152192491861310e+00 -9.269369432402616127e+00
6.251149267215153849e+00 -2.857545445970200326e+00
-6.521184072951186295e+00 -8.027739475923825196e+00
1.553866245350853603e+00 -1.579126235326540062e+00
-4.533423676339246589e-01 -9.764980787275099772e+00
-2.104782964768096676e+00 -9.244004984904966804e+00
3.559122074271931613e+00 -2.169704457295941857e+00
-5.598352174190727171e-01 -9.749199539428243355e+00
2.103973412602246462e+00 -1.713753362140649772e+00
4.338017028374349771e+00 -1.148752530284238560e+01
-6.157574583281561154e+00 1.987931997529275741e+00
2.260816869762394266e-01 -1.002339442065490260e+01
-1.319107037462077248e+00 -3.987910078478736908e-01
1.783367878194989764e+00 -1.054642231542689501e+01
3.339847147694374740e+00 -1.968991544972306329e+00
-6.403682668930606781e+00 -8.242090253903167962e+00
5.486521261128785021e-01 -1.016428156791093329e+01
3.253542020034302373e-01 -9.771797687041720026e-01
2.532607644023461724e+00 -1.086244322339796220e+01
2.814969001513077274e+00 -1.753130259506654909e+00
-1.590082004766117496e+00 -9.561159745963431433e+00
-2.806167884220269748e+00 -9.215519326857593896e+00
-2.430916795670830410e+00 -9.361235140022774459e+00
-6.883483776406169596e+00 -8.251373256653129928e+00
2.721361589042855300e+00 -1.100584543350357336e+01
1.866032647837860159e+00 -1.461273859560747734e+00
9.948004171844897492e-01 -1.041940603594054515e+01
4.264651924986001319e+00 -2.131039523098041233e+00
-3.108465116260036964e+00 5.186601546897628978e-01
-3.401072967655696111e+00 -9.159753768052611989e+00
3.525580398260800052e+00 -1.930058408378438006e+00
2.638903448880025593e-01 -1.028943034095853015e+01
1.775538819350622965e+00 -1.366452477211688388e+00
9.089452568833258361e-01 -1.054674683699189863e+01
4.834538389449113183e+00 -2.222546275754122558e+00
-1.240298344488201643e+00 -2.051926319815799982e-01
-5.340158772158731804e-01 -1.011519226019593454e+01
-5.804717516072583905e+00 -8.706707607987487663e+00
