2.006546691817821682e+01
1.592705720100116906e+01
8.222336523338432457e+00
2.100030878747287666e+00
1.473150836863254542e-02
7.283368302858879151e-01
1.965965719302096959e+00
2.553749310514480175e+00
2.474126538435494016e+00
2.096092002501090956e+00
6.622671851161504719e+01
5.417218613213470491e+01
3.050894521389979275e+01
1.013949130951140809e+01
9.653508190779447329e-01
4.093700888013181993e-01
2.421016206898102485e+00
3.562124764296150659e+00
3.444473213062761552e+00
2.770246180206787923e+00
1.582497252992346830e+02
1.315905223390533081e+02
7.716242672432895233e+01
2.843383292973868137e+01
4.269398889596909719e+00
1.212463430799754216e-01
2.937119369065088303e+00
4.882884453499681143e+00
2.896834409690795392e-02
9.973314970573275012e-03
2.914975659730889674e+02
2.455135636275424531e+02
1.476820329567435408e+02
5.757731474118880755e+01
1.049882916995475846e+01
4.040854198049348867e+00
3.103343983593645147e-02
2.450936952521124423e-01
2.049668722382839425e-01
1.173968350585742268e-02
4.254284753636379151e+02
3.631036211633648918e+02
2.232446830466148242e+02
9.075912070710369051e+01
3.995049139535356630e+01
5.861750221613767131e+00
3.471432220419914949e-02
4.211594013642013801e-01
3.876582760521744553e-01
5.427455130173720887e-02
4.988458215770311881e+02
4.325545441484104003e+02
2.721928917407318522e+02
1.151641392312568968e+02
5.060973712039174188e+01
8.140730762246183971e+00
1.374258093863440500e-01
3.530431365899592278e-01
3.772999290697593988e-01
5.324282648962839343e-02
4.733192031587469728e+02
4.184550254703552241e+02
2.704337213539852200e+02
1.194055927264343779e+02
5.563066698169473057e+01
1.047964137290139419e+01
5.142805221582723574e-01
1.020364979848326498e-01
1.715018691930913219e-01
8.845774970555995639e-03
3.642672607567730552e+02
3.296176190775772739e+02
2.195792283909775620e+02
1.014796130118401578e+02
5.279793305654223445e+01
1.204656093432443242e+01
1.282495913311008318e+00
1.037340261903849786e-02
5.640623135078501327e-03
2.000426610832102201e-02
2.267961147237364798e+02
2.108156637304192316e+02
1.451206404293902494e+02
7.020572578996802804e+01
4.304491598723571144e+01
1.199983713768717841e+01
2.202759864945956547e+00
2.957568709327640377e-01
9.388931705757221080e-02
1.695915464887674806e-01
1.130790192221002286e+02
1.083261735298224977e+02
7.705609173887083330e+01
3.879510164678043793e+01
1.217224929084360774e+01
1.022345238914108911e+01
2.795478455463745959e+00
7.952521416988823644e-01
4.053131289594203990e-01
4.277904031646401761e-01
