8.654319732820036748e+00
8.003121002565745101e+00
5.426685714574387198e+00
2.624286968820049637e+00
8.064358252267618266e-01
8.651261934179424462e-02
2.348841739307605189e-02
2.167323609871180945e-01
4.613093360310863700e-01
6.755406767407831081e-01
3.056618689596418292e+01
2.804835352228123568e+01
1.937195382631254148e+01
9.932150298831087909e+00
3.600049799454919874e+00
7.659949637585946602e-01
2.386555067025058000e-02
9.691934613100808282e-02
3.633558000805861554e-01
6.144418191338665292e-01
7.590890913625071335e+01
6.917675155679243915e+01
4.768230538130487872e+01
2.449811725366324566e+01
9.016001716170515934e+00
2.089082453701674780e+00
1.537833743044815793e-01
5.676097878339548403e-02
1.983451417377479764e+00
1.469491019495150042e+00
1.447136293036388111e+02
1.314656653381724709e+02
9.019615574495146859e+01
4.583599462842688865e+01
1.648237607345302536e+01
1.532502845539814018e+01
6.290352664781162062e+00
2.966609860936553655e+00
1.780211520477977372e+00
1.331183189372691755e+00
2.192986414538444819e+02
1.996697222400783573e+02
1.369219339440559509e+02
6.898978397930777362e+01
4.780677222809637783e+01
1.793639639139314923e+01
6.295154641113570371e+00
2.541273111991129596e+00
1.429816556700955310e+00
1.110042490251140768e+00
2.683398690122271546e+02
2.463834361961331183e+02
1.700789171124178267e+02
8.576385087379733818e+01
5.535489848762685483e+01
1.938020860935831280e+01
6.011175018311072371e+00
2.092661205258308676e+00
1.100762665072594126e+00
8.981522902405458808e-01
2.668341925693633243e+02
2.486026726579072488e+02
1.741000368692839686e+02
8.885882098050356603e+01
5.698704348947870812e+01
1.955016238353012881e+01
5.729132715675865128e+00
1.822807204055566510e+00
9.096979547646759645e-01
7.673569571758955821e-01
2.156950268174297207e+02
2.050569108760199697e+02
1.466675535167876205e+02
7.649038673776568942e+01
5.183530112931895673e+01
1.830968774941275612e+01
5.500721461650770472e+00
1.767029676475490030e+00
8.757864747074335376e-01
7.378007962995946079e-01
1.409567003959681699e+02
1.373803239638977516e+02
1.007987466593716306e+02
5.397311523643521980e+01
4.126794286048716032e+01
1.562962665749989633e+01
5.156213063875843439e+00
1.833128016681232042e+00
9.553915783653921245e-01
7.895952206566193565e-01
7.343605629098026100e+01
7.366575492001705072e+01
5.550722092690020304e+01
3.043779298240165332e+01
1.120214183756918480e+01
1.195422227721701347e+01
4.527047922441085781e+00
1.879290290251919515e+00
1.073846283220782682e+00
8.807757884814738647e-01
