1.658604370219827473e+01
2.288116216688994697e+01
2.501418303175336888e+01
2.203750148641037399e+01
1.572531150719728998e+01
8.993122193689170984e+00
3.944636577802308697e+00
1.150234490535231302e+00
1.136633597388388289e-01
3.983127484312163485e-02
6.413180201678346748e+01
8.448076779102358103e+01
8.947625186118179386e+01
7.706750370923326443e+01
5.433120504339044743e+01
3.132332153443870126e+01
1.452036133599193413e+01
5.104678259788345329e+00
1.115115862603734964e+00
4.282352485070502202e-02
1.806232986684877062e+02
2.321568364297477274e+02
2.406634517858446145e+02
2.029676466612868921e+02
1.401717724628171311e+02
7.949377140365021432e+01
3.678050490545161466e+01
1.345878377712762486e+01
1.500005196087765391e+01
7.016684220978057773e+00
3.945005187927157522e+02
4.995767819708613615e+02
5.099068878045675888e+02
4.223262411259923965e+02
2.854981470354209705e+02
2.124422202578331280e+02
1.094742953145407540e+02
5.041582320865277467e+01
2.169239485034006520e+01
9.283682224590179999e+00
6.828694142851398965e+02
8.567820493370768418e+02
8.647687786019699843e+02
7.058089156831862283e+02
5.585753296321319112e+02
3.206874411623656442e+02
1.576875020593557508e+02
6.851730252347022088e+01
2.756465124297715619e+01
1.099067228530576479e+01
9.441410112127570073e+02
1.178088410682546282e+03
1.179871003370150675e+03
9.521487079111863068e+02
7.249659054673829814e+02
4.050252534220297775e+02
1.919816016456564398e+02
7.965445791548202692e+01
3.039498680597331770e+01
1.150181230095167884e+01
1.044996415780635516e+03
1.300379928192367743e+03
1.295821541413541127e+03
1.036986905513302418e+03
7.751808799526899065e+02
4.247379524805045321e+02
1.960395540280437388e+02
7.866561960548007448e+01
2.894017151430776735e+01
1.062141544882357458e+01
9.254369053669770437e+02
1.151036083080144635e+03
1.143739308272165317e+03
9.097458426750636136e+02
6.799528631248874717e+02
3.681200910353792892e+02
1.671747705664508885e+02
6.581889950523452626e+01
2.381746887479209462e+01
8.716429958904884145e+00
6.540009683412711183e+02
8.146920630888887445e+02
8.085917177494210364e+02
6.402490901084837560e+02
4.885150611486946559e+02
2.633152631952115144e+02
1.190098645557295356e+02
4.677360197793807828e+01
1.708434382954603947e+01
6.464439443543660069e+00
3.666909063644287698e+02
4.585448058669937836e+02
4.551691517604299975e+02
3.589275852682467871e+02
2.242354801059240401e+02
1.559752279563807917e+02
7.115128328803247371e+01
2.854903378945321180e+01
1.089374804333432145e+01
4.461460568232353374e+00
