1.420884531241344803e+03
2.561293071445553323e+03
3.626448186352483845e+03
4.079308159799759778e+03
3.681805555667984208e+03
2.690525070271467484e+03
1.604422211287946084e+03
7.846424952362850718e+02
3.142287549743506361e+02
1.013863629897351615e+02
4.747930729274201440e+03
8.318471812549165406e+03
1.146471435847570137e+04
1.254726822487848767e+04
1.100099771440747099e+04
7.794977332833253968e+03
4.501660193963632992e+03
2.133807742631468955e+03
8.326152289149659964e+02
2.656300036337417509e+02
1.269348345094823708e+04
2.173699615302379607e+04
2.928258713970759709e+04
3.128124726373675730e+04
2.670758014494776216e+04
1.837451311763040212e+04
1.027315982814267227e+04
4.705009303229666330e+03
1.947365694262884517e+03
6.484977959289041110e+02
2.717329398201854565e+04
4.567194079780960601e+04
6.035651250313471246e+04
6.314625744566263165e+04
5.266463477431141655e+04
3.527432703814533306e+04
1.968430738410213235e+04
8.837080413299725478e+03
3.304375224966256155e+03
1.046843704719035941e+03
4.649571139292344742e+04
7.696817153183049231e+04
1.001121307155142567e+05
1.029213355226634885e+05
8.529782017579677631e+04
5.598727485226529825e+04
2.971936161062414249e+04
1.289244323999436165e+04
4.631063793685955716e+03
1.401433756043734093e+03
6.345126985434191738e+04
1.037564974591992068e+05
1.332232361685940414e+05
1.350047385161035345e+05
1.098534166561307502e+05
7.066502972682146356e+04
3.660141114363638189e+04
1.541186685291662252e+04
5.342503594664794036e+03
1.551504758615360515e+03
6.892503829537033744e+04
1.116165240818574675e+05
1.418430245774813811e+05
1.420819512037452369e+05
1.140214742059293203e+05
7.214801322119339602e+04
3.661862257421641698e+04
1.503778028517217354e+04
5.056763243847198282e+03
1.417370635771421803e+03
5.950083547355168412e+04
9.562906886036814831e+04
1.205442880905398779e+05
1.196419222494168062e+05
9.507663485041419335e+04
5.937815594884088932e+04
2.965143034040920611e+04
1.193288444198402976e+04
3.914982807202280583e+03
1.066653306927569702e+03
4.076350345336529426e+04
6.514281198277532530e+04
8.160455068847516668e+04
8.041369780602509854e+04
6.353517784312928416e+04
3.928257148069901450e+04
1.937373591446250066e+04
7.677858823740271873e+03
2.473391327319081938e+03
6.609485884648482852e+02
2.212993372842413009e+04
3.522459563550216990e+04
4.392183448824365769e+04
4.304138879973953590e+04
3.323873988722728245e+04
2.085170106166456389e+04
1.019424500520946276e+04
3.998885145925925826e+03
1.274528632018020062e+03
3.381542151467816666e+02
