1.319477649640872130e+01
4.474767757142929270e+01
9.431355146060937500e+01
1.416800416858669109e+02
1.605703231459359870e+02
1.412931553633628425e+02
9.786535841495945931e+01
5.335162590973177998e+01
2.239012984804818629e+01
6.704684831333830530e+00
4.438855911018440992e+01
1.353437012968335296e+02
2.702951578289278700e+02
3.915475688273604646e+02
4.313435744162706555e+02
3.710399663907733157e+02
2.529769929829810451e+02
1.373835899220118790e+02
5.884716608501985036e+01
1.907721858159735717e+01
1.133987190046719178e+02
3.229728341278909625e+02
6.186824782685174569e+02
8.673227902328527534e+02
9.279597615032529347e+02
7.768780935727845645e+02
5.169304042338210365e+02
2.754542580763846331e+02
1.643886214513214838e+02
6.754911605266622132e+01
2.307363388242245890e+02
6.229123544842848332e+02
1.150188203946859176e+03
1.562662412917650045e+03
1.622747712647654680e+03
1.468136682847053862e+03
9.730114373393556662e+02
5.298929189875402699e+02
2.418715670693763968e+02
9.502503157787000987e+01
3.784172198668862848e+02
9.762850930410548926e+02
1.743591763114181276e+03
2.299464321602948075e+03
2.515279261730779126e+03
2.002942979416990056e+03
1.283479810543447684e+03
6.739826502843409344e+02
2.960275991980803951e+02
1.117767596325902133e+02
5.000247267234461788e+02
1.241127977569334917e+03
2.151734191520627974e+03
2.761238495921772937e+03
2.920051764574260233e+03
2.258139186894952672e+03
1.401157346896912486e+03
7.106092291973158126e+02
3.010241491822733337e+02
1.097509972173955930e+02
5.298354980900252258e+02
1.273874387274664741e+03
2.152855354083455040e+03
2.696665742599145233e+03
2.785530367172988463e+03
2.097547807159711283e+03
1.263874071616904075e+03
6.209848698474369257e+02
2.547142463849828289e+02
9.025674989007336535e+01
4.473861959797399663e+02
1.049511422209233388e+03
1.737053713130693495e+03
2.131491028181479578e+03
2.175533930401073121e+03
1.601093168629028924e+03
9.408384474767577785e+02
4.501380140271828054e+02
1.800106047799970952e+02
6.267095332668954200e+01
2.986479867948660285e+02
6.892998651431993267e+02
1.123090653756965821e+03
1.355181177157920047e+03
1.387846209479369918e+03
1.002784827984193839e+03
5.780044661885937103e+02
2.713920507600623750e+02
1.070259625750648951e+02
3.729179832472861023e+01
1.556972747179378587e+02
3.574752099343497775e+02
5.769054124295339534e+02
6.872599012275852601e+02
6.197996281199069699e+02
5.159874172480780317e+02
2.940543363911344272e+02
1.371139260221059430e+02
5.433413571706694256e+01
1.953716435403103091e+01
