4.366438655015444965e+02
9.380963286467095941e+02
1.483883506442143016e+03
1.774360340614684446e+03
1.627200133768437354e+03
1.153414741292654071e+03
6.334548985093190367e+02
2.681747300149567081e+02
8.566614368972166460e+01
1.926667673397048119e+01
1.339713746999787418e+03
2.878957483673689239e+03
4.563819445725130208e+03
5.473896018483431362e+03
5.040389963084856390e+03
3.594178157080037181e+03
1.993482170962516875e+03
8.595737718809450598e+02
2.853785987255237728e+02
7.054259011795747369e+01
3.207518306331751774e+03
6.937064527954103141e+03
1.105072779614248248e+04
1.330647849619179760e+04
1.229615346250555922e+04
8.801904734795292825e+03
4.907550841912888245e+03
2.134800495989696628e+03
8.327157344774198009e+02
2.442071839052357802e+02
6.030671239910891018e+03
1.317801706852756797e+04
2.113642876208508460e+04
2.557362007103470023e+04
2.371837288585205897e+04
1.703181239750680834e+04
9.922610973146956894e+03
4.426595651479695334e+03
1.573977050219700914e+03
4.537099685968571521e+02
8.910482588444019711e+03
1.974209633859421956e+04
3.194343351251854619e+04
3.887771307965004235e+04
3.697253133917800005e+04
2.673120757411350860e+04
1.511727316186580902e+04
6.736882802406616065e+03
2.386555096781330576e+03
6.819073435686716493e+02
1.033150966333191900e+04
2.330014249948453289e+04
3.811673859397438355e+04
4.672755589555047482e+04
4.457355316120049247e+04
3.232593676864829831e+04
1.831250561121525243e+04
8.164368921584059535e+03
2.889094397696804208e+03
8.225994113674307755e+02
9.377544081580939746e+03
2.162929445844760994e+04
3.586922199250109406e+04
4.436291338663474016e+04
4.258793089793495164e+04
3.100976958835736150e+04
1.761408131388589391e+04
7.866509615483809284e+03
2.786570768643557585e+03
7.939236925997228127e+02
6.640246840510830225e+03
1.575876394447023995e+04
2.657938109148007788e+04
3.323005045552794763e+04
3.222238446558981013e+04
2.358134821897434449e+04
1.344516226424964771e+04
6.023405746792246646e+03
2.140744025740205871e+03
6.130151991321237119e+02
3.649639773433938444e+03
8.984977681807487897e+03
1.547737464700805685e+04
1.960688241834763539e+04
1.930143537343124626e+04
1.421515035752417498e+04
8.146676863683837837e+03
3.667924718718934855e+03
1.312017259915538716e+03
3.799426863367868918e+02
1.543890333202717557e+03
3.990161004417057484e+03
7.059822588803467625e+03
9.089767018606557031e+03
8.780819800126806513e+03
6.799784529603885858e+03
3.924739129090529332e+03
1.781129939242295904e+03
6.445875639646121726e+02
1.907376942520415639e+02
