5.256661760605393852e+01
8.302675076816717592e+01
1.125257149924592142e+02
1.282148509146165907e+02
1.210350310087235783e+02
9.389435304578434227e+01
5.989876851556702775e+01
3.188783894555378140e+01
1.473455003296922605e+01
6.404182352416325053e+00
1.434850996812575090e+02
2.317027696716177729e+02
3.181758820178404221e+02
3.650171647395179093e+02
3.449267068377504870e+02
2.659268943141587442e+02
1.667220946950455698e+02
8.555223900072365950e+01
3.681304072976665509e+01
1.408140893025485596e+01
3.262150219525712487e+02
5.315432371261493927e+02
7.341328371378655220e+02
8.454259789635210609e+02
8.004215622524735636e+02
6.165256441331945325e+02
3.842178775638049046e+02
1.940890470773911716e+02
4.874201000312626064e+01
1.130165030737384591e+01
6.012265606435375958e+02
9.811115014772205996e+02
1.356842651403092759e+03
1.565201719526213765e+03
1.484622968976168522e+03
1.013614408280832322e+03
6.102297850419272436e+02
2.866025704258323685e+02
1.022609207844219412e+02
2.605155517885936689e+01
8.890217438567177624e+02
1.445624112665420853e+03
1.995422695351757284e+03
2.301565792285131465e+03
2.002852719577669632e+03
1.528738479144390794e+03
9.279589661258909246e+02
4.415732368994879948e+02
1.611394768214874205e+02
4.297785639855430873e+01
1.051373033732378644e+03
1.696730140124044055e+03
2.330907775012012735e+03
2.683322184446008123e+03
2.351486650995097989e+03
1.800448747089090830e+03
1.098776864879082041e+03
5.270281966585544069e+02
1.946581383694108354e+02
5.303072789561465328e+01
9.946733115931484690e+02
1.587152524958313961e+03
2.163882693709919295e+03
2.481416107863154139e+03
2.165882079302944476e+03
1.660782084315628708e+03
1.016608942175763332e+03
4.895541215551655228e+02
1.815980211353695211e+02
4.965456559363090605e+01
7.546830453344924763e+02
1.186003516830893204e+03
1.599850551328824395e+03
1.823622887725944565e+03
1.565946121579369901e+03
1.200333890074110286e+03
7.351024554268899465e+02
3.538835379087714159e+02
1.307462277707867315e+02
3.520989994553050906e+01
4.615646572833106802e+02
7.111928983099121524e+02
9.458931519234037069e+02
1.069149489482938634e+03
8.869315351221367791e+02
6.779924323725003887e+02
4.139200551282157790e+02
1.979536389911665140e+02
7.192603803188961820e+01
1.850860323100708626e+01
2.298129422730282556e+02
3.452077552958062938e+02
4.507481938230042147e+02
5.037975209482431183e+02
4.739226074955258241e+02
2.968430092933712672e+02
1.795254734806106569e+02
8.428856321110571059e+01
2.936745984601122572e+01
6.757315430264840828e+00
