6.926374309206184687e-02
9.988665435386057112e-01
3.110786372258108834e+00
5.623134588200947803e+00
7.049153470901031504e+00
6.451361389812285907e+00
4.304300148432722573e+00
1.965670557199213464e+00
4.782217937769631111e-01
5.685475722775755643e-03
1.020981813353507794e+00
4.567729319693684786e+00
1.079186624511889292e+01
1.742020056902516245e+01
2.078380235850391600e+01
1.884606402684871895e+01
1.300602438806840944e+01
6.635279674450849541e+00
2.262004772212605097e+00
3.409856562301276095e-01
3.875647364122823291e+00
1.247974702471543651e+01
2.583983147521403723e+01
3.890579402949775556e+01
4.460214073699171422e+01
3.965001487001385527e+01
2.737678909702363583e+01
1.441684029717930926e+01
1.878253698533792360e+01
9.579365395212107614e+00
9.398840867997808601e+00
2.541121732729636307e+01
4.802245905878318410e+01
6.821681405169249501e+01
7.509759122768984696e+01
6.490067095628492666e+01
7.462780214850161542e+01
4.644305798241371264e+01
2.502278411443577610e+01
1.220665783329197041e+01
1.719278170268886186e+01
4.124653456792213291e+01
7.229949098286739684e+01
9.719759398323601829e+01
1.469244655597330507e+02
1.264148467278590431e+02
9.042359411476356001e+01
5.460383174306492293e+01
2.856363287766004788e+01
1.352885398504783510e+01
2.486525270808950339e+01
5.451682841245843036e+01
8.952185598254554577e+01
1.141199444319882019e+02
1.617230758235596966e+02
1.342509434260115881e+02
9.293192553447147475e+01
5.451791928049969016e+01
2.784965365421911798e+01
1.297646911746644705e+01
2.870613748541173749e+01
5.877937359747100032e+01
9.127092044113143743e+01
1.567596184519304927e+02
1.515123408420488147e+02
1.212662039661314708e+02
8.126797840519802207e+01
4.644218986386271553e+01
2.333538961570556225e+01
1.085458025120295389e+01
2.628115986094465484e+01
5.125231116167486078e+01
7.603002570121111603e+01
8.813063851565141249e+01
1.207514851254447876e+02
9.342066496317472968e+01
6.083943721103488400e+01
3.408873619702299607e+01
1.704507130522895153e+01
8.073119980509822824e+00
1.873846690362408651e+01
3.553019540092000739e+01
5.094353737726506637e+01
5.678944607715965986e+01
8.198545596038508165e+01
6.169986568002665450e+01
3.938216278866856612e+01
2.191034537921917291e+01
1.111528724066167584e+01
5.511733019203473027e+00
1.002909753225008416e+01
1.899749750029836548e+01
2.670609693958809672e+01
2.881430406469883820e+01
4.775854866907865670e+01
3.533681979232468251e+01
2.244012811222626880e+01
1.266476669498200103e+01
6.714547496069127597e+00
3.613652214933627427e+00
