7.036152203624821411e+00
9.784406088421691905e+00
1.187719411755325538e+01
1.230385262811016922e+01
1.081478896077162233e+01
8.154578665441885477e+00
5.442213358347919083e+00
3.402331156601509310e+00
2.158033351905928487e+00
1.502776163528974251e+00
1.521435596745264007e+01
2.276787428437221905e+01
2.897672760239408163e+01
3.076784206777773178e+01
2.708958826698366451e+01
1.989474623609793724e+01
1.245180363264535828e+01
6.948506692638564353e+00
3.736671917029246615e+00
2.851584946481572347e-01
2.990165107621522012e+01
4.711874099249091330e+01
6.213759794115270552e+01
6.748784388176513005e+01
6.001344248663453129e+01
4.381920288050155676e+01
2.664632855966672054e+01
1.394818298529540535e+01
3.472279744239961108e-01
3.490361165143670424e-02
4.974083854007368899e+01
8.131609861881801748e+01
1.102321291953442852e+02
1.221927903892996312e+02
1.101422884628358076e+02
8.082933226794018822e+01
2.483827571167405068e+01
8.883031677045776675e+00
1.813135212589318979e+00
4.924293623279480531e-02
6.748929190608531314e+01
1.134010084894185582e+02
1.572573550436674736e+02
1.776431994568535515e+02
1.155712564876136810e+02
8.066188722973198821e+01
4.286326326021730182e+01
1.658498528963392360e+01
4.100911071364494731e+00
3.561908478293953628e-01
7.339383117010723367e+01
1.259806308289912664e+02
1.781915962529333228e+02
2.049634074913595043e+02
1.394183718012106112e+02
9.951521925564196636e+01
5.435753581257482381e+01
2.189491864844643132e+01
5.858557058559425101e+00
6.818357599113853418e-01
6.357442704390544463e+01
1.109214417856178017e+02
1.596991450899917027e+02
1.869985711741099692e+02
1.277835754682469656e+02
9.288300417819390020e+01
5.161418537308175303e+01
2.114910235778237890e+01
5.769170909118209067e+00
6.944082688887051047e-01
4.399356800585351124e+01
7.754571048159219515e+01
1.133878974551265912e+02
1.351571380389038097e+02
8.871848183452894432e+01
6.546706133571468911e+01
3.666468630833242059e+01
1.495078703123304287e+01
3.926859258832080091e+00
3.853402826394883296e-01
2.471254800093408477e+01
4.354285224129361609e+01
6.438373801530764240e+01
7.808016471672381442e+01
4.585586395513392688e+01
3.422333426719895755e+01
1.905178020439735320e+01
7.465300578285526178e+00
1.704054419625253169e+00
6.940022352490234081e-02
1.173909416771926750e+01
2.024660071407899409e+01
2.997283857649587091e+01
3.687440722241574775e+01
1.680179001233689817e+01
1.257995215898129615e+01
6.746491650836706988e+00
2.327546783115729045e+00
3.286408899121929794e-01
1.710683913510274712e-02
