5.836176027841760039e+00
9.295307262514141300e+00
1.344145096899480407e+01
1.689751891568434061e+01
1.802025016017509174e+01
1.616279960673860572e+01
1.227363615344476422e+01
8.091259874970344157e+00
4.866233519394206120e+00
2.883831603501565866e+00
1.033775211113383818e+01
1.773412675516351911e+01
2.690289873817758703e+01
3.472511020014540861e+01
3.734385560965565531e+01
3.319948890571685496e+01
2.450448046996823237e+01
1.531080619049053837e+01
8.446796901904761512e+00
1.106734163098279863e-02
1.637603476710676631e+01
2.960892194875460603e+01
4.650824768645759377e+01
6.129194921128212314e+01
6.652484238287262031e+01
5.904227933668499162e+01
4.297031612224849084e+01
9.628453359520515065e+00
2.853745823079335331e+00
3.156706615159428631e-01
2.178922354675897921e+01
4.099623031532888007e+01
6.628874517345700212e+01
8.910154025427397073e+01
9.785756422346737793e+01
5.387634286909389658e+01
3.544939088379490499e+01
1.721660651472970471e+01
5.677101801649792279e+00
9.387218924108156060e-01
2.340238315540013758e+01
4.556514957615274852e+01
7.581578582172572567e+01
1.041885759803556510e+02
7.713987140610473148e+01
6.779757704395386497e+01
4.538352557782461361e+01
2.256933055503408880e+01
7.781924050584855479e+00
1.468952863778736129e+00
1.976718332508607290e+01
3.979801921151811683e+01
6.840096749290486855e+01
9.661867464454959986e+01
7.222309253833456921e+01
6.478921130453767319e+01
4.402830635681589655e+01
2.214748654670573913e+01
7.708650434124669104e+00
1.469980692278999523e+00
1.290700279129680439e+01
2.691275169301156467e+01
4.812327539745473359e+01
7.045378391501994031e+01
5.042551965525617419e+01
4.654943867622781539e+01
3.211472076380978535e+01
1.616239712288723851e+01
5.485554911143375456e+00
9.358646234581901036e-01
6.486765354853757160e+00
1.399045182207352411e+01
2.626727286463161448e+01
4.030650386486492209e+01
2.526701893888654027e+01
2.436473964163058525e+01
1.707519297837309225e+01
8.443670603028024857e+00
2.628396312727104611e+00
3.056540549908662863e-01
2.597962688397960296e+00
5.681978174960899963e+00
1.125357252163727395e+01
1.830982413321234503e+01
8.210908008756312881e+00
8.551596525936689730e+00
6.076431961487109845e+00
2.812817289750578098e+00
6.672023311978931837e-01
7.315067484802598857e-03
9.667007411639578773e-01
1.978637318225283881e+00
4.031259414793463947e+00
6.948625155043612445e+00
1.194091585618745288e+00
1.518243315751713451e+00
1.072202701258164748e+00
3.694360296387309006e-01
1.177165051851545782e-02
1.088384867702869574e-01
