1.234069352519158201e+03
1.963964799058677954e+03
2.663406636133327083e+03
3.082834692565776550e+03
3.046363123727481707e+03
2.567994608310381409e+03
1.843278318590453864e+03
1.122894446722873226e+03
5.771642006293321856e+02
2.475657038297690633e+02
2.168899017110518798e+03
3.422495359101392751e+03
4.612314507749165386e+03
5.313998267979138291e+03
5.234122421168750407e+03
4.403745396041295862e+03
3.159532862572758859e+03
1.927550523120298749e+03
9.951026896696830590e+02
4.309185816457143119e+02
3.263892891425980451e+03
5.112969770677240376e+03
6.851196070070424867e+03
7.858139206776227184e+03
7.713517438907460019e+03
6.474094326421757614e+03
4.638704108710526270e+03
3.046683762077366282e+03
1.620688809493110512e+03
7.419301994981981352e+02
4.218678113473919439e+03
6.564975428949908746e+03
8.748816527513568872e+03
9.989421176914265743e+03
9.769652702423609298e+03
8.542120092668939833e+03
6.156446466096645963e+03
3.805756097562247760e+03
2.018883929078827123e+03
9.211865760094467532e+02
4.692910427444967354e+03
7.257347722059205807e+03
9.619323304491130330e+03
1.093231640862838321e+04
1.106627646617444952e+04
9.264434196242878897e+03
6.657821991312296632e+03
4.105759046289974322e+03
2.173637713999425614e+03
9.900657461568042663e+02
4.499424949454663874e+03
6.916241516430923184e+03
9.117404462643677107e+03
1.031150393262853140e+04
1.040549674856617821e+04
8.680086066899884827e+03
6.219665713245230108e+03
3.827061541229528757e+03
2.023230810510624451e+03
9.211651126839301469e+02
3.721812612081234420e+03
5.687621664463836169e+03
7.456477233104525112e+03
8.389831598642040262e+03
8.463175618459059478e+03
7.032989567190394155e+03
5.024446997947058662e+03
3.085430998578239723e+03
1.629930098135702565e+03
7.428601795322209682e+02
2.657379310101814099e+03
4.038457410743195396e+03
5.265009041122352755e+03
5.892020712352586088e+03
5.963296403689786530e+03
4.935688759378681425e+03
3.515660569833605678e+03
2.155367614271965067e+03
1.138833863423835510e+03
5.206027414710969197e+02
1.637301632462816769e+03
2.475752063396530957e+03
3.209964698076375498e+03
3.571862901580426751e+03
3.648182750793927426e+03
3.007052684450861307e+03
2.136006819329563768e+03
1.308340906025531012e+03
6.925326694956902429e+02
3.185286606936555813e+02
8.689700014199049747e+02
1.308765113009632387e+03
1.688141688207139168e+03
1.867443264634240904e+03
1.944115630667342202e+03
1.595999594389235199e+03
1.131289909214026920e+03
6.933265325122646345e+02
3.687091541149092677e+02
1.715297224464286217e+02
