2.344985701468417574e+02
4.072023586390182004e+02
5.980257683063156264e+02
7.472980781938504151e+02
7.972592276083895513e+02
7.274547700730126962e+02
5.679364520088361132e+02
3.789185788917242803e+02
2.151814861937044157e+02
1.030250329220883714e+02
5.586977779078561070e+02
9.479837339093716082e+02
1.366988809047843915e+03
1.682163738255697353e+03
1.770870172432960544e+03
1.597152254737063686e+03
1.234769342002512076e+03
8.178126748375502757e+02
4.628877651091829648e+02
2.225132917056677684e+02
1.148968834087728283e+03
1.914391479314770550e+03
2.718382224878063425e+03
3.299713044029233515e+03
3.430567088492897255e+03
3.058482165848171917e+03
2.339628595880232297e+03
1.695992153332661474e+03
9.842734927529377273e+02
4.987528114458260120e+02
2.046367616356279541e+03
3.358811398691003433e+03
4.706480183836013566e+03
5.643551885177001168e+03
5.800065445523823655e+03
5.404328413916156023e+03
4.124045666137933040e+03
2.719780612622757417e+03
1.554734052789434827e+03
7.740917143302169734e+02
3.155406866764033111e+03
5.114174228497300646e+03
7.084135800037725858e+03
8.402999888822454523e+03
8.920133233912583819e+03
7.808855016893685388e+03
5.893024871731111489e+03
3.840333327177825140e+03
2.166785846840144131e+03
1.063029873724549589e+03
4.205244518942253308e+03
6.743610653567995541e+03
9.249046847263578456e+03
1.086723789186193062e+04
1.137307806988392258e+04
9.863413934907201110e+03
7.371034056160834552e+03
4.753960312634093498e+03
2.652466359341741281e+03
1.285404648568007815e+03
4.833994673142173269e+03
7.683245179944549818e+03
1.044906447385368119e+04
1.217675753783723849e+04
1.261597274748840755e+04
1.085239656748195193e+04
8.041902815752770039e+03
5.140982473519150517e+03
2.841696954539658691e+03
1.363419883151518434e+03
4.783270858295536527e+03
7.547201827355825117e+03
1.019135914766765563e+04
1.179340468720620629e+04
1.214158889470466784e+04
1.037162214448292070e+04
7.631003163749468513e+03
4.842644510008125508e+03
2.656653450150137814e+03
1.264879324696528329e+03
4.066380863055224381e+03
6.378752991465921696e+03
8.563273147955893364e+03
9.850975014280933465e+03
1.011637058008975146e+04
8.591106770026839513e+03
6.284076822896597150e+03
3.964703466348056281e+03
2.162686889568059996e+03
1.024333067453975900e+03
2.964059130074807399e+03
4.629409199200682451e+03
6.185995963379507884e+03
7.081459443262413515e+03
7.287323071405490737e+03
6.158998513205667223e+03
4.484506772059624382e+03
2.817338506283676452e+03
1.531261759715898961e+03
7.235743495567409127e+02
