4.817519642319631146e+01
7.439925428969254995e+01
1.035858446282442458e+02
1.283907125633369049e+02
1.405896564491963545e+02
1.354900649422138486e+02
1.148529192820762859e+02
8.586437068030230080e+01
5.699601418905669448e+01
3.402270030254250344e+01
8.188485769753035015e+01
1.283526956079601575e+02
1.797215769765518019e+02
2.224989079583562273e+02
2.421073218189501688e+02
2.309153280172011762e+02
1.930283167337414625e+02
1.417812040872984767e+02
9.204647561060751570e+01
2.817125308776932258e+01
1.264626601055012145e+02
1.995574317659286123e+02
2.793320246859996701e+02
3.439426756351385279e+02
3.708270075662285876e+02
3.494416974242248557e+02
2.879157086182570424e+02
1.542795694923546250e+02
9.038572310568287094e+01
4.441043280870236032e+01
1.757469574112580801e+02
2.773678372288928244e+02
3.862439638233991559e+02
4.713205389710700501e+02
5.022135200756823679e+02
3.843408458030378370e+02
3.048645685833704420e+02
2.073993991767089824e+02
1.203316193091085751e+02
5.881344840728566936e+01
2.188961714780741943e+02
3.436192501539828186e+02
4.740488495423437030e+02
5.714493087224027477e+02
5.062915662284431164e+02
4.594939183337515374e+02
3.585204990675960062e+02
2.399992824601573602e+02
1.371320971847448220e+02
6.610818507398920474e+01
2.444143486230700830e+02
3.797856756134155489e+02
5.171134548297636684e+02
6.139450367567756075e+02
5.375134056256557642e+02
4.786160906103637558e+02
3.661632165222091544e+02
2.402117979041779847e+02
1.344270682763741149e+02
6.340168961156543759e+01
2.455127745427051025e+02
3.760111654294540244e+02
5.035703733786478438e+02
4.942351019684725770e+02
5.015060923361662049e+02
4.368351951537260902e+02
3.265062354190315546e+02
2.089436620579913892e+02
1.138041838270171269e+02
5.202606186364468499e+01
2.231271697372110907e+02
3.355960217416903220e+02
4.407706159174554728e+02
4.177296491507299265e+02
4.141222411325071562e+02
3.517551942996143453e+02
2.558178022711517769e+02
1.588218514758104334e+02
8.353771318898019160e+01
3.656543301688858350e+01
1.846885808572496899e+02
2.720469849975340821e+02
3.496620847402299432e+02
3.155532763870402846e+02
3.049598684073184813e+02
2.518070178706562103e+02
1.773932203609279838e+02
1.061465588066909476e+02
5.336596473610398306e+01
2.197257073050540299e+01
1.401026898075245981e+02
2.017701639462189576e+02
2.535344783224045386e+02
2.142799888647511466e+02
2.015890118611167168e+02
1.613666471877453432e+02
1.096013315337310559e+02
6.270444278207896360e+01
2.970751852766970558e+01
1.118710776642875615e+01
