3.074956708340322109e+01
3.694290699921234022e+01
4.104190054925371101e+01
4.201853495126575666e+01
3.958798573098111007e+01
3.434480787409913205e+01
2.751753496858393433e+01
2.048265735244307351e+01
1.430650007786801403e+01
9.522473211887644950e+00
4.458603891264738195e+01
5.424478994891933326e+01
6.081902150964578624e+01
6.263744978340180580e+01
5.917068246243916718e+01
5.128374807961915138e+01
4.087432452411607642e+01
3.010640656826440775e+01
6.484263781077380884e+00
2.762612275849374743e+00
5.963253824148527826e+01
7.331963366368296420e+01
8.287459588328079008e+01
8.584765401405307728e+01
8.137392479802959144e+01
7.058530148925706271e+01
3.016390892949183566e+01
1.945407725436690782e+01
1.077812341098959159e+01
4.924441119769296549e+00
7.304262238346657909e+01
9.061144744473645574e+01
1.031616441867669067e+02
1.074596655015057109e+02
1.022561707298009850e+02
5.516967878537210623e+01
4.104706657398285330e+01
2.686808807496419860e+01
1.522389734361178171e+01
7.228623363834417503e+00
8.163692083831922730e+01
1.020387466328049868e+02
1.169212747331631590e+02
1.224414050211884160e+02
7.773054084633969296e+01
6.559045910797118495e+01
4.916496876242242564e+01
3.248200390637272506e+01
1.864434200542506304e+01
9.037185753431746349e+00
8.317559675738907288e+01
1.046138136891451893e+02
1.205526893729937967e+02
1.268758088816853444e+02
8.161456660621632864e+01
6.921948542061724652e+01
5.214365656528378423e+01
3.462907656964725334e+01
1.999715650161206781e+01
9.773238706645820173e+00
7.735669893428108423e+01
9.777312179409008763e+01
1.132135618020951853e+02
7.993476191780932538e+01
7.639008851337842998e+01
6.503647561009142919e+01
4.912706937622053971e+01
3.267584203815731314e+01
1.886890787191911301e+01
9.199557564188976855e+00
6.591456411269194859e+01
8.358744924847869129e+01
9.715395545478057215e+01
6.650806725575210976e+01
6.383460281429759675e+01
5.448050580134813003e+01
4.116732288038122078e+01
2.731579468909918162e+01
1.567041096464196848e+01
7.533513453776101265e+00
5.177511389279194987e+01
6.574151185301907674e+01
7.659679074267205579e+01
4.944228876587190058e+01
4.762859779110377190e+01
4.067946521059935350e+01
3.065605169236076577e+01
2.019031038130308531e+01
1.140884170977304635e+01
5.323904496553764965e+00
3.783031604910046752e+01
4.796849310924147147e+01
5.592270393189527056e+01
3.277768435366250088e+01
3.166255348474909681e+01
2.699825814780702160e+01
2.020305320519548431e+01
1.310964454365205967e+01
7.202072036252194387e+00
3.180204301410092249e+00
