1.617672103944802802e+04
2.247805651217928244e+04
2.818843329008881847e+04
3.189544731905882145e+04
3.256052726343928953e+04
2.998900999254044655e+04
2.492212269255283900e+04
1.869193142279364474e+04
1.265715947502719609e+04
7.743130408945269664e+03
2.581071452191411663e+04
3.587771888191879407e+04
4.499869908531935653e+04
5.091547368701795494e+04
5.196903145756081358e+04
4.785082807211918407e+04
3.974862121039573685e+04
2.979338268842559773e+04
1.959272785804751402e+04
1.187541805899524843e+04
3.718531126150854107e+04
5.169907580216574570e+04
6.484590324395792413e+04
7.336850820397432835e+04
7.487582653929352819e+04
6.892627017255463579e+04
5.628351559066633490e+04
4.205747560465644347e+04
2.831634925727693917e+04
1.717081148139121797e+04
4.835442452241213323e+04
6.723405384242058790e+04
8.433151875186135294e+04
9.540832956899721466e+04
9.735547846913283865e+04
8.840906240802111279e+04
7.329980397463077679e+04
5.477187035645209107e+04
3.687931394514149724e+04
2.236810302964178118e+04
5.674249271678071091e+04
7.889903856608498609e+04
9.895935174627437664e+04
1.119482599022035720e+05
1.128710475020316808e+05
1.038130628677162895e+05
8.606235096059589705e+04
6.430351116636393272e+04
4.329576702223959001e+04
2.626084338993339770e+04
6.008364718163447833e+04
8.354186916386043595e+04
1.047756412167382805e+05
1.185169564486918825e+05
1.195199332961674954e+05
1.099147014051559963e+05
9.110914598672182183e+04
6.806580243933635938e+04
4.582350492174804094e+04
2.779121277882989307e+04
5.741025934127897199e+04
7.981726789272982569e+04
1.000944565802947327e+05
1.118679761460204900e+05
1.141243357969453500e+05
1.049389494225848903e+05
8.697151939831164782e+04
6.496338187676217785e+04
4.372614809330597200e+04
2.651300708026552456e+04
4.950578164875116636e+04
6.881660623075549665e+04
8.628712514966214076e+04
9.633557560552739596e+04
9.826817008624022128e+04
9.034596615973494772e+04
7.486336564854154130e+04
5.590630484924259508e+04
3.761893891955102299e+04
2.280127389548829524e+04
3.853420927185659821e+04
5.355186742157964181e+04
6.713402495983050903e+04
7.481119455461115285e+04
7.630377862564890529e+04
7.014066927552653942e+04
5.810733660024408164e+04
4.337996972509165062e+04
2.917803888526001538e+04
1.767511008214047251e+04
2.708378341300438842e+04
3.762463007732814003e+04
4.715416002008756914e+04
5.238746391339552792e+04
5.342657475083852478e+04
4.910140387183034181e+04
4.066549678234769090e+04
3.034614245239055526e+04
2.039940282608061898e+04
1.234702625261185858e+04
