1.488953074381821580e+03
2.098511041393004689e+03
2.661223172628491739e+03
3.039178896151403933e+03
3.126895134761239206e+03
2.898620695725630867e+03
2.420474019632710224e+03
1.819676120005003668e+03
1.230253857970377112e+03
7.465126590112427039e+02
2.407614833732798616e+03
3.383734138931018151e+03
4.282173077060868309e+03
4.882884348994862194e+03
5.018476873750747473e+03
4.649235792713405317e+03
3.881816614653546822e+03
2.919705898213067030e+03
2.158437979862233533e+03
1.345246062100633480e+03
3.505443417919764215e+03
4.915583451707543645e+03
6.209799455672811746e+03
7.071082713316747686e+03
7.259638761233185505e+03
6.720327514264894489e+03
5.912154885834732340e+03
4.482171738136918066e+03
3.075101312073156805e+03
1.911564347295761081e+03
4.602204470156252683e+03
6.441213076622186236e+03
8.124230494430484214e+03
9.238767508929720861e+03
9.474641823161407956e+03
9.141394679998898937e+03
7.654413278812318822e+03
5.795254361877679003e+03
3.969754145306700593e+03
2.462944517515483767e+03
5.452929418710353275e+03
7.618901526525468398e+03
9.595375593166338149e+03
1.089745988398916961e+04
1.158941188720627179e+04
1.072416296137739118e+04
8.969538178888773473e+03
6.782913248261341323e+03
4.640361150837009518e+03
2.874830802108652279e+03
5.834027317359526933e+03
8.138635118318740751e+03
1.023526312721171234e+04
1.160886002612103766e+04
1.231700699456862640e+04
1.138445669238701703e+04
9.511297668503246314e+03
7.184864260107634436e+03
4.910115039208193593e+03
3.038667712144663255e+03
5.638003815131914052e+03
7.853697716828173725e+03
9.863055222139217221e+03
1.159843250475311470e+04
1.184641273601424655e+04
1.093656497159732862e+04
9.127163458798428110e+03
6.887869429440973363e+03
4.703011867688103848e+03
2.908323143580597844e+03
4.922362380388970450e+03
6.847493533057691820e+03
8.587519131093158649e+03
1.011165195738167131e+04
1.031364391848425294e+04
9.509813508422455925e+03
7.927923534437523813e+03
5.977464552870433181e+03
4.078591296021117614e+03
2.521179003322040899e+03
3.882487996096074767e+03
5.394281412241712133e+03
6.755888661378398865e+03
7.984198383138049394e+03
8.131557180312753189e+03
7.488201925482204388e+03
6.236018472985401786e+03
4.698111197347036978e+03
3.204231753392172322e+03
1.980762340840488832e+03
2.765817675160290946e+03
3.838844917166321466e+03
4.801670195152481938e+03
5.713979051046289896e+03
5.810013850994258064e+03
5.343257459119591658e+03
4.445306324230249629e+03
3.346978614204397218e+03
2.282510173667236813e+03
1.411883519952765027e+03
