9.348951661910163580e+01
1.370341135914305823e+02
1.780965668903940582e+02
2.042373971339203251e+02
2.061610512576125416e+02
1.830576034807257599e+02
1.431457220606043279e+02
9.893087636135081198e+01
6.088257765324342330e+01
3.383694935184645658e+01
1.676947928791758500e+02
2.485638734620143282e+02
3.255752280487710095e+02
3.754014264948165192e+02
3.802770458777486624e+02
3.381980340735700565e+02
2.642358794355102418e+02
1.818137544002942718e+02
1.107690435652710903e+02
6.038921468309177243e+01
2.662026761869062170e+02
3.977771184351749980e+02
5.242348510237355868e+02
6.074032167337388728e+02
6.176419468312886920e+02
5.508175691788661652e+02
4.309685952477244655e+02
2.314993159360655852e+02
1.302056422109358778e+02
6.169805953026884993e+01
3.707467930577009838e+02
5.574989200018021620e+02
7.386111650881540527e+02
8.597127766227771417e+02
8.777409191947928093e+02
6.774114097389906419e+02
5.210230011141430850e+02
3.461297562335416274e+02
1.974020798620321102e+02
9.553044274113129575e+01
4.509441608743462098e+02
6.816484545080066937e+02
9.073989624153371096e+02
1.060887346389689128e+03
9.597944363874021292e+02
8.562823901285379407e+02
6.626908757157752916e+02
4.436191988767335488e+02
2.555211267129940325e+02
1.253829317002154227e+02
4.779651734172954889e+02
7.257194056735646654e+02
9.703371193164199440e+02
1.139458885567557900e+03
1.040376356298102564e+03
9.327636203339810663e+02
7.257893445240379151e+02
4.888221898901280724e+02
2.835782774083511413e+02
1.404044125740012134e+02
4.412213319545438708e+02
6.724169320466876343e+02
9.027325265234712788e+02
9.381271378203231279e+02
9.725412512016188202e+02
8.761122089933761572e+02
6.849566263222350244e+02
4.635364019302227234e+02
2.702208670949742668e+02
1.344554841088210537e+02
3.550642471833027685e+02
5.425897838801919306e+02
7.310426475785914135e+02
7.520292728765932679e+02
7.836289440991149604e+02
7.091910758263026082e+02
5.567290346366747826e+02
3.780666081512524102e+02
2.209496855146977623e+02
1.100287666338303296e+02
2.497781735126436615e+02
3.821459600937735104e+02
5.162755011610680640e+02
5.185891678183860449e+02
5.433500703044360307e+02
4.938984092354275504e+02
3.889778719816713419e+02
2.646149691269067148e+02
1.545669198009477725e+02
7.662188760348062999e+01
1.544703539176945242e+02
2.359897812957256633e+02
3.192024052390250404e+02
3.065238351293427854e+02
3.230756121742899722e+02
2.948511159909207322e+02
2.326608033426418842e+02
1.581422119855007224e+02
9.189830058718158057e+01
4.496967385037373077e+01
