1.588502327969641392e+01
2.014172990705793254e+01
2.300975574470152196e+01
2.350068820168796435e+01
2.139772336028831745e+01
1.740343890602143162e+01
1.274529259952024773e+01
8.544414681844484605e+00
5.396003662260734579e+00
3.352759020337443996e+00
2.521578083813228943e+01
3.271495227010409224e+01
3.800930255681125658e+01
3.927291175689907732e+01
3.598237550911451876e+01
2.926045352338747918e+01
2.123917478815943838e+01
1.393760000773794694e+01
8.465764899200694416e+00
4.948288616360201786e+00
3.612794518599729088e+01
4.775788054648731418e+01
5.633460039564727140e+01
5.891950972132754316e+01
5.447812986405559599e+01
4.454262606311237960e+01
3.233901188865434051e+01
6.702380562733875280e+00
2.374633311979073902e+00
4.318976933587072575e-01
4.585100159009742526e+01
6.158150271720917601e+01
7.367472640549264895e+01
7.803523829946632873e+01
7.295835970975410589e+01
3.316565761115191435e+01
2.145542044256990621e+01
1.126344670275734217e+01
4.497632873394910469e+00
1.133969877119154424e+00
5.096268548512794183e+01
6.941280730852410841e+01
8.418254485513161001e+01
9.034796550849385710e+01
5.254793532786476362e+01
4.162133659560994658e+01
2.768950873375762356e+01
1.512607736772391043e+01
6.453689770816841254e+00
1.883234693695738704e+00
4.928700239309821285e+01
6.798486638606800625e+01
8.356678404258425985e+01
9.093914319105300592e+01
5.394399643901348185e+01
4.355005600158688139e+01
2.960118773316505525e+01
1.660205176442794794e+01
7.352411357902247424e+00
2.296481679739122317e+00
4.136230846888619084e+01
5.770283624508798681e+01
7.188538095453293408e+01
4.774601481828560168e+01
4.622913175697308219e+01
3.799189407495843085e+01
2.626252775494856806e+01
1.497169313840716320e+01
6.738109508234952472e+00
2.139801492216953704e+00
3.016309445710641413e+01
4.247455129085838621e+01
5.361559306606478970e+01
3.312002442349723452e+01
3.278004862942164266e+01
2.741193349022842440e+01
1.918937015694837811e+01
1.100552024077153490e+01
4.922758508994361293e+00
1.505291025993946930e+00
1.926228630661579544e+01
2.727842713500248450e+01
3.485249508216379155e+01
1.852044339720013610e+01
1.883863142298953264e+01
1.603397736585919731e+01
1.130190930070193289e+01
6.423499268637209880e+00
2.758214586908835031e+00
7.384478193081369657e-01
1.098011250936723648e+01
1.552381349800202415e+01
2.001180703810651451e+01
7.923147215958706191e+00
8.377631260899512711e+00
7.263225323684415535e+00
5.097763888408845645e+00
2.783608790170562397e+00
1.060231864841835403e+00
1.873641454005232632e-01
