5.251840688627526532e+01
7.000370674982643493e+01
8.292132407605099331e+01
8.686144267109008865e+01
8.031342653115672192e+01
6.560238125914825957e+01
4.753608410836672249e+01
3.083365370183429022e+01
1.820774910673905822e+01
1.007800872023938688e+01
8.479822725587482068e+01
1.144811390778635598e+02
1.368306246110020084e+02
1.441895100116984452e+02
1.337304598566389302e+02
1.092067830272142999e+02
7.875718950766272997e+01
5.050644839453252644e+01
2.919040436211388112e+01
1.557754550891522527e+01
1.216841475173752087e+02
1.659409779353062220e+02
1.999097813339412255e+02
2.119683594894638077e+02
1.974911839130350586e+02
1.617042718721953065e+02
1.166205184361772211e+02
4.396677664960300547e+01
2.049617760927782939e+01
7.395285776651077114e+00
1.535906919584303409e+02
2.112362444413217872e+02
2.563659177495507606e+02
2.736128378123277685e+02
2.563869663137003840e+02
1.568313454215524700e+02
1.072089952462237790e+02
6.207875854436789353e+01
2.982781264489909745e+01
1.136400628141414870e+01
1.694692750654290876e+02
2.348373376225958680e+02
2.870818220110288053e+02
3.085459069510779955e+02
2.268293854523962523e+02
1.828959000483210673e+02
1.264254481408900972e+02
7.424023207445650030e+01
3.637202521056129001e+01
1.429626375239578451e+01
1.628769211988645225e+02
2.272628742888402087e+02
2.798558011532207956e+02
3.030575389156591086e+02
2.242155358355109911e+02
1.823989025543819764e+02
1.272616116990401878e+02
7.549531599727050946e+01
3.742756361627574790e+01
1.493987135234784169e+01
1.361439314997791712e+02
1.911529213765939801e+02
2.371362374303860179e+02
1.985403543907683286e+02
1.892730994280289565e+02
1.553083244417208562e+02
1.092091730181836056e+02
6.522305961932151774e+01
3.249504561340034314e+01
1.298762836437010648e+01
9.904097402375604986e+01
1.397883783154633761e+02
1.746967598233731565e+02
1.409334727983111861e+02
1.357829704965736539e+02
1.123675089550479669e+02
7.949651304730312518e+01
4.760264830548856452e+01
2.363598348504096691e+01
9.296256680865512934e+00
6.297037467213375095e+01
8.916719404309435504e+01
1.122019674805758598e+02
8.407004352159476923e+01
8.199749282219958957e+01
6.841852740797664012e+01
4.857033382827042800e+01
2.897744102473566485e+01
1.415390822281634087e+01
5.325161488122581943e+00
3.536296229758524134e+01
5.003699607874446542e+01
6.329621214418842357e+01
4.132825618580964999e+01
4.091781479076472294e+01
3.439675398183298682e+01
2.437745973817198575e+01
1.431935977411493077e+01
6.708695890663237016e+00
2.274273381003380390e+00
