7.173287757707633136e+04
1.156136731048899965e+05
1.631877885645728966e+05
2.016898871003212116e+05
2.182235569825456769e+05
2.066473167657344602e+05
1.712170919460020377e+05
1.240836867945997074e+05
7.862458287207179819e+04
4.353432932594237354e+04
1.134785318692135334e+05
1.826189015196718101e+05
2.574489180016557511e+05
3.178728900482850149e+05
3.436528223469666555e+05
3.252152502019725507e+05
2.693282734925687546e+05
1.951271557824010961e+05
1.250386240645301878e+05
6.951512804888066603e+04
1.570752980398680957e+05
2.523940016329476493e+05
3.553622188750313362e+05
4.382978066255511949e+05
4.734209889513892122e+05
4.476908677134981262e+05
3.729766564615786192e+05
2.704093984394281288e+05
1.716142268728491326e+05
9.534580831665619917e+04
1.903131009105440462e+05
3.053163419864586322e+05
4.292899865345098660e+05
5.288609785705400864e+05
5.706716292978937272e+05
5.421407791566723026e+05
4.486360399384295451e+05
3.250434465162993292e+05
2.061608309784710291e+05
1.144721517548746633e+05
2.018964498285932932e+05
3.233505884937971714e+05
4.539741189904685598e+05
5.585491425160635263e+05
6.051396577935290989e+05
5.712995656363393646e+05
4.723677351978127845e+05
3.419876109284813865e+05
2.167704388139433286e+05
1.202966708702369360e+05
1.875872028883331513e+05
2.998838333360492252e+05
4.203441282434689347e+05
5.164311193299776060e+05
5.589199411561624147e+05
5.270861058419420151e+05
4.353997772827065201e+05
3.149705114134176983e+05
1.995119073905800178e+05
1.106594468034418678e+05
1.526851608604352223e+05
2.436044519372856594e+05
3.408482835279047722e+05
4.206851289252080605e+05
4.521212539927998441e+05
4.258409916581022553e+05
3.513937348170191399e+05
2.539750244507220341e+05
1.607609589126259089e+05
8.911947930095683842e+04
1.088931816322703817e+05
1.733640783702860062e+05
2.420933151341943885e+05
2.986129440866899677e+05
3.204014314555167221e+05
3.013534769123376464e+05
2.483743670674027526e+05
1.793414802512526221e+05
1.134344860302350426e+05
6.285298583081203833e+04
6.805783172622350685e+04
1.081047178233462473e+05
1.506395088062902505e+05
1.858069957646709518e+05
1.989924375282834226e+05
1.868649025925528549e+05
1.538094072661141690e+05
1.109425961841220123e+05
7.011864265108802647e+04
3.883700633833532629e+04
3.727602559471131099e+04
5.906976123435632326e+04
8.212221679990048870e+04
1.014081061889422854e+05
1.083729406957538449e+05
1.015859824589975324e+05
8.349395658914685191e+04
6.015735737543534924e+04
3.799442804178281222e+04
2.104079865477286876e+04
