1.667199136893430591e+02
2.302704735560625124e+02
3.101028490714494978e+02
4.051177387793017033e+02
5.101306715091962474e+02
6.150388173419787563e+02
7.055702781027060837e+02
8.807657658251318935e+02
8.996685889170570363e+02
8.665206551692617722e+02
2.061039408413369358e+02
2.749953202501881151e+02
3.590013645152960748e+02
4.567982531276685449e+02
5.632042771923122473e+02
6.683196409663523809e+02
8.722859597968971457e+02
9.355399294433699424e+02
9.520356604001284495e+02
9.155267448724283668e+02
2.445061852674792817e+02
3.153383352615878152e+02
3.986153784925692776e+02
4.928213099233739740e+02
5.930962210714595813e+02
7.995209758336947061e+02
8.872173412657788276e+02
9.427292724252747576e+02
9.536317486831131873e+02
9.140499619626299364e+02
2.782819925855491761e+02
3.474645809078888874e+02
4.252278660722190580e+02
5.099618688691863326e+02
5.974350577469002701e+02
7.883714741250098541e+02
8.605474883624125368e+02
9.032390187481644261e+02
9.059517929168054025e+02
8.637386750160627571e+02
3.034382053897214746e+02
3.677292828799293716e+02
4.360819839203415995e+02
5.069431595088000790e+02
6.770449560992906299e+02
7.455769521013610301e+02
7.980429782078008429e+02
8.248978361057414759e+02
8.181260042932160559e+02
7.740745979169178099e+02
3.162764426709065901e+02
3.732246724722260751e+02
4.297123067665810936e+02
4.844046916794307549e+02
6.315176820395475943e+02
6.777650288558480725e+02
7.094246649407142513e+02
7.200126264000148240e+02
7.041150978254382835e+02
6.594791370011110985e+02
3.142213894398485081e+02
3.624111488060651141e+02
4.062370708305518292e+02
5.330551851984723726e+02
5.679033155107580342e+02
5.932658977048058659e+02
6.059569813790559465e+02
6.022670114975647948e+02
5.791308397265510166e+02
5.355546417639861829e+02
2.966056944639423705e+02
3.356669564445912215e+02
3.675448432188392758e+02
4.747815680066469213e+02
4.923991215986663406e+02
5.005972756686988419e+02
4.982943804877728553e+02
4.840047124866795230e+02
4.565148042460866122e+02
4.157853996751591126e+02
2.651032407720620085e+02
2.955220726660757009e+02
3.172453737051112626e+02
4.066584943723115089e+02
4.113739126037439746e+02
4.073638361628306939e+02
3.950588967447574760e+02
3.745387593468883551e+02
3.458568593253141898e+02
3.095690841269588418e+02
2.235658980481993297e+02
2.463861009996938947e+02
2.602678442082769834e+02
3.343085872873943458e+02
3.307662123870597952e+02
3.196282972778288922e+02
3.022361132237773518e+02
2.796009979483307575e+02
2.524996937934804180e+02
2.217609497410018662e+02
