1.307439562696672510e+02
1.933929749450392137e+02
2.790923384661835485e+02
3.894993416763566074e+02
5.209756092993527545e+02
6.625357687511761924e+02
9.127408988679412687e+02
1.022560546882099516e+03
1.077526211757462306e+03
1.065006160971475310e+03
1.508678279236955859e+02
2.142025944587597337e+02
2.991512082339548897e+02
4.075116145033592261e+02
5.362635033398664746e+02
6.754184079522113962e+02
9.253974333485746229e+02
1.036089637218396774e+03
1.093790561174279219e+03
1.084858663399901161e+03
1.679105422774905776e+02
2.281880696900737746e+02
3.069781768321082041e+02
4.060380024316207255e+02
5.230869440458236568e+02
7.557124976144601760e+02
8.860536542157476561e+02
9.889445002037617769e+02
1.044128911581947023e+03
1.038056775575184474e+03
1.805556757380079773e+02
2.345663559942025529e+02
3.028353467427390910e+02
3.869553547083065155e+02
4.854053851461568456e+02
6.930542857093936391e+02
8.032867072380157651e+02
8.910098080982550073e+02
9.387254839102316737e+02
9.340583550082878901e+02
1.875764008782621204e+02
2.331005274092851778e+02
2.881540447360775943e+02
3.541382896333965391e+02
5.172196841897505237e+02
6.065310716482429143e+02
6.917845322038832592e+02
7.597528920373073333e+02
7.965004241521049835e+02
7.916412074455525953e+02
1.879455194963528015e+02
2.239771742276943485e+02
2.650011915747543867e+02
3.122858782079883895e+02
4.461675435301888228e+02
5.086897834282396502e+02
5.681189763055170943e+02
6.151416704615364779e+02
6.395503265711041649e+02
6.333410218770374058e+02
1.810542851507382522e+02
2.077706723125152166e+02
2.356504677722543022e+02
3.351481561190793741e+02
3.721554475142833667e+02
4.106623247080335659e+02
4.468649256975651269e+02
4.748068239434239217e+02
4.876350473373180989e+02
4.796879586959669268e+02
1.669890089995942333e+02
1.855021461032227990e+02
2.023568214465141182e+02
2.819671781872685301e+02
3.011089992517928522e+02
3.204789221195326263e+02
3.382359950014885612e+02
3.509892746058117154e+02
3.545454711831880559e+02
3.452272845436845614e+02
1.467408387913194474e+02
1.587149222542383029e+02
1.672968415650933878e+02
2.304775696633082589e+02
2.368176808240827143e+02
2.426720543089090256e+02
2.475284883035606640e+02
2.497565026793760126e+02
2.470433303782571670e+02
2.371911509920724370e+02
1.222074669575660124e+02
1.294509206630938536e+02
1.325604819012626763e+02
1.828461579430368147e+02
1.812171239991196217e+02
1.788150896738087283e+02
1.759245987490340895e+02
1.719986197719512404e+02
1.659170986404019175e+02
1.564650514992319756e+02
