4.156147174168264655e+02
5.989546861162718869e+02
8.122750295981720683e+02
1.035465247927572364e+03
1.239965192346398226e+03
1.394361487501463671e+03
1.472227778882311895e+03
1.310736028878482330e+03
1.215429687554086513e+03
1.054595219023712389e+03
5.417074585639937823e+02
7.827753089154321060e+02
1.063532722798099940e+03
1.357419556523584788e+03
1.626703112946876900e+03
1.829899397158930469e+03
1.760327189599823214e+03
1.743999776827602773e+03
1.617188689743808254e+03
1.403521848796172435e+03
6.648671098858862933e+02
9.629959608243333378e+02
1.310559534877127589e+03
1.674598126261644438e+03
2.008250424791145861e+03
2.073840001798103458e+03
2.195170049829380332e+03
2.174658027613878403e+03
2.016589955883621087e+03
1.750437968390926244e+03
7.675869027584295736e+02
1.114165471077209077e+03
1.518669089012970971e+03
1.942684305267574700e+03
2.331522622282769589e+03
2.424093349941897941e+03
2.566086688040448735e+03
2.542267042350005795e+03
2.357673375525306255e+03
2.046780537253761850e+03
8.329591022413212613e+02
1.211536816264762365e+03
1.653960750766172850e+03
2.118198801648987683e+03
2.346529385418589300e+03
2.656086825905525529e+03
2.812440888339175672e+03
2.786892029231459219e+03
2.584932750870934342e+03
2.244377444380860197e+03
8.492202670511344422e+02
1.237675994512999523e+03
1.692321267169961857e+03
2.169987884869106892e+03
2.408624555026247435e+03
2.728164096137025808e+03
2.890154733330384715e+03
2.864884022093323438e+03
2.657898398550905313e+03
2.308086211984161764e+03
8.132270329621674136e+02
1.187582841140711935e+03
1.626470783881730767e+03
1.909494478721583846e+03
2.316791133524176530e+03
2.626619637994550430e+03
2.784515988264547104e+03
2.761528979690175220e+03
2.562840526205917286e+03
2.225941039032955814e+03
7.314507889802652016e+02
1.070257043957411952e+03
1.468224811491780656e+03
1.717936641148485933e+03
2.087787335014739256e+03
2.369928975006122528e+03
2.514700655192878457e+03
2.495556022212728294e+03
2.316964789060597013e+03
2.012801746934222820e+03
6.180595762389029915e+02
9.060364066244891319e+02
1.245007556442819578e+03
1.446895144427913465e+03
1.762030290439937062e+03
2.003280506959863487e+03
2.128109745927754375e+03
2.113615801305146306e+03
1.963346595434274377e+03
1.705982884109166207e+03
4.908711758680561275e+02
7.207922115769594029e+02
9.920338493623542035e+02
1.140115980570390093e+03
1.391988517468971168e+03
1.585626364079767427e+03
1.686812024528047687e+03
1.676959556588958549e+03
1.558647608466106249e+03
1.354624177646045609e+03
