1.515326185985071934e+05
2.350038501192198310e+05
3.379371137311682105e+05
4.516525069440819789e+05
5.620288984458120540e+05
6.520862534040125320e+05
7.061922276317914948e+05
7.178735257578281453e+05
6.791107934627509676e+05
6.010632680110413348e+05
1.948628076122701168e+05
3.025106656255992712e+05
4.353892521435063099e+05
5.823308203270329395e+05
7.251133960748945829e+05
8.417851483471505344e+05
9.159231734850317007e+05
9.270918244034565287e+05
8.773945515387394698e+05
7.768435889026072109e+05
2.355691600169526064e+05
3.660824884911735426e+05
5.273448041439736262e+05
7.058473279983933317e+05
8.794838885222234530e+05
1.025621426241586101e+06
1.111679741023338400e+06
1.125751076136154588e+06
1.065837925209903857e+06
9.440340395636948524e+05
2.676890572897233651e+05
4.164331596249358845e+05
6.004025761484417599e+05
8.042366451749608386e+05
1.002725232683125651e+06
1.169708726979416795e+06
1.268505248222482158e+06
1.285141723270363873e+06
1.217235827247968409e+06
1.078520769015143625e+06
2.859006539390704129e+05
4.452359550691586919e+05
6.424997292183442041e+05
8.612751569508344401e+05
1.078689814946511993e+06
1.254034570105645340e+06
1.360641041932292050e+06
1.379103953202154720e+06
1.306757836777648190e+06
1.158261432040672284e+06
2.869574492060468183e+05
4.473640136934393086e+05
6.461524006988153560e+05
8.668335899695099797e+05
1.086350053372052498e+06
1.263662657585484674e+06
1.371778378606914543e+06
1.391015920507502975e+06
1.318576555372121744e+06
1.169165428470968967e+06
2.706326943116545444e+05
4.223796323068587808e+05
6.106270844847648405e+05
8.234386625321016181e+05
1.028218572163261590e+06
1.196726839596396312e+06
1.299772212525163312e+06
1.318595101906619733e+06
1.250436935634793481e+06
1.109159742499993648e+06
2.397968915301141678e+05
3.746791306986013078e+05
5.421787525850731181e+05
7.319146463003815152e+05
9.145311674462761730e+05
1.065019099583863048e+06
1.157313280191767029e+06
1.174610193983689183e+06
1.114356926184314070e+06
9.888309322054552613e+05
1.995927097807541431e+05
3.122282675754838856e+05
4.522505312944563921e+05
6.112883617216872517e+05
7.643086813796259230e+05
8.905923471454228275e+05
9.682705465778216021e+05
9.831998133835305925e+05
9.331615264929574914e+05
8.283711114583523013e+05
1.560331132100358955e+05
2.443878989346509916e+05
3.543467325699429493e+05
4.796825424302096362e+05
6.001530677567576058e+05
6.997226186410825467e+05
7.611521599924251204e+05
7.732560047626794549e+05
7.342233590633956483e+05
6.520381626932946965e+05
