5.070824618199659199e+03
5.628327827016846641e+03
5.894935187409956598e+03
5.828832018833456459e+03
5.443775789512927986e+03
4.804665958630524983e+03
4.267015101086364666e+03
3.395069597931857516e+03
2.565104510505273993e+03
1.843238849952043893e+03
6.778326170757774889e+03
7.510990564912609443e+03
7.853568266266119281e+03
7.752214761281291430e+03
7.227372435955866422e+03
6.367315471438569148e+03
5.599265068655002324e+03
4.442591333662216130e+03
3.345931671617913253e+03
2.395729116373120178e+03
8.543434482894026587e+03
9.451550067014995875e+03
9.866162131146411411e+03
9.721936522928213890e+03
9.047253260197041527e+03
8.316159923338365843e+03
6.942797362544621137e+03
5.493569027533585540e+03
4.124882298911159523e+03
2.943425416106133525e+03
1.015639237687599052e+04
1.121817199248035467e+04
1.169084744846261492e+04
1.149971502194419554e+04
1.068164717824622676e+04
9.765060631796972302e+03
8.132780574354535929e+03
6.417959935898385993e+03
4.804701105372942948e+03
3.417299947240453548e+03
1.139015868028377554e+04
1.256138477401726050e+04
1.306900350168625482e+04
1.283252360296616826e+04
1.233712631609375239e+04
1.083088911510363505e+04
8.998920794785790349e+03
7.082771104111188833e+03
5.287031316867830355e+03
3.748391838727753566e+03
1.205196373531142308e+04
1.327095123216574575e+04
1.378447302680501161e+04
1.351080549023009735e+04
1.295244842784198408e+04
1.134663502453157525e+04
9.405115467782106862e+03
7.383226201621949258e+03
5.495621814131467545e+03
3.884195217529623278e+03
1.203242290121250153e+04
1.322953733586494673e+04
1.371886580520750977e+04
1.388964220835483684e+04
1.284389668581067963e+04
1.122747666296683383e+04
9.284515304608357837e+03
7.269849168883340099e+03
5.396108925193479081e+03
3.802333061970170093e+03
1.133504841279024004e+04
1.244438693462601259e+04
1.288354126045603516e+04
1.303471877463391320e+04
1.202995483748730658e+04
1.049365597621235065e+04
8.657568505561554048e+03
6.761831021737711126e+03
5.005308549821794259e+03
3.516613016937059456e+03
1.007522738126206787e+04
1.104526173111186836e+04
1.141640657652282243e+04
1.155479472761076431e+04
1.064356611706696822e+04
9.264850688363718291e+03
7.626344200797647318e+03
5.941709074823900664e+03
4.386559354908903515e+03
3.073208209401012937e+03
8.449071333580905048e+03
9.249447887183181592e+03
9.544766308416454194e+03
9.676644619875994977e+03
8.896556823513872587e+03
7.728193190765770851e+03
6.347300533373590952e+03
4.933386205935144972e+03
3.632890066187653701e+03
2.538415961288410926e+03
