4.532176634304479421e+02
5.074676633305679161e+02
5.340859394630059569e+02
5.284447548383116100e+02
4.915436041746403362e+02
4.297254788876194880e+02
4.320559052060824570e+02
3.420025412282662955e+02
2.566111407927605228e+02
1.828891714555393548e+02
6.194053625224698862e+02
6.927663871471244192e+02
7.286622928496083205e+02
7.208937208803749854e+02
6.708421769279107139e+02
5.870758251666200067e+02
5.748782038713001157e+02
4.545368129315608030e+02
3.405034513234448923e+02
2.421323134004693429e+02
7.964737875883259903e+02
8.898574292419432368e+02
9.353210735397098006e+02
9.250521637727199504e+02
8.608817770287375879e+02
8.675788894955409205e+02
7.243815029856250476e+02
5.721887018784107113e+02
4.280960847223315682e+02
3.038991730836497140e+02
9.646180392915987341e+02
1.076596863082245591e+03
1.130727985408458835e+03
1.117743506358813420e+03
1.039962270874322030e+03
1.035330155792122468e+03
8.637904886886801705e+02
6.817094183764041873e+02
5.094966921773765876e+02
3.612005872524483721e+02
1.101095247835782857e+03
1.227653891637492734e+03
1.288285538483614118e+03
1.272635806118842083e+03
1.325109010290392689e+03
1.168772431507351484e+03
9.743719763128614204e+02
7.683452587341231492e+02
5.737189444868238297e+02
4.062949624913267712e+02
1.185130006200452726e+03
1.319997084312257130e+03
1.383919407893938342e+03
1.365997895670574962e+03
1.415949873763690221e+03
1.247909060127490420e+03
1.039526037510926699e+03
8.190733301889133600e+02
6.111015874704562520e+02
4.323989351049688707e+02
1.203039951918820179e+03
1.338589050976473573e+03
1.402046169495823733e+03
1.535332441996188891e+03
1.431034359463678584e+03
1.260152589103198352e+03
1.048889625681906637e+03
8.258292159171328422e+02
6.157086689710591827e+02
4.353761026808302290e+02
1.151854267013596200e+03
1.280365404850008872e+03
1.339700097493412159e+03
1.469060664676102306e+03
1.368010079612716709e+03
1.203623481686244077e+03
1.001054202865864113e+03
7.876228825573945187e+02
5.868873913716341804e+02
4.148224637431241604e+02
1.040114441335025049e+03
1.155055738455737810e+03
1.207321801389570282e+03
1.329867152307860351e+03
1.237220680639191869e+03
1.087624946537421010e+03
9.039138926712306557e+02
7.107763244245436454e+02
5.294186938881442757e+02
3.741546303652827419e+02
8.855614980975753951e+02
9.825451307091316266e+02
1.025921262572071100e+03
1.139291638722969083e+03
1.058917963975321982e+03
9.301287216718141053e+02
7.725259777415481039e+02
6.072050163355231689e+02
4.522136261694319046e+02
3.196753821698248998e+02
