4.594642463086141220e+02
5.158836985376193525e+02
5.441578992867307534e+02
5.392540129890215894e+02
5.019614227188537825e+02
4.386896362634365119e+02
4.395471322089697992e+02
3.468432540082862374e+02
2.589729503633623153e+02
1.832978614237688078e+02
6.300551087964812496e+02
7.071905631323111265e+02
7.461694530702441170e+02
7.401233579626017445e+02
6.900311036518670562e+02
6.044659782384334221e+02
5.904108390849650050e+02
4.660414000962161367e+02
3.479801265531471017e+02
2.461727245384504101e+02
8.125558285189321168e+02
9.117319873786105973e+02
9.621161555300429882e+02
9.549017073790852237e+02
8.912675042870636162e+02
8.979318629186772114e+02
7.504113458339338649e+02
5.925760530448637837e+02
4.425696436838015870e+02
3.130720468265458862e+02
9.866376529949883434e+02
1.106659848501947408e+03
1.167802179423633561e+03
1.159446271367758072e+03
1.082973227228024598e+03
1.078776704927370247e+03
9.018975727183125173e+02
7.124839358779394161e+02
5.323117708113093158e+02
3.766354704745725712e+02
1.128779738106965851e+03
1.265581398331518358e+03
1.335307543815306190e+03
1.325910455160745187e+03
1.383757836982778599e+03
1.225246760612103799e+03
1.024653340102208404e+03
8.097485039057645508e+02
6.052181263233974278e+02
4.283802134041407612e+02
1.217334971381022342e+03
1.364261428196659836e+03
1.439040344053740910e+03
1.428801394989892970e+03
1.485443088930155682e+03
1.315406667028466472e+03
1.100270925206247512e+03
8.697725839046922829e+02
6.503453182229478671e+02
4.605451756977714695e+02
1.237873520078475394e+03
1.386616314424787788e+03
1.462080572580649459e+03
1.607699840516778522e+03
1.507464913537749226e+03
1.334885842975812011e+03
1.116694767569643091e+03
8.829885570039041340e+02
6.605060150503821887e+02
4.680160510605371655e+02
1.187002308104700660e+03
1.328973968410693942e+03
1.400665780753261288e+03
1.542917783862398892e+03
1.446367383825997877e+03
1.280651644538671462e+03
1.071389694613013262e+03
8.473747022796505917e+02
6.341603222036350189e+02
4.496714795032615939e+02
1.073275722177961597e+03
1.201053991517135955e+03
1.265189297922446258e+03
1.400394501816321508e+03
1.312329651697029476e+03
1.161786351687153001e+03
9.719848191323376341e+02
7.689640783725393476e+02
5.757998934336696948e+02
4.086602985792743539e+02
9.148626069059182555e+02
1.023309519815058252e+03
1.077348145364276206e+03
1.202437142242498112e+03
1.126384877586618813e+03
9.969938324342521128e+02
8.341680467964146146e+02
6.601698162447523828e+02
4.946931462252625238e+02
3.515157888548858409e+02
