7.070209158038629766e+02
8.752694176583867147e+02
1.017571823638693559e+03
1.111463273217454116e+03
1.140817121866502475e+03
1.100325377342727052e+03
9.970499699657150359e+02
9.689378546686926938e+02
7.856085490360015910e+02
6.012062411224550260e+02
9.528792423008292189e+02
1.178168822023673329e+03
1.368634301528020387e+03
1.494309441346315680e+03
1.533683323776617499e+03
1.479662484875780819e+03
1.492152154613467246e+03
1.282063258185043196e+03
1.038914809347335904e+03
7.943600918810416260e+02
1.210928755269624162e+03
1.495690352090349734e+03
1.736306599964374300e+03
1.895023256216350546e+03
1.944750833424219536e+03
2.053834650585282361e+03
1.871301763762739711e+03
1.607506396702039638e+03
1.302198397008044594e+03
9.951355592052846077e+02
1.451992098170235295e+03
1.791858205093062452e+03
2.078847783995297959e+03
2.268027743327581902e+03
2.327184771578122763e+03
2.439275991716458975e+03
2.222290021746401180e+03
1.908782895956973334e+03
1.545972850441573655e+03
1.181090100415672168e+03
1.643423039473283097e+03
2.026513167847738487e+03
2.349747232511834682e+03
2.562604587219813311e+03
2.838002281426985974e+03
2.742276833869064831e+03
2.498126502705486473e+03
2.145560222531281852e+03
1.737627600588995847e+03
1.327386078220049740e+03
1.756172327049053592e+03
2.164023923697000100e+03
2.507834555150498090e+03
2.733939466339183127e+03
3.019784651586988275e+03
2.917492957067999669e+03
2.657512917804435347e+03
2.282389031914974566e+03
1.848485966138533740e+03
1.412161765264775113e+03
1.771938654041899099e+03
2.182069995110151467e+03
2.527441416185771686e+03
2.968119526176483760e+03
3.040475908528212130e+03
2.936935354000517236e+03
2.674982047109714586e+03
2.297409311999010697e+03
1.860847739677070649e+03
1.421897618786542353e+03
1.687999731732098098e+03
2.077537224941443583e+03
2.405185973064617428e+03
2.828626355609786515e+03
2.896573280706927108e+03
2.797316436180077289e+03
2.547585347762576475e+03
2.188092153645303370e+03
1.772638151856444892e+03
1.354965818236288442e+03
1.517975979906344492e+03
1.867391389498991884e+03
2.160921488026433508e+03
2.550860907470627808e+03
2.611063634492371420e+03
2.520962251068528985e+03
2.295709910558882257e+03
1.971939072008070298e+03
1.597980221794092131e+03
1.222078039013882744e+03
1.288233591489268974e+03
1.584194396413114873e+03
1.832484715868589092e+03
2.177053236478605413e+03
2.227386184004826191e+03
2.149942417032485082e+03
1.957713218203177348e+03
1.681872623050173161e+03
1.363473012770130481e+03
1.043461709005900730e+03
