4.144098307187856562e+02
4.005534856260193237e+02
3.594573104212076373e+02
2.983330534570764030e+02
2.278759165410106675e+02
1.591696111519965484e+02
1.007885378801588843e+02
3.090993417681029953e+01
1.113995756145963334e+01
2.199916008331873396e+00
6.108002547046882000e+02
5.987559148804415372e+02
5.462931485757076189e+02
4.625108423734422445e+02
3.620381056573705223e+02
2.608188915052547827e+02
1.234718273734123954e+02
6.631058906134555286e+01
2.956769831407976667e+01
9.813751832137958431e+00
8.449973908175974202e+02
8.384275419469202006e+02
7.758347823549391933e+02
6.679486908427542176e+02
5.335640541909544936e+02
3.187329928632908036e+02
2.066545765615019832e+02
1.194679253739595168e+02
5.996282046707722913e+01
2.481412223371397019e+01
1.097301683927045588e+03
1.100232410347563700e+03
1.030500483196372215e+03
8.999190980858645617e+02
7.311847889004932313e+02
4.614569662763296947e+02
3.103418244745541870e+02
1.887682523576264089e+02
1.021423621205891692e+02
4.775957842703613920e+01
1.337987640304164188e+03
1.353845905984808724e+03
1.281392028039329944e+03
1.132751207929062275e+03
8.154756891366886293e+02
6.132639106112341096e+02
4.240803794459478695e+02
2.676990090651477203e+02
1.525470516622798982e+02
7.705178968689143915e+01
1.532608740559968510e+03
1.563204803418188931e+03
1.493110698847207686e+03
1.333903414190321655e+03
9.836805258608721942e+02
7.527478587529036531e+02
5.320225381256187802e+02
3.454193075265926609e+02
2.043767066362005949e+02
1.088301994109398692e+02
1.650021361694411098e+03
1.694840794881028160e+03
1.631859585001938513e+03
1.321895090817252139e+03
1.104056902555885472e+03
8.570081837612552818e+02
6.164007871808053096e+02
4.090782048612363155e+02
2.489950659685969185e+02
1.377293115401964485e+02
1.670585424031581852e+03
1.726683692518318594e+03
1.674321524988661622e+03
1.369825207720522940e+03
1.155625491304221441e+03
9.077418702924966283e+02
6.622580830345418690e+02
4.472421399290586805e+02
2.782410515549170213e+02
1.583235486530265064e+02
1.591565398706985206e+03
1.654142889027973979e+03
1.614098247887530079e+03
1.327926388022435958e+03
1.129919404023518837e+03
8.964276222346884424e+02
6.617129924935899226e+02
4.531841924182263597e+02
2.868041582547254507e+02
1.667315689191624983e+02
1.427686810746652100e+03
1.491160573653726033e+03
1.314253201154297130e+03
1.205347092774040448e+03
1.033196060136790265e+03
8.265996360913006811e+02
6.161039402952471846e+02
4.267498894652365493e+02
2.737279915867721911e+02
1.617409818509983950e+02
