2.347623759404114878e+02
2.388020137816930628e+02
2.293059698823868473e+02
2.078594643236227455e+02
1.779483340552232278e+02
1.440167702452156391e+02
1.103741550709539183e+02
4.847331713180896173e+01
2.987196606211874084e+01
1.673648596057167737e+01
3.209637541165321295e+02
3.279539139817180740e+02
3.162665109754757964e+02
2.878560542690063926e+02
2.473631227043612171e+02
2.008567543611665940e+02
1.086388559707093293e+02
7.404829271204766883e+01
4.668131564243138598e+01
2.699132539700993760e+01
4.149161590744352566e+02
4.257257242991058206e+02
4.122444475402632520e+02
3.767274464957178566e+02
3.249959881546502061e+02
2.037594862052925748e+02
1.510049408191448777e+02
1.042957565671827780e+02
6.686970205696260905e+01
3.954392020516195316e+01
5.065720485312235724e+02
5.217912176676609306e+02
5.072464683441937154e+02
4.653685368750348630e+02
4.030369761142036964e+02
2.610788765288981494e+02
1.951765918841398673e+02
1.362258427105254270e+02
8.848307848426124167e+01
5.320538545143544695e+01
5.837235898679024331e+02
6.034352405912658242e+02
5.887911494095196758e+02
5.422337601154923732e+02
3.885730352686290416e+02
3.124446263627303892e+02
2.352733910751155122e+02
1.656123087664153104e+02
1.086731154351300148e+02
6.617840545451133494e+01
6.346169960564794792e+02
6.582530843942510046e+02
6.445324461117701276e+02
5.957365098036960944e+02
4.326927943976996858e+02
3.498036533655795779e+02
2.650130014021968350e+02
1.878475024404365286e+02
1.242649863273571214e+02
7.641010576918998254e+01
6.509001172895939362e+02
6.772513914249177560e+02
6.653342011387977664e+02
5.217539339682667787e+02
4.515515555868439606e+02
3.667592710935248874e+02
2.792888576192470964e+02
1.990963356661171986e+02
1.325509397410569647e+02
8.210487744145841305e+01
6.298857426483267545e+02
6.572840310973306259e+02
6.477426031538334428e+02
5.086214941609205198e+02
4.418593521812057361e+02
3.603386153142951684e+02
2.755823597778832550e+02
1.973585602997912360e+02
1.320423252054855539e+02
8.222521919389900802e+01
5.752837575707869746e+02
6.019120350235873502e+02
5.949327281753045327e+02
4.652104246799084990e+02
4.055035309122320086e+02
3.318321073016793434e+02
2.546769541266317560e+02
1.830386003774563335e+02
1.228961611043864792e+02
7.679123627373897421e+01
4.961269098968415392e+02
5.203633174703502391e+02
5.157712820459136083e+02
3.991742027919646603e+02
3.489617462747452237e+02
2.863817456445481184e+02
2.203983259725144990e+02
1.588021321255199894e+02
1.068503157014281584e+02
6.686176546257183873e+01
