5.285426254733823725e+02
5.399807125154429741e+02
5.223700260119724135e+02
4.784606823893890351e+02
4.149998026797034072e+02
3.410146618968538519e+02
2.656923642303488009e+02
1.444659827579405089e+02
9.529180866858983734e+01
5.838694179501873549e+01
7.043685707461643233e+02
7.218467508580447429e+02
7.004207808258601062e+02
6.434381708464215990e+02
5.596798273733128326e+02
4.611226450708995799e+02
2.882079205398206909e+02
2.055361121617532660e+02
1.371897576270719981e+02
8.536110440219447071e+01
8.900520779643371725e+02
9.147915385164200188e+02
8.902180238294904484e+02
8.201689961645818130e+02
7.154600809585056140e+02
4.978743579068051872e+02
3.808085311764032213e+02
2.736669455521347913e+02
1.843908556336460549e+02
1.160994432001818666e+02
1.065717051752622865e+03
1.098325454233614664e+03
1.071787589760155925e+03
9.902424656584557852e+02
8.662969651038671373e+02
6.146411672845541716e+02
4.726834619091065406e+02
3.418663883206809828e+02
2.321059243822112705e+02
1.475180394770439705e+02
1.208682960758411582e+03
1.248849708860928104e+03
1.221896450146663028e+03
1.132018689179357352e+03
8.710666673049786368e+02
7.143627601424515206e+02
5.519498173521521949e+02
4.013462488052974777e+02
2.742040852820219925e+02
1.755858334139316526e+02
1.298204242112732118e+03
1.344560879543933652e+03
1.318851599899272514e+03
1.225067511204182892e+03
9.504082392236952046e+02
7.822745520692677701e+02
6.068775455953627898e+02
4.433019661668346885e+02
3.044444120872426538e+02
1.961279447913831291e+02
1.320422519300132763e+03
1.370644863062281274e+03
1.347655050892367854e+03
1.117305125692309957e+03
9.779560677508349045e+02
8.075508072411099647e+02
6.286948865399585884e+02
4.610147742951067471e+02
3.179641236453940678e+02
2.058206932284412289e+02
1.271903162674732130e+03
1.323056262190767939e+03
1.303828187796234488e+03
1.081627812445099380e+03
9.492734399849267675e+02
7.861052143693269727e+02
6.138589653528098324e+02
4.515927105252972638e+02
3.125407998107754679e+02
2.030565924736575880e+02
1.160510411157865747e+03
1.209552335058297786e+03
1.194559410321263158e+03
9.880917524543351647e+02
8.692799924643682061e+02
7.216615612413407916e+02
5.649869980045300508e+02
4.167334370650720530e+02
2.891810380795035940e+02
1.883722905234014320e+02
1.003313428102501234e+03
1.047616943397523073e+03
9.119737442811964456e+02
8.516846397077209758e+02
7.508879276345323888e+02
6.247105945544450378e+02
4.901133663750554206e+02
3.622339302218367152e+02
2.518227581028055511e+02
1.642842423122054356e+02
