3.746046844815709846e+03
3.846139494795003429e+03
3.739899785552927369e+03
3.443983863221634692e+03
3.003639615329182107e+03
2.481328508852098366e+03
1.942202563338457139e+03
1.293230567781352420e+03
8.909658827650713420e+02
5.779838404994413850e+02
4.889024102226954710e+03
5.024763099013238389e+03
4.890716012553760265e+03
4.507900482980930065e+03
3.934907972147492728e+03
3.253163426956799412e+03
2.350055711764835451e+03
1.721411749547760564e+03
1.189546386372655206e+03
7.745714119691194810e+02
6.047023696526800450e+03
6.220984628765027992e+03
6.060853433681284514e+03
5.591732539969512800e+03
4.885469422175482578e+03
3.792250966991149653e+03
2.947626304883192915e+03
2.163752056864509996e+03
1.498998777109955654e+03
9.790566392774929909e+02
7.086405101376759376e+03
7.297112444246899031e+03
7.116021399411668426e+03
6.571508083093548521e+03
5.747000874031135027e+03
4.488011390806405871e+03
3.494121911089980131e+03
2.569684865627841646e+03
1.784042768707065989e+03
1.168179436604301827e+03
7.867031923102708788e+03
8.108264069065658077e+03
7.914401233961649268e+03
7.315802446431609496e+03
6.088097725537038968e+03
5.022153904623879498e+03
3.915689363559064986e+03
2.884410488837075718e+03
2.006225205260534949e+03
1.316429941024849086e+03
8.272992292724306026e+03
8.534070967198684230e+03
8.337618777473255250e+03
7.714376804025558158e+03
6.434987875026465190e+03
5.314713729589250761e+03
4.149226023679580067e+03
3.060811802134348454e+03
2.132264041527544123e+03
1.401573474433686897e+03
8.240834222981420680e+03
8.507978547763375900e+03
8.319534262442661202e+03
7.357850878411701160e+03
6.433601968888317060e+03
5.319423256470774504e+03
4.157771437049173073e+03
3.070940593893303685e+03
2.142158970026735005e+03
1.410068535393246520e+03
7.775848800056937762e+03
8.034325000162769356e+03
7.863212646871568722e+03
6.951726849038383989e+03
6.084317464980175828e+03
5.035652909736107176e+03
3.940048994999342540e+03
2.913235940378125633e+03
2.034360590582974737e+03
1.340570238209619447e+03
6.950644862311714860e+03
7.187161655195654021e+03
7.040076076785848272e+03
6.213039476257115894e+03
5.442583836945679650e+03
4.508543234069204118e+03
3.530775290510328887e+03
2.612915463855531016e+03
1.826165017276828621e+03
1.204276284677973763e+03
5.886542811090013856e+03
6.091255298970254444e+03
5.666456195538373322e+03
5.252211183115410677e+03
4.604559803673810165e+03
3.817292323615308760e+03
2.991634836615708082e+03
2.215405123684359751e+03
1.549196179581426804e+03
1.021993521350960691e+03
