4.282184661655624222e+04
4.408794308902876946e+04
4.296146026595156582e+04
3.961661818142873381e+04
3.456426818613876094e+04
2.852429303887453352e+04
2.225832282220263369e+04
1.693253848466316413e+04
1.186819989629283191e+04
7.870944292986689106e+03
5.522674470792888314e+04
5.686709521406442218e+04
5.542574959578014386e+04
5.112583196059210604e+04
4.462383491953156772e+04
3.684567311723635794e+04
2.945411088511515482e+04
2.182554171855368622e+04
1.530382441137430760e+04
1.015367707183733000e+04
6.745416595500464609e+04
6.946520630381704541e+04
6.771623723015685391e+04
6.247826992295611853e+04
5.455081788423645048e+04
4.591537629464272322e+04
3.596241912330175546e+04
2.665791975796548286e+04
1.870008387262238830e+04
1.241283636467405813e+04
7.803345092051861866e+04
8.036683665722778824e+04
7.835428790067131922e+04
7.230797360764545738e+04
6.315063687930378364e+04
5.310297456252267148e+04
4.160431178428787825e+04
3.085116002573538572e+04
2.165081118930291632e+04
1.437863493159344762e+04
8.550484136884257896e+04
8.806749842840294878e+04
8.587148300051169645e+04
7.925776932012120960e+04
7.029209471833075804e+04
5.819138122405445029e+04
4.560368236390512175e+04
3.382861534901351115e+04
2.375043784508952740e+04
1.578109616528292827e+04
8.874715073055782705e+04
9.141143505237715726e+04
8.913937463497045974e+04
8.228411157072718197e+04
7.296819297518341045e+04
6.041911174909396505e+04
4.736204289519468148e+04
3.514478182929376635e+04
2.468489073223464220e+04
1.641053155041782884e+04
8.725301346700519207e+04
8.987540422375746130e+04
8.764661916237906553e+04
8.205523841695289593e+04
7.177085337742789125e+04
5.943886905306716653e+04
4.660533601263376477e+04
3.459458982055861270e+04
2.430864007901891819e+04
1.616897564016167053e+04
8.125880147637421032e+04
8.370265458590954950e+04
8.162990587454145134e+04
7.646547008815468871e+04
6.688985537593057961e+04
5.540630234904283861e+04
4.345396805105570820e+04
3.226580006153093200e+04
2.268187554856129645e+04
1.509520486781306136e+04
7.168345403927016014e+04
7.383991421819785319e+04
7.201257303268471151e+04
6.752171603003196651e+04
5.907275161048503651e+04
4.893952125815019826e+04
3.839142513695450180e+04
2.851607277827082726e+04
2.005473346460023822e+04
1.335454044682790482e+04
5.989798660875998030e+04
6.169983242310440255e+04
6.115800293616883573e+04
5.650200132258861413e+04
4.943726655957741605e+04
4.096385189557223202e+04
3.214272467671897903e+04
2.388295096614933573e+04
1.680425987499045368e+04
1.119712309441463185e+04
