3.653409934442155994e+06
3.655614498970850371e+06
3.459367141128985677e+06
3.095091147018022370e+06
2.617153320629519876e+06
2.090585306722516427e+06
1.576707635513114277e+06
1.117753486672532978e+06
7.492295012884804746e+05
4.728057132376943482e+05
4.664885737873711623e+06
4.669429651349049993e+06
4.420833783709357493e+06
3.957648669142057654e+06
3.348976562193612102e+06
2.677600590705222450e+06
2.016011351281906245e+06
1.435823130617197137e+06
9.641541195821471047e+05
6.097835075897263596e+05
5.640907987715743482e+06
5.648185924828543328e+06
5.349665225896656513e+06
4.791653028625919484e+06
4.057367314350276254e+06
3.239424548135281075e+06
2.447553440188482404e+06
1.745438079853028525e+06
1.173947807519004447e+06
7.439500716503385920e+05
6.459863357932221144e+06
6.469907749679142609e+06
6.130101607584208250e+06
5.493173211866997182e+06
4.654073990314196795e+06
3.719097140384132508e+06
2.812595751070632599e+06
2.008098340360765578e+06
1.352562061597584514e+06
8.586802624887343263e+05
7.005925010875936598e+06
7.018331956682811491e+06
6.651683110132652335e+06
5.962890292377860285e+06
5.045609631186868995e+06
4.042109876897854730e+06
3.059409544379728381e+06
2.186584816517457832e+06
1.474691900107782334e+06
9.377258203946745489e+05
7.195770891546487808e+06
7.209736842578300275e+06
6.834748204397636466e+06
6.129030025653694756e+06
5.188595435835517012e+06
4.159034833083862904e+06
3.150207104995121714e+06
2.253556254264262039e+06
1.521618855767218629e+06
9.689649840144099435e+05
6.999401304289004765e+06
7.013869262599335052e+06
6.650355187923301943e+06
5.955554832204105332e+06
5.051780329357912764e+06
4.051364715515870135e+06
3.070612074356000870e+06
2.198404904891949147e+06
1.485906849313572980e+06
9.474449456074363552e+05
6.447901028783456422e+06
6.461774080144903623e+06
6.127773917008784600e+06
5.488419050966159441e+06
4.656975163734178990e+06
3.736308068382499740e+06
2.833385401396966539e+06
2.030006638801926747e+06
1.373330750989016844e+06
8.766669494607968954e+05
5.625383258731860667e+06
5.637738692874506116e+06
5.346880105578552932e+06
4.789254095877935179e+06
4.064737840434416663e+06
3.262289460211383179e+06
2.475078793336394709e+06
1.774384944425732829e+06
1.201349763711906504e+06
7.676554908349417383e+05
4.647987116839070804e+06
4.658227492178017274e+06
4.409766426591815427e+06
3.957174109249546658e+06
3.359174010892047081e+06
2.696772184799181297e+06
2.046821938110835850e+06
1.468133647373894695e+06
9.946800313037273008e+05
6.361514144662230974e+05
