4.551417262804012353e+03
4.419170992054072485e+03
4.042483065755043299e+03
3.479650548175932727e+03
2.814218426467487916e+03
2.134622954192628185e+03
1.515084975544175677e+03
8.806622953515864083e+02
5.223200129974958372e+02
2.808793071292912487e+02
5.681842350294506105e+03
5.522260368762100370e+03
5.057803201359363811e+03
4.360335847016236585e+03
3.533296603758437413e+03
2.686526734416347153e+03
1.741639198184659335e+03
1.132770975427435360e+03
6.782996341306700288e+02
3.698060955080982239e+02
6.719332544568620506e+03
6.536231114538645670e+03
5.993119206223626861e+03
5.174000673419860505e+03
4.200216855580263655e+03
2.978654750148180483e+03
2.098232445706276394e+03
1.372711397088975900e+03
8.286114465967958722e+02
4.569352188573191711e+02
7.525983094102296491e+03
7.326183711522273370e+03
6.723946112182118668e+03
5.812373898948610986e+03
4.726321794828023485e+03
3.373357689727630259e+03
2.385089262705125293e+03
1.568158000203480697e+03
9.530319437851687780e+02
5.305665905512577183e+02
7.982466691222910413e+03
7.775078735102113569e+03
7.141863408011528918e+03
6.180656878681532362e+03
4.753651303303313398e+03
3.607687261611603390e+03
2.558775636976706664e+03
1.689436393890023055e+03
1.032607020032870878e+03
5.794330441027071856e+02
8.016927341012866236e+03
7.812117995416198937e+03
7.180839253920805277e+03
6.220563635141097620e+03
4.791992951965906286e+03
3.643852684633097397e+03
2.591174703051415690e+03
1.716823827603718200e+03
1.054320891861588734e+03
5.954794796747033843e+02
7.623526855298857299e+03
7.431051900875621868e+03
6.834336176569610871e+03
5.621538571851538109e+03
4.563922558835033669e+03
3.475813243977735965e+03
2.476887982083046609e+03
1.645757774717721531e+03
1.014546817600324403e+03
5.760089071060134529e+02
6.864057518290616827e+03
6.691900019721909302e+03
6.157102048045077026e+03
5.053746864194854425e+03
4.106286956922476747e+03
3.130918923793759859e+03
2.234697309291672809e+03
1.488069923148922726e+03
9.200287137569378046e+02
5.244147619113639394e+02
5.852010803905491230e+03
5.705435712226902069e+03
5.250973471059206531e+03
4.292541155636608892e+03
3.489509177075250591e+03
2.662662157476114771e+03
1.902545437024615467e+03
1.268788839344657845e+03
7.860303902119003396e+02
4.492280063048722241e+02
4.724758794040957582e+03
4.605957877244258270e+03
3.983306647230643193e+03
3.443758009999300612e+03
2.799935067741714192e+03
2.137174284907294350e+03
1.527872826983913683e+03
1.019693398385149862e+03
6.323459611067222568e+02
3.618432431240767073e+02
