1.696396821443777299e+04
1.771369018542824779e+04
1.752033152194858121e+04
1.641483454048314888e+04
1.456755567600915128e+04
1.224535228618688052e+04
9.748705914816457152e+03
7.696105160079281632e+03
5.538505064506968665e+03
3.783915021956616329e+03
2.076125139523230246e+04
2.167405647884508653e+04
2.143326979121324621e+04
2.007741089921338425e+04
1.781537002589560871e+04
1.497379067927241158e+04
1.236084239741138299e+04
9.369398808226005713e+03
6.738124991900755958e+03
4.599644585477010878e+03
2.406670150574572108e+04
2.511948324469042200e+04
2.483533884802234752e+04
2.325971277335064224e+04
2.063532974783023019e+04
1.787179541069145125e+04
1.427659642668373453e+04
1.081632896143935795e+04
7.774292658310994739e+03
5.303352620006659890e+03
2.642816253916501955e+04
2.757848492664748483e+04
2.726073994841344393e+04
2.552573643296425871e+04
2.264075290425993080e+04
1.957789043202991888e+04
1.563372856834099184e+04
1.183957913906433168e+04
8.505691951951321244e+03
5.799078029334943494e+03
2.749412360576358697e+04
2.868496404045978124e+04
2.834826617208002426e+04
2.653786213915439293e+04
2.415028833920955003e+04
2.033281215907152000e+04
1.623118389559322168e+04
1.228756328845704957e+04
8.823994071404453280e+03
6.013431528629741479e+03
2.709931897247573215e+04
2.826738440824992722e+04
2.792931285301702883e+04
2.613915138236402345e+04
2.378565924168142737e+04
2.002024642398916330e+04
1.597693449820959358e+04
1.209130446745225890e+04
8.680218023346358677e+03
5.913456066165795164e+03
2.530665213074608255e+04
2.639228472809284358e+04
2.607064920366566730e+04
2.502189579625424449e+04
2.221051978436374338e+04
1.868971735211617852e+04
1.491125471197406114e+04
1.128187842845136947e+04
8.097115310292506365e+03
5.514957530534350553e+03
2.239081332881975686e+04
2.334694725705047676e+04
2.305702418353729445e+04
2.215882745832836372e+04
1.966467562088693739e+04
1.654372144156842114e+04
1.319625876563430393e+04
9.982341911954901661e+03
7.163261796905686424e+03
4.878401848941992284e+03
1.876945432426557454e+04
1.956742579002889033e+04
1.931983420816831131e+04
1.860790972266953031e+04
1.651008113374161985e+04
1.388717735304004782e+04
1.107544225474340601e+04
8.377032163642272280e+03
6.010969460319680366e+03
4.093845472274465919e+03
1.490562795213718528e+04
1.553672179597485410e+04
1.583578032052800518e+04
1.481969811619126995e+04
1.314668140759375456e+04
1.105656690373184210e+04
8.817131677738116196e+03
6.668786163620373372e+03
4.785605434621877976e+03
3.260073989671509480e+03
