2.501529644827081029e+03
3.053660647562400754e+03
3.507972209314138581e+03
3.795633997732993521e+03
3.870550869542220426e+03
3.721361583305755175e+03
3.610575657764387870e+03
3.104318507130195940e+03
2.523774979198402889e+03
1.940969350155928851e+03
3.071671551382733924e+03
3.731203530242872603e+03
4.268935918291333110e+03
4.603624190966969763e+03
4.681794130746457995e+03
4.491627780414637527e+03
4.324910963672108664e+03
3.712402317866708017e+03
3.013780399595353174e+03
2.314766180435802198e+03
3.576360966336608726e+03
4.322449636859329985e+03
4.924667478393663259e+03
5.292258539766480681e+03
5.366647908467088200e+03
5.427297844674941189e+03
4.917545827940057279e+03
4.213961059619959997e+03
3.416012453514490517e+03
2.620419495757362256e+03
3.948902050955081904e+03
4.748170113661732103e+03
5.386225669763422047e+03
5.767141649610630338e+03
5.830367196968771168e+03
5.868812948310222055e+03
5.306393714621161962e+03
4.539172715270806293e+03
3.674262790416790722e+03
2.815105532403505094e+03
4.135297504102983112e+03
4.946073868667091119e+03
5.585499252099756632e+03
5.957659021975600808e+03
6.317453448600209413e+03
6.022598298113192868e+03
5.433352780024813001e+03
4.639255847502870893e+03
3.749681475315645457e+03
2.869480373717253315e+03
4.106986973032517199e+03
4.885651820335443517e+03
5.491583196851585853e+03
5.834088636690577005e+03
6.169121839631376133e+03
5.864692077646499456e+03
5.278544277252899519e+03
4.498472934440951576e+03
3.630367707847254678e+03
2.774941668499908246e+03
3.867977208912066089e+03
4.575841896073788121e+03
5.118590369330058820e+03
5.713508558333308429e+03
5.717115823248719607e+03
5.418943218955393604e+03
4.865413462930017886e+03
4.138185827849321868e+03
3.334447725005535176e+03
2.545859899412067534e+03
3.453922498017032012e+03
4.062873261553702378e+03
4.522190261463204479e+03
5.043478252401210739e+03
5.028082422382695768e+03
4.751091592557785589e+03
4.254893127543376067e+03
3.611526383010323116e+03
2.905545361388525180e+03
2.215983371357171109e+03
2.923443321837788517e+03
3.419003465106852673e+03
3.786040918970788880e+03
4.225981697366293702e+03
4.196850500940389793e+03
3.952834665575110648e+03
3.530632779921226756e+03
2.990515453576757864e+03
2.402206110283922953e+03
1.830257509611097703e+03
2.344587622112504960e+03
2.725919232851499146e+03
3.225844646527009900e+03
3.361628248815913139e+03
3.325044448645692228e+03
3.121204195488746791e+03
2.780229675177212812e+03
2.349935716363487245e+03
1.884810278288756763e+03
1.434793671035525676e+03
