1.496883094293460272e+04
1.801928490322471407e+04
2.048504486459161853e+04
2.200173753665908953e+04
2.233190172108782645e+04
2.142565040456470888e+04
1.943294864512489585e+04
1.718371336627827986e+04
1.397694883744335675e+04
1.076172394202310898e+04
1.823320999179443243e+04
2.188937169400571656e+04
2.482823735015810598e+04
2.661624086000823809e+04
2.697389780844077904e+04
2.584709952446454918e+04
2.403660640126186627e+04
2.063882928853275735e+04
1.677442464399334131e+04
1.290714513898072801e+04
2.106250517238349130e+04
2.521516078865705640e+04
2.853291656343970681e+04
3.052708653107970531e+04
3.088643959158957296e+04
3.024815883932006182e+04
2.741117652770453424e+04
2.351419060619516677e+04
1.909654590258185272e+04
1.468447434374992918e+04
2.307541396638269725e+04
2.754486187485250412e+04
3.109232562310824505e+04
3.319609091298434942e+04
3.352830314454389736e+04
3.275833464921481573e+04
2.965028255020384313e+04
2.540991192584080636e+04
2.061967454898609139e+04
1.584563401188174794e+04
2.397638848217389022e+04
2.853450733328042770e+04
3.212671018321685915e+04
3.422550381598313834e+04
3.525127827398654335e+04
3.364996753074585286e+04
3.041875911060293583e+04
2.604162795047804684e+04
2.111497452747184798e+04
1.621598728116905113e+04
2.362648721716233194e+04
2.803089033301434029e+04
3.147535204139527923e+04
3.345483276388884406e+04
3.439957051094257622e+04
3.278395182115041825e+04
2.959643451128294328e+04
2.531036810104067627e+04
2.050474014227207954e+04
1.573738078312539437e+04
2.207837479446442012e+04
2.611030934516013076e+04
2.923736136731068109e+04
3.171000712952515460e+04
3.183924033987852454e+04
3.029235234110098463e+04
2.730890054347924524e+04
2.332794637240115480e+04
1.888236046631253703e+04
1.448310148520459734e+04
1.956335953978036196e+04
2.305966076916780730e+04
2.574700687674077199e+04
2.789663297720494302e+04
2.795067273209676569e+04
2.654536728080054309e+04
2.389604537089887162e+04
2.038891069657090338e+04
1.648886697118699885e+04
1.263945764967747527e+04
1.643485607008525403e+04
1.930632355922984789e+04
2.149202977853348420e+04
2.327922476905911026e+04
2.327230217012438516e+04
2.206110084225969331e+04
1.982920805766586273e+04
1.689874416900279175e+04
1.365417677818052107e+04
1.046036106643468520e+04
1.308728111451884433e+04
1.532040651851977054e+04
1.752797258036235144e+04
1.842707987088270602e+04
1.837868612080936873e+04
1.738843284842574576e+04
1.560476597550247789e+04
1.328242327339203985e+04
1.072276026501259366e+04
8.210162303707120373e+03
