1.611528932056799749e+04
1.921999123467577738e+04
2.173817189326802327e+04
2.331610470397095924e+04
2.371637189086955550e+04
2.287629842029346037e+04
2.092399776466907861e+04
1.868921614768261861e+04
1.541272548270485640e+04
1.206383655575209923e+04
1.946474692847547703e+04
2.321975296950710617e+04
2.626740957988717855e+04
2.817967467186359863e+04
2.866889132542229345e+04
2.765858159318901016e+04
2.594327489151983536e+04
2.254516377615244710e+04
1.859186287854847251e+04
1.455051279212389272e+04
2.228916382835027252e+04
2.659565669213766523e+04
3.009314926276408005e+04
3.229042259081886732e+04
3.285698267196428060e+04
3.242062555947403598e+04
2.969414839349760587e+04
2.580570108371613242e+04
2.128037799872106552e+04
1.665348185022204052e+04
2.420063871557663151e+04
2.888435249917423425e+04
3.269051121925053667e+04
3.508448277863289695e+04
3.570619030842510983e+04
3.520525635562474054e+04
3.224739825176019804e+04
2.802590639992489741e+04
2.311141853612896375e+04
1.808582461114383113e+04
2.491653678078949815e+04
2.974751771022331013e+04
3.367557666699958645e+04
3.614883335585002351e+04
3.756653743751374714e+04
3.627203460073837050e+04
3.322731157506362797e+04
2.887901977268434348e+04
2.381547301491133476e+04
1.863671403889188514e+04
2.432792085105073784e+04
2.905375564904104976e+04
3.289831915008945361e+04
3.532127857798434707e+04
3.672060658216479351e+04
3.545902374930823134e+04
3.248505088003567289e+04
2.823539735347353417e+04
2.328550530023083047e+04
1.822237525907790041e+04
2.252668959634670682e+04
2.691134455223997065e+04
3.048001682586563766e+04
3.345858724762460042e+04
3.405952418956680049e+04
3.289237795884355728e+04
3.013576552661512687e+04
2.619485552125870163e+04
2.160367247712485914e+04
1.690700677043793257e+04
1.978211690670941971e+04
2.364060108955468968e+04
2.678230324025353912e+04
2.944762647528318121e+04
2.997939664996602733e+04
2.895424392170456849e+04
2.652929840251534188e+04
2.306128338374544910e+04
1.902043409440705364e+04
1.488646120776245334e+04
1.647502650748039741e+04
1.969555687234409925e+04
2.231871615648672741e+04
2.459853616209313986e+04
2.504446739003729090e+04
2.418945557762898898e+04
2.216474812167404525e+04
1.926841454833500393e+04
1.589336762164475658e+04
1.244039866268218793e+04
1.301172496069603767e+04
1.556128050036121203e+04
1.817373185754859878e+04
1.950528044826641417e+04
1.985964599684574932e+04
1.918238902245649660e+04
1.757761687852339674e+04
1.528172467896823764e+04
1.260627343003583337e+04
9.869011280002196145e+03
