1.190379928703473136e+07
1.352916140017811768e+07
1.459183792564694583e+07
1.493556045723086968e+07
1.450848099871753529e+07
1.337598406141242757e+07
1.171798711917516030e+07
9.733034467972226441e+06
7.673592719750506803e+06
5.742704421150187030e+06
1.433694958163207769e+07
1.628549948461377621e+07
1.755561648111755773e+07
1.796050173198234290e+07
1.743905547937902436e+07
1.607098142178898491e+07
1.407184063467296399e+07
1.168358418781671301e+07
9.207925823784524575e+06
6.888397311366770416e+06
1.639739522752192616e+07
1.861547740080323815e+07
2.005680181804221123e+07
2.050936559326250851e+07
1.990484471077574790e+07
1.835262313574070856e+07
1.604710022869677469e+07
1.331843030963394232e+07
1.049243996790668368e+07
7.846486876495202072e+06
1.780871319553199410e+07
2.020610271566682309e+07
2.175900349720500782e+07
2.223898086519863829e+07
2.159212351415257901e+07
1.988189631082796305e+07
1.737718735298421606e+07
1.441678566387802549e+07
1.135355638769636862e+07
8.487436689350105822e+06
1.836627920981104299e+07
2.082655407852988690e+07
2.241501728515274450e+07
2.289798856228584051e+07
2.222134087130376697e+07
2.045239030525874719e+07
1.786853839246672019e+07
1.481874920834955946e+07
1.166587286412682198e+07
8.717883999083248898e+06
1.798585156624254584e+07
2.038303292042535171e+07
2.192561603642674536e+07
2.238666254902755842e+07
2.171511057609084249e+07
1.997772873726942390e+07
1.744674016784881428e+07
1.446343313674853183e+07
1.138207469392429478e+07
8.502914584230829030e+06
1.672441774242693745e+07
1.894198855526671186e+07
2.036413165438169241e+07
2.079986505831256881e+07
2.014928023227737844e+07
1.852903005162530765e+07
1.617498903801752813e+07
1.340406987041034363e+07
1.054467567345809564e+07
7.874727293834041804e+06
1.476620470416293480e+07
1.671380309667476825e+07
1.795844797068483382e+07
1.833415934280892834e+07
1.775215579349840805e+07
1.631744318722433038e+07
1.423857226866598986e+07
1.179494086672749370e+07
9.275579731471594423e+06
6.924729212652331218e+06
1.237858143251850456e+07
1.400245159212125093e+07
1.503649268834086135e+07
1.534425681209194846e+07
1.484993781431095675e+07
1.364370300830128603e+07
1.190061889692998491e+07
9.854546729322358966e+06
7.746992243784669787e+06
5.781733654111588374e+06
9.852388525500161573e+06
1.113772372773979045e+07
1.196701496507704444e+07
1.219277755558438413e+07
1.179417687276811525e+07
1.083130117103287950e+07
9.443671972199063748e+06
7.817125799382369965e+06
6.143239486982738599e+06
4.583421964149297215e+06
