9.685743953563429386e+03
1.221605045923689067e+04
1.469765698169004645e+04
1.685903122180298305e+04
1.842752667606667092e+04
1.918513915993558476e+04
1.847051611740591034e+04
1.741322165700683763e+04
1.560976021878670872e+04
1.330128254776854010e+04
1.234168786542580710e+04
1.559952761205144634e+04
1.880187008305042400e+04
2.159785856426366809e+04
2.363417206731649640e+04
2.462741478198801269e+04
2.380753192455986573e+04
2.245689204926904495e+04
2.014004448014570517e+04
1.716812549052794566e+04
1.494137837018805112e+04
1.892451991481312507e+04
2.284836897711825441e+04
2.628253032354252719e+04
2.879235009158236062e+04
2.933897831441877861e+04
2.911834251311995104e+04
2.748079569287096820e+04
2.465591367849603193e+04
2.102470730762922540e+04
1.718408516415290796e+04
2.180832075523931780e+04
2.637339292074206605e+04
3.037808108985488434e+04
3.258869653990172446e+04
3.403198623378464981e+04
3.379797035639304522e+04
3.191347510168564986e+04
2.864420884919694436e+04
2.443303699129924280e+04
1.877367839232689948e+04
2.387122872850306157e+04
2.891394401223112072e+04
3.334769140440547926e+04
3.584840552271202614e+04
3.746642683944466989e+04
3.723261934241356357e+04
3.517402305215357046e+04
3.158254807207048725e+04
2.694681519881785425e+04
1.948246856339730220e+04
2.481811953822457508e+04
3.010695848430708793e+04
3.476738294490841508e+04
3.742932722505729180e+04
3.915023376747141447e+04
3.893049155386990606e+04
3.679576066510454257e+04
3.305046243603674520e+04
2.820634020849696753e+04
1.920474296288958794e+04
2.450773429325507823e+04
2.977443540039495201e+04
3.368715785261006386e+04
3.709435810658513947e+04
3.883091178713578847e+04
3.863700048866539146e+04
3.653551426344086940e+04
3.282782141037645488e+04
2.802269448067499616e+04
1.798265339380079604e+04
2.298727330120534680e+04
2.796702794764655482e+04
3.165797852341210455e+04
3.489491760942262772e+04
3.655751649250151968e+04
3.639725923251755012e+04
3.443330067826888990e+04
3.094886376654128617e+04
2.642411819777659184e+04
1.599571776400128692e+04
2.048062029719404745e+04
2.495138701227697675e+04
2.823944116423379455e+04
3.115803623464810153e+04
3.266832636995338180e+04
3.254473703744412342e+04
3.080226215419987420e+04
2.769358522230319068e+04
2.364890685201881934e+04
1.351753737645962428e+04
1.733424348975185421e+04
2.056795090824273211e+04
2.390925058118824018e+04
2.640678156584433964e+04
2.770846776578125355e+04
2.762000668396534820e+04
2.615233220367405738e+04
2.351946179632243366e+04
2.008728912487757043e+04
