6.117204637774344519e+03
7.561712949521323026e+03
8.949579426289603362e+03
1.013344582115195590e+04
1.096916195186953155e+04
1.134419202954625143e+04
1.078305911381951046e+04
1.015087069778413570e+04
9.106969935156294014e+03
7.782838222670353389e+03
7.728138681364902368e+03
9.585938554914864653e+03
1.137774768978266911e+04
1.291275125538327666e+04
1.400340581790707074e+04
1.450253931708841628e+04
1.386093949596224047e+04
1.305896540766324506e+04
1.172324745219756733e+04
1.002340574634144650e+04
9.293039792527710233e+03
1.156525990139102214e+04
1.376485643103044094e+04
1.565695726114165882e+04
1.700966136319528232e+04
1.711281588785954955e+04
1.693036387294467204e+04
1.596328391332637329e+04
1.433872334271920954e+04
1.226465853421487191e+04
1.063495248121256554e+04
1.327765296362961817e+04
1.584496071226835375e+04
1.806206866095085570e+04
1.909964147558191689e+04
1.984465223453649742e+04
1.965290456497201376e+04
1.854423962005103385e+04
1.666594406192165479e+04
1.426040024507982707e+04
1.158160344431020712e+04
1.450425935411031060e+04
1.735320696954336745e+04
1.982281111798776328e+04
2.102468201835159198e+04
2.187290890004416724e+04
2.168286488357772396e+04
2.047446319015253903e+04
1.840989681373258645e+04
1.575767509465073817e+04
1.200156919146160362e+04
1.507508427950133955e+04
1.808087940684163550e+04
2.069583403924583035e+04
2.199952875820699410e+04
2.291594911106282234e+04
2.273856103336828892e+04
2.148621314142662231e+04
1.932870532839525185e+04
1.654878977446485442e+04
1.183426190807022249e+04
1.490770043221206106e+04
1.792283407935635114e+04
1.998545326722423488e+04
2.188226968431383648e+04
2.282191933101461473e+04
2.266627104279267223e+04
2.143212973816150043e+04
1.928850076786080899e+04
1.651842817539585667e+04
1.110429755024391670e+04
1.402680773164503080e+04
1.690246030278467879e+04
1.886758292559816255e+04
2.069047294569365113e+04
2.160494502811720668e+04
2.147688130334253947e+04
2.032037148213556793e+04
1.829534908824543527e+04
1.567116215997584186e+04
9.915546030371229790e+03
1.255824731163124488e+04
1.516599717836152558e+04
1.693252960512155187e+04
1.859688026221734981e+04
1.944165886622254402e+04
1.934320441269363801e+04
1.831260168625635197e+04
1.649375373945512183e+04
1.413032519784979377e+04
8.426846181119002722e+03
1.069946948470992720e+04
1.249694965670393685e+04
1.444472187674014458e+04
1.588842379103186613e+04
1.662923518597828661e+04
1.655887734066505436e+04
1.568550863426313117e+04
1.413224211818126969e+04
1.210863065267243110e+04
