2.237603160894078428e+03
2.847119131421914062e+03
3.440383024160273635e+03
3.949196947751722291e+03
4.307129960221413057e+03
4.463610234622637108e+03
4.664790336566251426e+03
4.373639996902761595e+03
3.902719975162428454e+03
3.314841694197933521e+03
2.907652031684458507e+03
3.697423877957216064e+03
4.466207095048053816e+03
5.125836644625396730e+03
5.590370256495722060e+03
5.794287268400939865e+03
6.013780545957658433e+03
5.639382597898359563e+03
5.032702959109381482e+03
4.274695729235930230e+03
3.588663504766616370e+03
4.561053474422697946e+03
5.507624818358770426e+03
6.320035145538434335e+03
6.892619579336055722e+03
7.486837703085927387e+03
7.378907641481554492e+03
6.920523560069080304e+03
6.176703284525000527e+03
5.246705956774226252e+03
4.208249347573532759e+03
5.346090225949152227e+03
6.453663337679709002e+03
7.404400524707132718e+03
8.438263764770519629e+03
8.740581422847222711e+03
8.615595464965934298e+03
8.081328906335034844e+03
7.213507987000922185e+03
6.127908346836254168e+03
4.689708321381833230e+03
5.955260942614188934e+03
7.186988673888280573e+03
8.244316317748203801e+03
9.373350219757299783e+03
9.709634412028481165e+03
9.571458831655847462e+03
8.978688598264388929e+03
8.015261248644173065e+03
6.809637497979182626e+03
4.967365553529154568e+03
6.305419417563503885e+03
7.607438153006424727e+03
8.724973455422410552e+03
9.907340636489660028e+03
1.026263968666414621e+04
1.011682739876666164e+04
9.490800293537491598e+03
8.473100960850855699e+03
7.199319190574892673e+03
5.001191045222815774e+03
6.346073245048468380e+03
7.654361697667219232e+03
9.155746294892454898e+03
9.963898950228156536e+03
1.032047772412157974e+04
1.017362354639618206e+04
9.544312783457051410e+03
8.521430415591943529e+03
7.241117276907340965e+03
4.786229617176470128e+03
6.071285423663242000e+03
7.320926821826868036e+03
8.763301554865349317e+03
9.534915835737432644e+03
9.874872377244417294e+03
9.733735546777488707e+03
9.131596516820118268e+03
8.153369786703189675e+03
6.929090123662390397e+03
4.353787470011745427e+03
5.521092193403592319e+03
6.655745977371278968e+03
7.981936347250742074e+03
8.682420942194028612e+03
8.990338370628853227e+03
8.860922708673992020e+03
8.312532446833682116e+03
7.422366823920100614e+03
6.308579930253311431e+03
3.763984461349316007e+03
4.771971169371762699e+03
6.058641922676269132e+03
6.919175264436973521e+03
7.523847844209992218e+03
7.788838038968182445e+03
7.675635123959018529e+03
7.200240516874425339e+03
6.429446469923976110e+03
5.465386678863075758e+03
