9.525622249478942649e+02
1.186356954632616635e+03
1.410106403090332833e+03
1.598680201077373340e+03
1.728103506889227447e+03
1.780551732979846065e+03
1.585140459079493439e+03
1.478238612402950821e+03
1.310098214842360449e+03
1.103045392378264296e+03
1.211035119244809266e+03
1.510959697285215270e+03
1.798368514517370841e+03
2.040884571136366731e+03
2.207580289981476199e+03
2.275437832040607645e+03
2.049498094540348575e+03
1.911759348906440209e+03
1.694836251352113550e+03
1.427572500215792161e+03
1.465945041445605057e+03
1.832013451435693696e+03
2.183288217721162255e+03
2.480103561017121592e+03
2.684510836997691968e+03
2.561767929875455593e+03
2.514483163537610380e+03
2.346121502349070397e+03
2.080488247661017340e+03
1.752973849252162381e+03
1.688783506128221461e+03
2.113773580988807680e+03
2.522187061288647328e+03
2.867820563482564921e+03
2.887450625180809311e+03
2.982378708636203100e+03
2.928344224079160085e+03
2.733074252497026464e+03
2.424267793854782667e+03
2.043168561013761291e+03
1.850944241505028913e+03
2.320178306934930788e+03
2.771814497401228437e+03
3.154688623892571286e+03
3.189749383823021162e+03
3.296288172066308562e+03
3.237887053004955305e+03
3.022960128732081557e+03
2.682103877537982044e+03
2.260973462343168649e+03
1.929730091424823058e+03
2.422391577556815264e+03
2.897362006050650962e+03
3.300781689262815235e+03
3.345442570745871762e+03
3.459233812045814830e+03
3.399537958838755458e+03
3.175023686173786700e+03
2.817777002260004338e+03
2.375803892153302058e+03
1.913585465010415874e+03
2.405434332497277410e+03
2.880449128063974058e+03
3.059484245354743052e+03
3.331401980245407685e+03
3.447046806889913569e+03
3.389348403367882838e+03
3.166755797918416647e+03
2.811214291910765496e+03
2.370672743671048011e+03
1.804889628182377464e+03
2.271800326924394085e+03
2.723554300385706938e+03
2.889857273866046398e+03
3.149694881812097265e+03
3.261504254441857483e+03
3.208787008971309660e+03
2.999332265910402839e+03
2.663335830558466114e+03
2.246289669771417266e+03
1.619378464563897751e+03
2.040851562145702928e+03
2.449416211017204205e+03
2.591108099537532780e+03
2.827086626093867380e+03
2.929905643130472527e+03
2.884393674634837225e+03
2.697340788143667851e+03
2.395844335767793837e+03
2.020901387772732505e+03
1.382388852890378075e+03
1.744195792313455286e+03
1.916494296935549755e+03
2.204948876084421499e+03
2.408602337189287482e+03
2.498512485295835631e+03
2.461407909058851601e+03
2.302883487099320519e+03
2.046024215891186941e+03
1.725922357521276808e+03
