6.142914506488023471e+04
7.963166941878356738e+04
9.802155744209936529e+04
1.145894749957445456e+05
1.272380525695555698e+05
1.342140620440717321e+05
1.330439755387831538e+05
1.266615767192346102e+05
1.145610195514109946e+05
9.844756173321591632e+04
7.600582914380154398e+04
9.851971119456789165e+04
1.212557775829522434e+05
1.417267028306160064e+05
1.573386613859663776e+05
1.659263123215789092e+05
1.646184090328800958e+05
1.566808973811311007e+05
1.416767726013048086e+05
1.217198753359777911e+05
8.950591175128465693e+04
1.160092861752204772e+05
1.427639510721505212e+05
1.668395989144420309e+05
1.851831158046203200e+05
1.934853753071672400e+05
1.938130199300170061e+05
1.844235567728856113e+05
1.667228039585310617e+05
1.432040417308599281e+05
1.003115293160487927e+05
1.300047441533956589e+05
1.599691841385790613e+05
1.869195746208913042e+05
2.056178393658402783e+05
2.168022888724780350e+05
2.171227616379153915e+05
2.065583800854313886e+05
1.866910970030452008e+05
1.603190770765805501e+05
1.069829819480529986e+05
1.386418986545417865e+05
1.705803328764745675e+05
1.992932810740903078e+05
2.192572576883028960e+05
2.311421499815537245e+05
2.314395468785863486e+05
2.201342093475633592e+05
1.989194122869910498e+05
1.707830470782248012e+05
1.085726665340401669e+05
1.406943791752112156e+05
1.730912732573936810e+05
2.022050194098765496e+05
2.224453335980838747e+05
2.344674327541125240e+05
2.347297553200950788e+05
2.232231527669442294e+05
2.016715487022299203e+05
1.731104511101999669e+05
1.048459133564266522e+05
1.358593081194544211e+05
1.671316017124852224e+05
1.934620271087974252e+05
2.147110964205526689e+05
2.262870587118666444e+05
2.265076131062297791e+05
2.153692378249100584e+05
1.945413008227906830e+05
1.669577910417195526e+05
9.633781064766432974e+04
1.248306090894622903e+05
1.535562513907444663e+05
1.776651778612286143e+05
1.971653154094498313e+05
2.077752157811479701e+05
2.079526981457993970e+05
1.976986854379940487e+05
1.785506823749296018e+05
1.532066233863727830e+05
8.422706111482190317e+04
1.091355035730045638e+05
1.342441563965732930e+05
1.552098986981970374e+05
1.722389095150169742e+05
1.814949823580278608e+05
1.816324373154199857e+05
1.726550873260840017e+05
1.559097159269480617e+05
1.337564490251517564e+05
7.006787423436006065e+04
9.078731419502293284e+04
1.103386465738600236e+05
1.289800228846166428e+05
1.431306692775581323e+05
1.508163991359177453e+05
1.509195580103629618e+05
1.434452965555714036e+05
1.295155875365668035e+05
1.110944892003932619e+05
