4.343198615789148607e+05
5.485196388532145647e+05
6.586428210126709891e+05
7.519794023848338984e+05
8.163539428611543262e+05
8.427181260791077511e+05
8.308774604703977238e+05
7.757149894359792816e+05
6.887781691492414102e+05
5.816759436584465439e+05
5.353806487590319011e+05
6.760880351596989203e+05
8.117553822573475773e+05
9.267236917801813688e+05
1.005995701897544321e+06
1.038429405904396088e+06
1.023347442407711060e+06
9.553565835094409995e+05
8.482384317955320003e+05
7.162957869699421572e+05
6.277701402126179310e+05
7.926888628026982769e+05
9.516804258908190532e+05
1.086392525948792230e+06
1.179252101581306430e+06
1.221624567066840595e+06
1.199111494759184541e+06
1.119386358116535470e+06
9.938240370571380481e+05
8.391884859543911880e+05
7.002126767891035415e+05
8.840892852864422603e+05
1.061335324924531160e+06
1.211489840782115003e+06
1.319555674695356283e+06
1.361880472889235709e+06
1.336716922696831170e+06
1.247781569475024007e+06
1.107762073536120588e+06
9.353504498925630469e+05
7.429407711857728427e+05
9.379644077616749564e+05
1.125932072910826886e+06
1.285143270652562845e+06
1.399555869091616943e+06
1.444372178748091683e+06
1.417614127065813169e+06
1.323232881751833251e+06
1.174691386221799767e+06
9.918166802829846274e+05
7.498506488971710205e+05
9.466175695418897085e+05
1.136241642354418524e+06
1.296829066606770735e+06
1.412178542852752144e+06
1.457321037607172737e+06
1.430251331120142713e+06
1.334965625941166654e+06
1.185053976804364240e+06
1.000523301757987705e+06
7.199317455275653629e+05
9.087830618910258636e+05
1.090755807976486161e+06
1.249304297857534373e+06
1.355578046529316111e+06
1.398833394204192562e+06
1.372780192047922406e+06
1.281263538347383961e+06
1.137333855411795434e+06
9.601964849486044841e+05
6.575089738803742221e+05
8.299296148011269979e+05
9.960488441198333167e+05
1.140951118080215761e+06
1.237927530768052675e+06
1.277354739720876561e+06
1.253499150078549515e+06
1.169880479681361001e+06
1.038420754849273129e+06
8.766580902005952084e+05
5.712177641802963335e+05
7.209644231026624329e+05
8.652196213600465562e+05
9.913006000958514633e+05
1.075483103233139031e+06
1.109669408150229137e+06
1.088888012556410860e+06
1.016204067527923151e+06
9.019784917937874561e+05
7.614470002730959095e+05
4.720464910918503883e+05
5.957607896897189785e+05
7.183087981541462941e+05
8.193839058840532089e+05
8.889013489483166486e+05
9.170986155756058870e+05
8.998751703594919527e+05
8.397704856500138994e+05
7.453504085233240621e+05
6.292060064369522734e+05
