5.451905229188654403e+02
7.018487911120021181e+02
8.619141138970408065e+02
1.009032145553332157e+03
1.125538118316897680e+03
1.195906753485925492e+03
1.075011833631551553e+03
1.033609907545796204e+03
9.434828205976918980e+02
8.174100354238008777e+02
6.434016150002091763e+02
8.301877395376428694e+02
1.021406903292428638e+03
1.197500505755241875e+03
1.337285951581102154e+03
1.422099473376547394e+03
1.292116366486291781e+03
1.243063776948709574e+03
1.135365324568764208e+03
9.843255370584668071e+02
7.230601428561570856e+02
9.350807933987443903e+02
1.152596263616373562e+03
1.353349182885771143e+03
1.513158434442554835e+03
1.454121709802346231e+03
1.474388942374211638e+03
1.419350508201083812e+03
1.297200768813535660e+03
1.125352492641948174e+03
7.733769580363756404e+02
1.002427849124648901e+03
1.237968911646116567e+03
1.455903964749385068e+03
1.472467930458753926e+03
1.574128641812016667e+03
1.597447306269153160e+03
1.538983162987348805e+03
1.407494534024776158e+03
1.221801575255778062e+03
7.869837108861628394e+02
1.022442763246003892e+03
1.265205620779580386e+03
1.490459046043281887e+03
1.511520865889000788e+03
1.617841619799871978e+03
1.643500226034808520e+03
1.584734615954357878e+03
1.450413668458110124e+03
1.259858547901175825e+03
7.617063904824792644e+02
9.919904927850392369e+02
1.230102891353771156e+03
1.451743116971284508e+03
1.472675025049466512e+03
1.578552649416054919e+03
1.605529655577611948e+03
1.549671622359050843e+03
1.419482770389816778e+03
1.233800758876364398e+03
7.011323073678364608e+02
9.153908299619778290e+02
1.137636472105374651e+03
1.202529028284106971e+03
1.361569785552059102e+03
1.461954270333282466e+03
1.489029716950819193e+03
1.438863721972069470e+03
1.319173096661809723e+03
1.147396548375590555e+03
6.137679762370541994e+02
8.034058986894791587e+02
1.000796891589369125e+03
1.052154780533647909e+03
1.194196096374448871e+03
1.284796536659694766e+03
1.310712071488811716e+03
1.268189629829662863e+03
1.163850262772731185e+03
1.013018409277301998e+03
5.110612882295872055e+02
6.707394510409096711e+02
8.375735679551588646e+02
8.725385910109908991e+02
9.931441984021511189e+02
1.070963114036114803e+03
1.094596482803227445e+03
1.060626921782977888e+03
9.744204920434865471e+02
8.487563410520009484e+02
4.049248204494118681e+02
5.328522147183688276e+02
5.677464790175866938e+02
6.853191465261509165e+02
7.826416737011652458e+02
8.462298109249107938e+02
8.667434991275276843e+02
8.412164786319805216e+02
7.737512548425874002e+02
6.744565945740964708e+02
