5.084841245299746515e+04
5.945771543865240528e+04
6.626949626513183466e+04
7.040700146789620339e+04
7.130659577202335640e+04
6.989718828320167086e+04
6.437178187220320979e+04
5.653732937616316485e+04
4.735904829397102003e+04
3.783832531896958972e+04
5.754619243982529588e+04
6.729165908575359208e+04
7.500472807212997577e+04
7.969298398011004610e+04
8.071794762765643827e+04
7.905835735694918549e+04
7.281430539515690180e+04
6.395672038665741275e+04
5.357708971853077674e+04
4.280822305160267570e+04
6.208727232843799720e+04
7.260451142089528730e+04
8.093072256866580574e+04
8.599492373539415712e+04
8.829216749716707272e+04
8.527879398999887053e+04
7.854957626990828430e+04
6.899957736314888461e+04
5.780575240275126271e+04
4.619004862085552304e+04
6.386371169938096136e+04
7.468489228777952667e+04
8.325385661376999633e+04
8.846868821689220204e+04
9.082098383001473849e+04
8.772776853431008931e+04
8.081160141043788462e+04
7.099238772762264125e+04
5.948031675538172567e+04
4.753225937179110042e+04
6.263032986504402652e+04
7.324552952562160499e+04
8.165317754397001409e+04
8.677234535889400286e+04
8.909627858357504010e+04
8.606758712371681759e+04
7.928835862367819936e+04
6.966019439462914306e+04
5.836969861016421055e+04
4.664962516589727602e+04
5.856022054557802039e+04
6.848833834591106279e+04
7.635314929027835024e+04
8.114370206759044959e+04
8.335898323623258329e+04
8.053010797253411147e+04
7.419252041643128905e+04
6.518893581704683311e+04
5.462885339281825873e+04
4.366524002653163188e+04
5.220493798872334446e+04
6.105799396988436638e+04
6.807205585669545690e+04
7.342554110883713292e+04
7.438425268204801250e+04
7.186357260423224943e+04
6.621269666548616078e+04
5.818282865064936050e+04
4.876326991399919643e+04
3.898232509804859001e+04
4.437197027455281204e+04
5.189870456110571831e+04
5.786240229062784783e+04
6.249259840956416883e+04
6.330947371268735878e+04
6.116656432916751510e+04
5.636061019312393910e+04
4.953026303067373374e+04
4.151677364816526097e+04
3.319473100952859386e+04
3.595700411394643743e+04
4.205803097840186820e+04
4.689217867185927753e+04
5.073519331875789794e+04
5.139817398621229222e+04
4.965991016220520396e+04
4.576098222032230115e+04
4.021926201158436015e+04
3.371698763226583105e+04
2.696354035790219132e+04
2.777884218458076066e+04
3.249374737061699489e+04
3.699479926748291473e+04
3.929472701581022557e+04
3.980721657315139601e+04
3.846164984148229996e+04
3.544413431658270565e+04
3.115522248892312200e+04
2.612260904256511640e+04
2.089503809915284000e+04
