8.258434942447011906e+01
7.421801319046720380e+01
5.884683059852712717e+01
3.980857288221981349e+01
2.144055300655446672e+01
2.275413616028972896e+01
8.304368300353480947e+00
1.242445825651037117e+00
1.639053694114581960e-01
2.523142665595246914e+00
1.220021311279236045e+02
1.106979013992707763e+02
8.918588810728026317e+01
6.200101079499091838e+01
3.514761259025841156e+01
3.323608748170316574e+01
1.268594125581712895e+01
2.227911957184195213e+00
8.692872275740258503e-02
2.879831387495738859e+00
1.663849640759508759e+02
1.521077985758095394e+02
1.240603898219550558e+02
8.802473386406254008e+01
5.177819179745322486e+01
4.565103650187117523e+01
1.819375205957644326e+01
3.681840032186449729e+00
1.357227430294788775e-02
2.968251227404338000e+00
2.105833525118070213e+02
1.936814383737008427e+02
1.595031074094703456e+02
1.149742600424156365e+02
1.068922005991803559e+02
5.886230633463216577e+01
2.442256193389240337e+01
5.584447397212326081e+00
1.406799522707275277e-02
2.763269636962175646e+00
2.482196966093029005e+02
2.294306257757792196e+02
1.904190852069351649e+02
1.389857756885733977e+02
1.269577138145576640e+02
7.122736260756290960e+01
3.066985146641691529e+01
7.789399826572844354e+00
1.540861412662092034e-01
2.308471401949667268e+00
2.731553774011382529e+02
2.535189607038995234e+02
2.117494760105905129e+02
1.561135487613493638e+02
1.417453537785826825e+02
8.093080309268997041e+01
3.606177485149206774e+01
1.003298877263565636e+01
4.667999676835795086e-01
1.703837502341853494e+00
2.811065059636376304e+02
2.617989104691437774e+02
2.198051619410326225e+02
2.184985590252820202e+02
1.488864453783819499e+02
8.643464060169004881e+01
3.976271355809532793e+01
1.198965103925363174e+01
9.359483938136414771e-01
1.075815670644301836e+00
2.708270936693756425e+02
2.529589998217576010e+02
2.132898829014332307e+02
2.140942465382685498e+02
1.472904179195640211e+02
8.688921599049334077e+01
4.119716981786820043e+01
1.335677038738560540e+01
1.497739862595176108e+00
5.412734110393813136e-01
2.444143355761427472e+02
2.288488747210379870e+02
1.936266565464099756e+02
1.978683403244672832e+02
1.374197195336652726e+02
8.235164475684604213e+01
4.020111428319222568e+01
1.393683816530882780e+01
2.060532495675549303e+00
1.784424523344994851e-01
2.066372673189584930e+02
1.938756229708758099e+02
2.197781084081362906e+02
1.727297894542253403e+02
1.211105148959731395e+02
7.373474110143978066e+01
3.704777620602037302e+01
1.368571293854017057e+01
2.533278727967251509e+00
1.379663604529516793e-02
