6.820225913420719053e+02
7.380423276955892788e+02
7.588141191025902117e+02
7.416840144361002558e+02
6.897217764925389929e+02
6.108331707281538456e+02
4.289411542222221669e+02
3.382525690257690485e+02
2.529567895186796704e+02
1.792464622261242653e+02
8.740728053123948484e+02
9.474589748510915115e+02
9.756113459312011855e+02
9.548894029927344036e+02
8.890384104998609018e+02
6.798073994883503701e+02
5.666789238976557499e+02
4.482821474953900065e+02
3.364875480252902094e+02
2.395032000177407099e+02
1.060470968121766191e+03
1.151289740197648371e+03
1.187223073187134332e+03
1.163576319339462088e+03
1.084660146054082588e+03
8.424303173490708332e+02
7.038409753861166109e+02
5.582135067585574006e+02
4.202248362266977324e+02
3.001186814657165201e+02
1.217102904626165127e+03
1.323238337940897281e+03
1.366435845391479006e+03
1.341001639868954953e+03
1.114100754800735558e+03
9.825592454468437609e+02
8.225084919288623269e+02
6.536987082606660806e+02
4.932379678659950173e+02
3.531680654463328892e+02
1.320710393525718018e+03
1.437808612990410211e+03
1.486723929205311606e+03
1.460959429922154868e+03
1.221498034766090313e+03
1.078991497445389768e+03
9.047328405868804566e+02
7.202900881406993676e+02
5.444646550920638219e+02
3.905927176909042373e+02
1.354535552936008571e+03
1.476480235312307059e+03
1.528660842488478693e+03
1.504100802659923147e+03
1.261343440449365517e+03
1.115772674361855024e+03
9.369055924570552634e+02
7.469554273455200928e+02
5.654023192673182621e+02
4.061622247960340246e+02
1.312776152320272786e+03
1.432628344306573354e+03
1.485074301095902683e+03
1.314062098937926976e+03
1.226668988475573315e+03
1.086476485241387991e+03
9.134078678312291686e+02
7.290366181841415028e+02
5.523895866093458835e+02
3.971481585169429991e+02
1.202221073544722913e+03
1.313388244775028397e+03
1.363061751304220707e+03
1.201859062720334805e+03
1.123288219499571824e+03
9.960264004398546831e+02
8.382015480004827168e+02
6.695679329048268755e+02
5.076422317761306431e+02
3.650962914922724281e+02
1.040431321727143768e+03
1.137742636328335493e+03
1.182086725540181078e+03
1.034777305323961627e+03
9.682132527550231771e+02
8.593527039313153182e+02
7.237460354563351075e+02
5.784438222285832580e+02
4.386430590800204072e+02
3.153988682637411216e+02
8.511390824941818209e+02
9.315387404939995122e+02
8.483541995426697895e+02
8.382188205516192738e+02
7.851015686246319092e+02
6.973864868179066434e+02
5.876458762038378154e+02
4.697483903144803890e+02
3.561152742185760189e+02
2.558284709643027384e+02
