7.233358136547763024e+03
8.036444863461722889e+03
8.396781464483574382e+03
8.248438889141241816e+03
7.615075965171913595e+03
6.603826845919147672e+03
5.673045377202497548e+03
4.364375891265304745e+03
3.155784666652705255e+03
2.144317780980912175e+03
9.487669634380314164e+03
1.052891732261840116e+04
1.098837951263706054e+04
1.078169509421841758e+04
9.941974010357473162e+03
8.986383115579164951e+03
7.339767003587190629e+03
5.634433709796192488e+03
4.063800864131134858e+03
2.752957474308834207e+03
1.172412902905210649e+04
1.299770970861650312e+04
1.355102658363971022e+04
1.328214566754152111e+04
1.223430221573454764e+04
1.100014709726659748e+04
8.970132565040050395e+03
6.873272243500503464e+03
4.946648785085980307e+03
3.342541379555228104e+03
1.365301966958610501e+04
1.512270377710322282e+04
1.575206557937969956e+04
1.542479588893435539e+04
1.467423842080102986e+04
1.271384179744348876e+04
1.035318089550907098e+04
7.920469595737932650e+03
5.689943272509129201e+03
3.836665088955647207e+03
1.498627712628949484e+04
1.658648455337397536e+04
1.726262131883468464e+04
1.688936532194337269e+04
1.602953261928866414e+04
1.387319631610675606e+04
1.128373846367334045e+04
8.620743465685902265e+03
6.183552170451851453e+03
4.162207938269108126e+03
1.550739981971436646e+04
1.715140212648726811e+04
1.783747764041266782e+04
1.743811297045008178e+04
1.652833233906089299e+04
1.429157189790771554e+04
1.161210661074685959e+04
8.861554619059650577e+03
6.348259628689646888e+03
4.267026401878645629e+03
1.512885316723285359e+04
1.672257711342634502e+04
1.738008405986242724e+04
1.750407034623774234e+04
1.608747409663979306e+04
1.389921890656308824e+04
1.128354988810164832e+04
8.602772722202877048e+03
6.156628223093697670e+03
4.133669095162968006e+03
1.391606666543767824e+04
1.537391079699949842e+04
1.596902561332363075e+04
1.609370164202293381e+04
1.478163778096679198e+04
1.276233271593093559e+04
1.035325070566539398e+04
7.887641049015885983e+03
5.640495877447835483e+03
3.784145325590673565e+03
1.206899369017149547e+04
1.332731188619303248e+04
1.383599405191027472e+04
1.396857336247207240e+04
1.282261969642371878e+04
1.106474784015191290e+04
8.971109930962325961e+03
6.830918480734881086e+03
4.882288862453125148e+03
3.273953715995293351e+03
9.868360904781518911e+03
1.089314955175764044e+04
1.173300882349607127e+04
1.144705249316643676e+04
1.050307062762938949e+04
9.059234541265428561e+03
7.342154966670243084e+03
5.588675740733833663e+03
3.993415992333377289e+03
2.677604072862610792e+03
