7.723923565190582849e+03
8.651800025371987431e+03
9.016104608879784791e+03
8.742236977091337394e+03
7.887352633001406502e+03
6.620991910883251876e+03
5.462095343093174961e+03
4.004186209016169414e+03
2.740222179533015151e+03
1.752421464750073937e+03
1.082734066160492694e+04
1.212516726381615990e+04
1.263496020439098538e+04
1.225259507497984850e+04
1.105785849898575725e+04
9.676885858329067560e+03
7.603367383254270862e+03
5.572262687712922343e+03
3.811404842867107618e+03
2.435423995803796060e+03
1.411849350850873998e+04
1.580733683015717361e+04
1.647038469615290524e+04
1.597248565769562811e+04
1.441753679278229902e+04
1.255749522817683828e+04
9.865511920725848540e+03
7.228726887834195622e+03
4.942881721031961206e+03
3.156788473200283079e+03
1.713005167291112957e+04
1.917502501412897982e+04
1.997679601384063790e+04
1.937219696139009466e+04
1.802036639076719803e+04
1.518404763994540554e+04
1.192776828304170886e+04
8.738643448426164468e+03
5.974195180877045459e+03
3.814281280723170767e+03
1.934203347457564087e+04
2.164646132808811308e+04
2.254805023063473345e+04
2.186354276965064855e+04
2.030175973627816711e+04
1.710457719559629550e+04
1.343513143249650602e+04
9.842038332563737640e+03
6.727793722753760449e+03
4.294769887129145900e+03
2.032604158639620800e+04
2.274288100836821468e+04
2.368584019688869375e+04
2.296342485660824241e+04
2.130633686810038489e+04
1.794884226884267628e+04
1.409695444653519371e+04
1.032615317866706755e+04
7.058403048363556081e+03
4.505689158095797211e+03
1.988007758163788458e+04
2.223924471286883272e+04
2.315664113124158393e+04
2.304935669566229262e+04
2.082924738539289319e+04
1.754472307884438487e+04
1.377836456282436302e+04
1.009238972323196504e+04
6.898749701104652559e+03
4.404178325631874031e+03
1.809596669139878577e+04
2.023934931644064636e+04
2.106965407687113475e+04
2.099399242755009254e+04
1.896861514000505485e+04
1.597548017107623491e+04
1.254512386779984263e+04
9.189096720078583530e+03
6.281922660281137723e+03
4.011319147857019743e+03
1.532861741142498795e+04
1.714104680239341178e+04
1.784017050725017180e+04
1.781402556994810948e+04
1.609262772970177321e+04
1.355178056558896242e+04
1.064149197114192611e+04
7.795259837965253610e+03
5.330185203883634131e+03
3.404990100529884330e+03
1.208118764472606199e+04
1.350750724348692347e+04
1.453338026592351343e+04
1.408371360568237287e+04
1.272067604819931330e+04
1.071135912611471758e+04
8.411292696411261204e+03
6.162626945274429090e+03
4.215416112578113825e+03
2.694652965726053480e+03
