7.808998641541387542e+02
8.649598668550961520e+02
8.946808396809025226e+02
8.642038160471787478e+02
7.797678968264450532e+02
6.576154896450500473e+02
4.317499393466371203e+02
3.092306508889685119e+02
2.049814969514087295e+02
1.253174640956726194e+02
1.073622540183772117e+03
1.191351556295634737e+03
1.234035289043055172e+03
1.193221370226154932e+03
1.077287161362336747e+03
7.920493760639196807e+02
6.134690275480749051e+02
4.410029174987018905e+02
2.937574971696972170e+02
1.808040538098870798e+02
1.377332195362750326e+03
1.530886348189529826e+03
1.587915971500759269e+03
1.537089950749476202e+03
1.388860292165793453e+03
1.039009156810124523e+03
8.066048900098454624e+02
5.814764763365488989e+02
3.887153153674194073e+02
2.403908265141593574e+02
1.647228326190398548e+03
1.833661383824026643e+03
1.904521981292436976e+03
1.845696354954099434e+03
1.509869229208504748e+03
1.263406251732998726e+03
9.826754984726596831e+02
7.099693490750933051e+02
4.758788278737787323e+02
2.952934175276869837e+02
1.835474989677633857e+03
2.046116136958344441e+03
2.127977321217043936e+03
2.064725604312793166e+03
1.700450353518093380e+03
1.425002953423735335e+03
1.110136822901783717e+03
8.034617603322429886e+02
5.396132421008762776e+02
3.356331191818227921e+02
1.904949173900919277e+03
2.126387039520803228e+03
2.214304589885572113e+03
2.151141323866806488e+03
1.777289078844145251e+03
1.491385027450824509e+03
1.163417741952514461e+03
8.431790981723801224e+02
5.670921649653153054e+02
3.532596958256216908e+02
1.841216260481308836e+03
2.057797271915595957e+03
2.145576870958157997e+03
1.908277712895917375e+03
1.724093683027197358e+03
1.448472515583268660e+03
1.131206101445274498e+03
8.206738610375998633e+02
5.524538748151638856e+02
3.443954888740327647e+02
1.657436438038479992e+03
1.854523479658222413e+03
1.936006016214210831e+03
1.715907351933896507e+03
1.552113768665929911e+03
1.305348619286148732e+03
1.020329000103189287e+03
7.407249430118616829e+02
4.988153980862360868e+02
3.109359562917874200e+02
1.389915597152930786e+03
1.556799807909934316e+03
1.627132907581838253e+03
1.431527570127209628e+03
1.296289460196917389e+03
1.091149201921300573e+03
8.534136857651075161e+02
6.196991759925642782e+02
4.172027968327449798e+02
2.597982266392492079e+02
1.086364180964918887e+03
1.217884783687872641e+03
1.135560112889361108e+03
1.107396160514751500e+03
1.003759891814555431e+03
8.454657053171265488e+02
6.614217436837055857e+02
4.801406189106959346e+02
3.228975150330245469e+02
2.006221462957987853e+02
