4.989804211751652474e+04
5.568914194335014326e+04
5.789544368555831898e+04
5.607306911811186728e+04
5.060247482109584234e+04
4.255908028998910595e+04
3.264209070016449550e+04
2.377851891710765267e+04
1.613426577671782434e+04
1.019569164378748428e+04
6.681972537640047085e+04
7.455897691702011798e+04
7.748899193990143249e+04
7.501897173977704369e+04
6.766424784685589839e+04
5.592126221615804388e+04
4.371335868435105658e+04
3.182710575605855411e+04
2.158399788554350380e+04
1.363263686511412379e+04
8.329678058669772872e+04
9.292670058595591399e+04
9.655264116991969058e+04
9.344201664502749918e+04
8.424339090423172456e+04
6.970616138031605806e+04
5.446353845013389218e+04
3.963368052646888100e+04
2.686308890214860003e+04
1.695704850441942472e+04
9.664923914971819613e+04
1.078046993536053633e+05
1.119854848959967785e+05
1.083453972625184251e+05
9.639699485430531786e+04
8.084245467184587324e+04
6.313692932985323569e+04
4.592231796140415099e+04
3.110780143451610638e+04
1.962421743254066314e+04
1.043704730045385222e+05
1.164002590396967717e+05
1.208911260975090991e+05
1.169326642409883934e+05
1.040548675427159033e+05
8.723465202110586688e+04
6.810134150981098355e+04
4.950933902838142967e+04
3.351884817335706612e+04
2.113157105135726306e+04
1.048917209116206795e+05
1.169672239959051949e+05
1.214608044969114562e+05
1.174602165762130026e+05
1.045009497431537893e+05
8.758157501767748909e+04
6.834634111706548720e+04
4.966467594571902737e+04
3.360545858233979379e+04
2.117219579459505985e+04
9.810141648255797918e+04
1.093839461746867164e+05
1.135719311151736329e+05
1.084925888408476458e+05
9.763816998105356470e+04
8.180724317886897188e+04
6.381778507709545374e+04
4.635353938685534376e+04
3.134781281833634785e+04
1.973641421822531629e+04
8.538402412255427043e+04
9.519572297652743873e+04
9.883096708661757293e+04
9.431762946103600552e+04
8.486571448105882155e+04
7.108784005882607016e+04
5.543718640627755667e+04
4.024900241708949761e+04
2.720433860787042067e+04
1.711546090857516901e+04
6.915991184601507848e+04
7.710149983567812887e+04
8.004016381698686746e+04
7.626877228532425943e+04
6.861464957649381540e+04
5.746171644256038417e+04
4.479648012886230572e+04
3.250931424477952896e+04
2.196023043024308208e+04
1.380537689154523105e+04
5.213563954241431202e+04
5.811828569912980311e+04
5.935204710274689569e+04
5.735958054231907590e+04
5.159580293088984035e+04
4.319938144596225902e+04
3.366653699264994793e+04
2.442075782681881537e+04
1.648567946237782235e+04
1.035451177713690231e+04
