1.485896333769524972e+04
1.693567812148828671e+04
1.791277010972320568e+04
1.758087345232024018e+04
1.601164899174136008e+04
1.353257315643216498e+04
1.020740970379781720e+04
7.383409023633480501e+03
4.944501233538284396e+03
3.063072546523867459e+03
2.025187312901347468e+04
2.309239387306487333e+04
2.443307739961125480e+04
2.398650814171680395e+04
2.184915090883416633e+04
1.792782748404313679e+04
1.400824621351819951e+04
1.014036778543778382e+04
6.797517604273507459e+03
4.216686390828855110e+03
2.560912279349823802e+04
2.921258661855770333e+04
3.091886333226415081e+04
3.036205551561528409e+04
2.766247514181237420e+04
2.277662662083938267e+04
1.780572129393964497e+04
1.289702332789895445e+04
8.651926370036448134e+03
5.372316755998901499e+03
3.003896717953863845e+04
3.427829462436554604e+04
3.629229518984823517e+04
3.564902443408925319e+04
3.177052606219263544e+04
2.680981773735221577e+04
2.096751665712751492e+04
1.519453751325707526e+04
1.019909749070225917e+04
6.337572216394549287e+03
3.267988042129328460e+04
3.730475006965320790e+04
3.950934357422421454e+04
3.882083666808337148e+04
3.463955830153605348e+04
2.924096673657013162e+04
2.287726265614592194e+04
1.658505039235912045e+04
1.113737112034951679e+04
6.924133779737991972e+03
3.297246656346789678e+04
3.765101832895760163e+04
3.988891759023607301e+04
3.920624843807744764e+04
3.499822556107666605e+04
2.955320002057473539e+04
2.312894607009228639e+04
1.677288848857092307e+04
1.126714933342802033e+04
7.007118357914389890e+03
3.085243122023362230e+04
3.524103708474383166e+04
3.734767513630575559e+04
3.595817175173705618e+04
3.276744807354068325e+04
2.767768728484502208e+04
2.166708431580826800e+04
1.571663439222070701e+04
1.055980165843876057e+04
6.568201165425235558e+03
2.677357343073320590e+04
3.059080481440704170e+04
3.242980041102258838e+04
3.118602672945995801e+04
2.842743396385740562e+04
2.401826970469069784e+04
1.880657448807454057e+04
1.364394340728965653e+04
9.167908637763288425e+03
5.702174397818729631e+03
2.154956115543385386e+04
2.462843698677605062e+04
2.611720852196662599e+04
2.505973154419619095e+04
2.284974026546695313e+04
1.931020529070673365e+04
1.512252537475900317e+04
1.097187374672376791e+04
7.371842804128807984e+03
4.583740216304197929e+03
1.608995104463342614e+04
1.839292098086288752e+04
1.895599359320765507e+04
1.865372177092070342e+04
1.701332285075121399e+04
1.438052157312844975e+04
1.126271667673274897e+04
8.170807168197410647e+03
5.488223440551307249e+03
3.410417122285272853e+03
