3.656419268043966440e+04
4.205296701780310832e+04
4.485075149070336192e+04
4.436129206308507128e+04
4.069231467180837353e+04
3.461702668709411955e+04
2.797433029771545989e+04
2.054586919568824305e+04
1.401567199314713798e+04
8.884781788765165402e+03
5.013904723304235813e+04
5.764875712985705468e+04
6.146941072587775852e+04
6.078692414063462638e+04
5.575144526232505450e+04
4.829878642476670939e+04
3.818953082002260635e+04
2.803433653269968636e+04
1.911171463319638497e+04
1.210496876050576793e+04
6.374032167073034361e+04
7.326784705616525025e+04
7.810558718658116413e+04
7.722281972827175923e+04
7.081369374490555492e+04
6.121352950213979057e+04
4.838439224388847651e+04
3.550349763390157750e+04
2.419129641076494227e+04
1.531236182574065788e+04
7.513292077325785067e+04
8.634221118816208036e+04
9.202237964583278517e+04
9.096319534051230585e+04
8.455669599283364369e+04
7.198749874836567324e+04
5.688300716705900413e+04
4.172503574804212258e+04
2.841886464931404407e+04
1.797935357019149524e+04
8.212215461496141506e+04
9.435247060370784311e+04
1.005371192367389158e+05
9.935826156467257533e+04
9.228620114328301861e+04
7.854816277307455312e+04
6.205018407362877042e+04
4.550174799776676809e+04
3.098094401529018069e+04
1.959289249608746104e+04
8.323844310873711947e+04
9.561418433703992923e+04
1.018589687438382243e+05
1.006419322811313614e+05
9.344936912590995780e+04
7.951927671505325998e+04
6.280197166797740647e+04
4.604143976330306759e+04
3.134024894486092307e+04
1.981476782718395771e+04
7.823969491402764106e+04
8.985377113524083688e+04
9.570134282394798356e+04
9.576978835738773341e+04
8.779485987703058345e+04
7.469105204053009220e+04
5.897601861467516574e+04
4.322761810092372616e+04
2.941927377504846663e+04
1.859716214898939870e+04
6.819663700780901127e+04
7.830492646797886118e+04
8.338289794081060973e+04
8.349964872151274176e+04
7.652968025640542328e+04
6.509393998130190448e+04
5.138865955439746904e+04
3.766044028605036874e+04
2.562752569608563135e+04
1.619944371508601580e+04
5.512000264685322327e+04
6.327910751599476498e+04
6.736846703071349475e+04
6.755142342336755246e+04
6.189969513717288646e+04
5.264054345751697110e+04
4.155127767439393938e+04
3.044823193824157715e+04
2.071931235469491730e+04
1.309813098620109304e+04
4.130696091640641680e+04
4.741443408547007857e+04
5.137093993663428409e+04
5.071371976326566073e+04
4.646162051297036669e+04
3.950584355074881023e+04
3.118073201805386270e+04
2.284863458389251900e+04
1.554964410211657196e+04
9.832791745107004317e+03
