1.752461125129960010e+03
2.097506382876892076e+03
2.304335340816161988e+03
2.323142271907465783e+03
2.149374280317182638e+03
1.658627280969882349e+03
1.277280072025733261e+03
8.979103436809264167e+02
5.752914339504910686e+02
3.349672409141065259e+02
2.424196115152893981e+03
2.905480895943042924e+03
3.195065729024758184e+03
3.223049670814280034e+03
2.982602761830730742e+03
2.335383777169983205e+03
1.800777488770975879e+03
1.268161184371768286e+03
8.145570175400746393e+02
4.760678692707892878e+02
3.075165560765828104e+03
3.690284838102341382e+03
4.061989643724185953e+03
4.100406671915563493e+03
3.796096433629996227e+03
3.000720874714264028e+03
2.316214896263152696e+03
1.633257467746674820e+03
1.050866076557280394e+03
6.156834484967059780e+02
3.574453995296056746e+03
4.294514083883156673e+03
4.731740787701315639e+03
4.780302305211158455e+03
4.166022274445051153e+03
3.520761949944935623e+03
2.720035326809550497e+03
1.919897800938573710e+03
1.236752181218500482e+03
7.257093499890901285e+02
3.805252373202030412e+03
4.577070507959765564e+03
5.048254541055110167e+03
5.104683644204747907e+03
4.461187281665765113e+03
3.773338786257656466e+03
2.917473195158740054e+03
2.060837961390099736e+03
1.328577212776143369e+03
7.802581037946818014e+02
3.709169416477377126e+03
4.466573595428505541e+03
4.931712465466709546e+03
4.991911870536674542e+03
4.363943184635850230e+03
3.694185884510269716e+03
2.858332155318046716e+03
2.020249982063960033e+03
1.302979250002532808e+03
7.654197671489805543e+02
3.310216367000746231e+03
3.990631802446596794e+03
4.411215369705224475e+03
4.206681627169235981e+03
3.898872814250298688e+03
3.303300002902507458e+03
2.557548841684534182e+03
1.808386880097366657e+03
1.166431190873754304e+03
6.849552469732348072e+02
2.705045331301720580e+03
3.264623914321846769e+03
3.612967059904667167e+03
3.427605822745285877e+03
3.180307845997006552e+03
2.696786781413187782e+03
2.089107584401770055e+03
1.477408129283653352e+03
9.526061239662295748e+02
5.587651345633787514e+02
2.024855714792504386e+03
2.446209220443029608e+03
2.710513746004240147e+03
2.548000047236779665e+03
2.366939949429481203e+03
2.008713184139664463e+03
1.556675229519518780e+03
1.100674813208896239e+03
7.090053454788433100e+02
4.149795831527038672e+02
1.389456559556224192e+03
1.680037049540879480e+03
1.695119871247564106e+03
1.726274325588097554e+03
1.605574052655949117e+03
1.363550570081641808e+03
1.056797492059174374e+03
7.466810715326056425e+02
4.800595191913882900e+02
2.799345628907492483e+02
