1.062775353021633418e+04
1.275586354063138606e+04
1.402746771564897608e+04
1.413183995364556540e+04
1.304262376294359638e+04
1.102864366018417604e+04
8.180379535484665212e+03
5.763774093934461234e+03
3.709594084844102781e+03
2.178328648695106494e+03
1.471510157567507849e+04
1.767184317000593728e+04
1.944163216986035695e+04
1.959166398555242267e+04
1.808398063154425836e+04
1.480043606841165092e+04
1.141507754250193466e+04
8.049120869804184622e+03
5.186031036664005114e+03
3.050082713160175445e+03
1.866235136647550462e+04
2.242388013269659496e+04
2.467970404581192270e+04
2.487787152753350529e+04
2.296817213573124172e+04
1.886932569568262625e+04
1.456013838399109954e+04
1.027277731973488335e+04
6.623756840601100521e+03
3.899764341023128054e+03
2.167272328124183332e+04
2.605375624615567358e+04
2.868667929327838283e+04
2.892707630538683588e+04
2.606419085473303130e+04
2.199764913514321597e+04
1.698091009087932616e+04
1.198616704614657647e+04
7.732705077581123987e+03
4.555815280765792522e+03
2.304207155663300364e+04
2.771301777857872003e+04
3.052673290406325759e+04
3.079446634491784425e+04
2.777758108200390780e+04
2.345231457240115924e+04
1.811033807745010563e+04
1.278798483702746671e+04
8.253067383800556854e+03
4.864396178243830036e+03
2.242569235957275305e+04
2.698419939530806732e+04
2.973721277569138692e+04
3.001087141239875564e+04
2.707349569870349296e+04
2.286618796961797852e+04
1.766345169567108314e+04
1.247592291677524190e+04
8.053501646613546654e+03
4.747545314931731809e+03
1.997903454254494500e+04
2.405113206251144220e+04
2.651725532369215580e+04
2.612338933099877977e+04
2.413048351836558504e+04
2.038790780866130808e+04
1.575359806987575575e+04
1.112916229264585672e+04
7.184680750324367182e+03
4.234969704455825195e+03
1.629408972248947248e+04
1.962371875011829252e+04
2.164630514163169573e+04
2.127959045566564237e+04
1.966503772939208648e+04
1.662091892710189495e+04
1.284595289738756219e+04
9.075895039619676027e+03
5.858503976519882599e+03
3.451852472086201487e+03
1.216692632251739269e+04
1.465911562207532006e+04
1.617795916722820948e+04
1.584466720392870411e+04
1.464934337968723048e+04
1.238574364785417310e+04
9.574245087189856349e+03
6.763995375949767549e+03
4.364567526085632380e+03
2.569478255692574294e+03
8.320777334594929926e+03
1.002855367302226296e+04
1.065609794242670068e+04
1.077977927734635341e+04
9.971323993003887153e+03
8.432931395723571768e+03
6.518945653465444593e+03
4.604172497777265562e+03
2.968677963211577662e+03
1.745153469880465536e+03
