1.248176999047633872e+05
1.508815273458219017e+05
1.668738583748761157e+05
1.688652172031665978e+05
1.563449818539865955e+05
1.324331626851578185e+05
1.039067744289711845e+05
7.381749509418086382e+04
4.801410535851406894e+04
2.860174192325845070e+04
1.728738356187385216e+05
2.089482609703334165e+05
2.310805489610239165e+05
2.338346714531603211e+05
2.165050616483286722e+05
1.851260708396812261e+05
1.436569708966281905e+05
1.020464595218615141e+05
6.636442017454346933e+04
3.952201812726450589e+04
2.190957551007675065e+05
2.647880078172707581e+05
2.928155103645212948e+05
2.962963006649920135e+05
2.743393520225108368e+05
2.343459567690443655e+05
1.818434915582430549e+05
1.291644035366791068e+05
8.399240186839790840e+04
5.001237984527836670e+04
2.541160410924733733e+05
3.070812261837998522e+05
3.395605791443753405e+05
3.435807668540188461e+05
3.203734536504790885e+05
2.715811729811436962e+05
2.107294584733664815e+05
1.496770331561774656e+05
9.732699566175375367e+04
5.794842515813715727e+04
2.697427077795962687e+05
3.259326565282613738e+05
3.603763249229992507e+05
3.646194737229100429e+05
3.399053763515571482e+05
2.881263672784146620e+05
2.235607525981893414e+05
1.587879384913686081e+05
1.032504826223767159e+05
6.147513680501760246e+04
2.620606603722862492e+05
3.166185112278299057e+05
3.500456802022217889e+05
3.541382064656467992e+05
3.301446851337777334e+05
2.798389846064975718e+05
2.171243159439768642e+05
1.542155657731553656e+05
1.002795828908429830e+05
5.970958971137255139e+04
2.330204317199646321e+05
2.815037445064208587e+05
3.111918703787990962e+05
3.170470319520849152e+05
2.935664313631741097e+05
2.488206752020844724e+05
1.930525085976725386e+05
1.371195482211032650e+05
8.916772874573225272e+04
5.309945540049401461e+04
1.896364222217906499e+05
2.290699014184097468e+05
2.532000087376921147e+05
2.581327982386536023e+05
2.389933528825493122e+05
2.025537104068097542e+05
1.571522818329882866e+05
1.116240983752877801e+05
7.259537941445056640e+04
4.323898790053653647e+04
1.412431303240773559e+05
1.705973801760624920e+05
1.885456830302144226e+05
1.924331819476109231e+05
1.781466796387957293e+05
1.509755209632460901e+05
1.171344997956127481e+05
8.320516579650438507e+04
5.412169887463039777e+04
3.224549208812531288e+04
9.627039616281785129e+04
1.162688283009486040e+05
1.299235131004729483e+05
1.313674462782132614e+05
1.216010338863899669e+05
1.030490918138943380e+05
7.995264451149993693e+04
5.680038805715108901e+04
3.695603151415986940e+04
2.202847161188493192e+04
