1.045291654888847552e+04
1.243772053749541919e+04
1.355466434982163082e+04
1.352849990598728800e+04
1.236630361869011358e+04
9.951374201755934337e+03
7.591326370555789254e+03
5.291876423460150363e+03
3.368636088909071987e+03
1.955749675670444958e+03
1.445123679256248579e+04
1.719820633146752880e+04
1.874276194975828184e+04
1.870369745547104685e+04
1.709137648283742237e+04
1.382891576082164102e+04
1.055019563836647831e+04
7.356265906140267361e+03
4.685097526944039600e+03
2.722622729509796500e+03
1.829820043576600074e+04
2.177935278729801212e+04
2.373579431766176640e+04
2.368408168495726568e+04
2.163772199076852849e+04
1.756731001124369141e+04
1.340224451043876070e+04
9.345548287167315721e+03
5.953233631367691487e+03
3.461096057178382580e+03
2.121280162592499619e+04
2.525145234145393624e+04
2.752096482691778510e+04
2.746000673532779547e+04
2.445476482819826924e+04
2.040462768448899806e+04
1.556611111132089354e+04
1.085401646791982785e+04
6.914138708581846913e+03
4.020122740362763125e+03
2.251013262796032359e+04
2.679887304119940745e+04
2.920953226016714689e+04
2.914544055582015426e+04
2.597424319228386594e+04
2.167164334991454962e+04
1.653143603780278863e+04
1.152579505886049810e+04
7.340954723696610017e+03
4.267537953822172312e+03
2.186203450641964810e+04
2.603031588219558762e+04
2.837469940640647474e+04
2.831462653957090151e+04
2.522587905876931472e+04
2.104667898278918801e+04
1.605316006470835782e+04
1.119031523658177321e+04
7.125247915976290642e+03
4.140409689791144956e+03
1.943166590836614705e+04
2.313921025174979150e+04
2.522647475914271490e+04
2.454573954361612050e+04
2.239879856838626074e+04
1.868759635990819152e+04
1.425204720556732718e+04
9.932270096068688872e+03
6.321482210995744026e+03
3.670858895809446949e+03
1.580686024845905195e+04
1.882473859087792152e+04
2.052597294896679523e+04
1.992056560822777101e+04
1.817983602401524331e+04
1.516731106279330561e+04
1.156538231990607528e+04
8.057056825346870937e+03
5.124805185333654663e+03
2.972960852191677986e+03
1.176935671642412126e+04
1.401741872379552296e+04
1.528679711313808184e+04
1.477293136206288000e+04
1.348350593532799212e+04
1.124866178118950666e+04
8.575220862030422722e+03
5.970882328631557357e+03
3.794465182756384820e+03
2.197987169831808387e+03
8.023382367705075012e+03
9.556035681114632098e+03
1.001880621013461678e+04
1.000606279517572693e+04
9.133735621826876013e+03
7.619031547411706015e+03
5.805988008276039182e+03
4.039574670022229839e+03
2.563741222513888260e+03
1.481866780921344343e+03
