7.897478230560768253e+00
8.947289960036959755e+00
7.071507765822151015e+00
3.768190534527692481e+00
1.435462361815433185e+00
5.457580082670538957e-01
3.860193336825997745e-01
5.007351353141373806e-01
7.010842729380765137e-01
8.639641739548850063e-01
2.021815660628279332e+01
2.274819202161240739e+01
1.623378565375998761e+01
6.553032908518796162e+00
1.198075947988268997e+00
5.609557996197002405e-02
5.978203984676091175e-03
1.006906994001962735e-01
3.903279308198209785e-01
1.351716762993462551e+00
4.205548559713376733e+01
4.564957795643740468e+01
2.900428871424317734e+01
8.416842106426555503e+00
2.824112741812413452e-01
5.714571653813089736e-01
7.449996631001946090e-01
1.076531043045514668e-01
2.964178699836069519e+00
1.723325334191224467e+00
6.364590756722056142e+01
6.499283521747628356e+01
3.552962497521679097e+01
6.177745232954192645e+00
4.381622974091827771e-01
4.873243418486433498e+00
4.407135664087049598e+00
9.876311927033233573e+00
4.636070757191548708e+00
2.249582817388573019e+00
6.695674435470066044e+01
6.262695917346113816e+01
2.761540395343459764e+01
1.514414896839197500e+00
4.877571497508782272e+00
1.355445584923547386e+01
2.736308885259891710e+01
1.486903915670522203e+01
6.380902775676042360e+00
2.762845519834612684e+00
4.848150598095109842e+01
4.022674028825706216e+01
1.275321879702540606e+01
8.379409583305190423e-02
2.902698637648588686e+01
4.209940518394620312e+01
3.282971990561800624e+01
1.711562572698456819e+01
7.121506528575197947e+00
2.977734137065243925e+00
2.472567330479808234e+01
1.757688910249924419e+01
3.300737487060095177e+00
1.057842910470840536e+01
3.091009227078304278e+01
3.831589343044031892e+01
2.836505520649551926e+01
1.470802254102261486e+01
6.276082896679591627e+00
2.745196588686086958e+00
9.654050633632627054e+00
5.815109671024990767e+00
5.451725500522690560e-01
1.078808431808388235e+01
2.217959507729522528e+01
2.473034988040776838e+01
1.795436341137572711e+01
9.651537365392609757e+00
4.491855452401376958e+00
2.222972550262270364e+00
3.526591958495794099e+00
1.976523389007998954e+00
1.922101792182380198e-01
7.114179563498592707e+00
1.156009961769628092e+01
1.203904673540517223e+01
8.901560576537438152e+00
5.231502076031596893e+00
2.843609586692293689e+00
1.697836489878916888e+00
1.638342655039152218e+00
1.058801672597891264e+00
3.245250158416600472e-01
3.731473059424470051e+00
5.048206729516054203e+00
5.063668866760168363e+00
3.985030001483768736e+00
2.713255855489068225e+00
1.814595575266270355e+00
1.332879465348211667e+00
