4.592979572571964673e+04
5.336966411344121298e+04
5.733844853526190127e+04
5.695562556666082673e+04
5.230855861326480954e+04
4.358105332016701141e+04
3.413922909010641160e+04
2.470284287207174202e+04
1.650691097620825531e+04
1.018173253528953865e+04
6.043616697361714614e+04
7.023446883878161316e+04
7.546210271403475781e+04
7.495860046884510666e+04
6.883874427370025660e+04
5.748698554354253429e+04
4.503721051514672581e+04
3.259384555868315874e+04
2.178535193997231545e+04
1.344293928733411485e+04
7.352346458221730427e+04
8.545302606475882931e+04
9.181966906659335655e+04
9.120945970511491760e+04
8.376135364751164161e+04
7.005307296124804998e+04
5.488583024768911855e+04
3.972533187959540373e+04
2.655585459088565767e+04
1.639038690246646001e+04
8.268505458784002985e+04
9.611131160270037071e+04
1.032800741032663500e+05
1.025987340911970678e+05
9.299844432429654989e+04
7.886861839851349941e+04
6.179585838012669410e+04
4.472918803067102999e+04
2.990297975475819112e+04
1.845814305737769973e+04
8.595371336974872975e+04
9.992125194601406110e+04
1.073837733445101767e+05
1.066830005858536606e+05
9.673008896561842994e+04
8.203744496921844257e+04
6.428112765650409710e+04
4.652917846914610709e+04
3.110666753292208159e+04
1.920115928701838857e+04
8.258816013801329245e+04
9.601900820981086872e+04
1.032005959563686338e+05
1.025368197478420043e+05
9.295476656201126752e+04
7.883972262693180528e+04
6.177715484018827556e+04
4.471647108868128271e+04
2.989347991124571126e+04
1.845057712791654194e+04
7.334630383758099924e+04
8.528331436706226668e+04
9.167242388385799131e+04
8.989029017256548104e+04
8.252482431017790805e+04
6.999732666255811637e+04
5.484918694896631496e+04
3.970029283759959071e+04
2.653735597134441923e+04
1.637595164885349368e+04
6.020768156443969929e+04
7.001369778709510865e+04
7.526833780952895177e+04
7.371370773022975482e+04
6.768037747453423799e+04
5.740926665140699333e+04
4.498506269821950991e+04
3.255798031811304463e+04
2.175923871342512575e+04
1.342312164081071023e+04
4.568394004896931438e+04
5.312953452166389616e+04
5.712469820325996989e+04
5.583245899084846315e+04
5.126811850154612330e+04
4.348953447378075361e+04
3.407648924623285711e+04
2.465940943762774259e+04
1.647575856741508687e+04
1.015878674091633002e+04
3.204543262444319407e+04
3.727100358153929847e+04
3.928245016118301282e+04
3.905183029559272109e+04
3.586320430266590847e+04
3.042249363454677587e+04
2.383555756370000745e+04
1.724448122705104470e+04
1.151651759322040198e+04
7.095711255452607475e+03
