5.191079521341666259e+04
5.942971521144262806e+04
6.294395431768424169e+04
6.168309452097742178e+04
5.593546727972233202e+04
4.781183870093710721e+04
3.722548962404312624e+04
2.685710806305825099e+04
1.796335927185613764e+04
1.114554919499582684e+04
6.643743639266307582e+04
7.607242175251316803e+04
8.058880462750671722e+04
7.899759244419481547e+04
7.166302216312469682e+04
6.115247678514785366e+04
4.762532042703875777e+04
3.436918122916336870e+04
2.299284718583848007e+04
1.426807769965192892e+04
7.856640037555960589e+04
8.997697106958886434e+04
9.534130871409169049e+04
9.348598144340400177e+04
8.483617493647929223e+04
7.232940396721786237e+04
5.634862571563789970e+04
4.067853881312255544e+04
2.722326947635765828e+04
1.689873198739339205e+04
8.585943511220664368e+04
9.834968812497670297e+04
1.042389694483213825e+05
1.022403112958247220e+05
9.403495170343908831e+04
7.910967044071049895e+04
6.165442210341952159e+04
4.452754337337845209e+04
2.981268375748523249e+04
1.851497084796355921e+04
8.671808331466645177e+04
9.935625826278947352e+04
1.053332159912985226e+05
1.033440808582700120e+05
9.507534087522940536e+04
8.001510436537116766e+04
6.238684220660229767e+04
4.507845846008174703e+04
3.019815382327257976e+04
1.876594528176211315e+04
8.095311062304390362e+04
9.277494942934777646e+04
9.838308065554247878e+04
9.655426965680049034e+04
8.889810417247602891e+04
7.484704771174743655e+04
5.838521192303978023e+04
4.221044748910517956e+04
2.829515160094443490e+04
1.759664222846946723e+04
6.985223124662376358e+04
8.007593633965935442e+04
8.494137889576592715e+04
8.454731705386143585e+04
7.687974444904684788e+04
6.475726843809237471e+04
5.054140389454402612e+04
3.656270894599684834e+04
2.452773317677909290e+04
1.526752455915297469e+04
5.571303682591061806e+04
6.388797939791967656e+04
6.779130835294845747e+04
6.760912594546262699e+04
6.150270041369649698e+04
5.183045698724428075e+04
4.047648708037088363e+04
2.930270089184166136e+04
1.967476173750544331e+04
1.226007969195450096e+04
4.107239530271060357e+04
4.711656869013881806e+04
5.001252551816392224e+04
5.002071943602647661e+04
4.552311124235483294e+04
3.838507282645661326e+04
2.999684588820899080e+04
2.173429170160712602e+04
1.460838459125390000e+04
9.115092055804505435e+03
2.798430606495726897e+04
3.211643322229125988e+04
3.484620032202665607e+04
3.424967985534873878e+04
3.118551316003492320e+04
2.631216198916380745e+04
2.057852471894061819e+04
1.492515122292488741e+04
1.004450664403347400e+04
6.277731784707736551e+03
