6.057386246225338255e+03
6.849122651093939567e+03
7.170712753633250031e+03
6.951446979414988164e+03
6.240747652317554639e+03
4.905856668711724524e+03
3.751115777062635971e+03
2.649302280494216120e+03
1.727084155282487245e+03
1.037870258375538242e+03
7.697283147573141832e+03
8.708382263927924214e+03
9.121472464832599144e+03
8.845658738905369319e+03
7.943159611127556673e+03
6.285332778079046875e+03
4.809979224822988726e+03
3.400822762834890909e+03
2.220157531816128540e+03
1.336778568968731406e+03
9.046242888531816789e+03
1.024042856086584652e+04
1.073162162246023217e+04
1.041169807128646789e+04
9.352869863290350622e+03
7.432306636012835952e+03
5.691984010669028976e+03
4.028011441965164067e+03
2.632489543837746623e+03
1.587293062602507689e+03
9.829942221734660052e+03
1.113418721278133489e+04
1.167480875930445472e+04
1.133278849439406440e+04
9.785669680653751129e+03
8.113322866472901296e+03
6.217835916286710926e+03
4.403490693955338429e+03
2.880370646824138930e+03
1.738532433877191124e+03
9.874321408795856769e+03
1.119143501663734423e+04
1.174219186067832561e+04
1.140536027070280579e+04
9.855917810477667445e+03
8.176910657626841385e+03
6.270709992429070553e+03
4.443909654389006391e+03
2.908790025152208727e+03
1.756914657033841650e+03
9.168472716388871049e+03
1.039831607375358726e+04
1.091766743937648971e+04
1.061225567284585486e+04
9.164163833592250739e+03
7.608146660726180016e+03
5.838274429224556116e+03
4.139889573143759662e+03
2.711179424465745797e+03
1.638202426141472415e+03
7.868951918957119233e+03
8.930749781021408126e+03
9.384089102839892803e+03
8.751104642019347011e+03
7.865190646388566165e+03
6.534308600694836969e+03
5.017334764477472163e+03
3.559537773371386720e+03
2.331863339804577663e+03
1.409078197959548561e+03
6.243205928651103932e+03
7.090867733123491234e+03
7.457213576009249664e+03
6.924915686154296054e+03
6.229023925118379339e+03
5.178708874487918365e+03
3.978720569577314109e+03
2.823739918937602852e+03
1.849972718634856847e+03
1.117452986578055970e+03
4.580069883108706563e+03
5.205881785468160160e+03
5.479999164862668295e+03
5.053941072279251784e+03
4.550082562330640940e+03
3.785547973082595036e+03
2.909783021912316144e+03
2.065450568730314899e+03
1.352778066096327848e+03
8.163027199742404036e+02
3.108206216064998898e+03
3.535574004687848173e+03
3.485389834790430541e+03
3.399310945989258016e+03
3.063240220859960118e+03
2.550209608224739895e+03
1.960846537146324408e+03
1.391635584267413833e+03
9.106647640670776127e+02
5.484443969640142313e+02
