1.229023890073895891e+05
1.394078922083499201e+05
1.461261805573379679e+05
1.415412893682397553e+05
1.266897099331317149e+05
1.047798894131085399e+05
8.120241224495905044e+04
5.747404421333343635e+04
3.761918558046460385e+04
2.277759585356261596e+04
1.580347404281402123e+05
1.792518210562028107e+05
1.878903184022317291e+05
1.820019800467141904e+05
1.629179825834919466e+05
1.362325970527259342e+05
1.042830521413992683e+05
7.380685100016558135e+04
4.830523135421974439e+04
2.924269464279310705e+04
1.877906320301188389e+05
2.129952827913408109e+05
2.232581423803686921e+05
2.162656211737665581e+05
1.935986343656145618e+05
1.617568844706144882e+05
1.238217169585360534e+05
8.763500699535668537e+04
5.735415095494875277e+04
3.471851863789384515e+04
2.062328608340176288e+05
2.339044548921953538e+05
2.451703746135602414e+05
2.374918424204516341e+05
2.144534442851337953e+05
1.775652539559633587e+05
1.359249354915522563e+05
9.620330777557003603e+04
6.296347721951232961e+04
3.811487118390035903e+04
2.093279940011157887e+05
2.374057096785955073e+05
2.488330663302299799e+05
2.410356967249316222e+05
2.176390475223276007e+05
1.802043720334987738e+05
1.379486291866399697e+05
9.763998603422776796e+04
6.390804197517342982e+04
3.869020025051334960e+04
1.963799359742516826e+05
2.227114500978995929e+05
2.334220817896495864e+05
2.260995224178596400e+05
2.042036547291371389e+05
1.690810939765551884e+05
1.294378701120906771e+05
9.162202316397910181e+04
5.997545821496121789e+04
3.631515424638116383e+04
1.702842905966526596e+05
1.931079750011271390e+05
2.023844010955964332e+05
1.977996458754780178e+05
1.771471940386655042e+05
1.466792966689837340e+05
1.122932351135550707e+05
7.949330024192888231e+04
5.204382359499822633e+04
3.151991433248293106e+04
1.364765818235049665e+05
1.547616833807906951e+05
1.621858030547023809e+05
1.586666397749036842e+05
1.420961958384334866e+05
1.176580008300145564e+05
9.008063574139255797e+04
6.377653414689913916e+04
4.176279523833406711e+04
2.530163123818966415e+04
1.010959183505318069e+05
1.146356888686017774e+05
1.201261001968091732e+05
1.176992380714314204e+05
1.054040820527667383e+05
8.727809644942544401e+04
6.682698908765261876e+04
4.732114616319495690e+04
3.099629156742185296e+04
1.878753262755595642e+04
6.920973408388948883e+04
7.847631498570140684e+04
8.337921175475919154e+04
8.075319999125652248e+04
7.231559108782043040e+04
5.988222162728590047e+04
4.585647242116989946e+04
3.247965745307946418e+04
2.128363739903017995e+04
1.290898452847056251e+04
