1.164739222813600645e+05
1.292242937551299838e+05
1.332489064528737217e+05
1.277006945774274354e+05
1.137441919140460959e+05
9.415791888585159904e+04
7.351533372867248545e+04
5.269284050607179961e+04
3.513207807634278288e+04
2.179551240632109329e+04
1.462035732736174832e+05
1.621752643099753768e+05
1.671947158841571945e+05
1.602053939229107345e+05
1.426740172695856600e+05
1.194683995099081221e+05
9.204469588897544600e+04
6.595010970281784830e+04
4.395186331993957720e+04
2.725224316714354063e+04
1.705751108689013927e+05
1.891708042234026361e+05
1.949877140529489843e+05
1.868012741807563871e+05
1.663291674516520288e+05
1.391330027196808660e+05
1.071652873515929823e+05
7.675951716729601321e+04
5.113669729420634394e+04
3.169309279880398390e+04
1.849800026322193735e+05
2.051040728958931286e+05
2.113677212267429277e+05
2.024520706518629158e+05
1.819297415344170295e+05
1.506643712867971626e+05
1.160165759906401072e+05
8.307548332978099643e+04
5.532662591304280068e+04
3.427744411171843967e+04
1.864655122066436161e+05
2.067080450943457836e+05
2.129749075082074269e+05
2.039462128050757165e+05
1.832242317653742502e+05
1.516999308012657275e+05
1.167846371162520227e+05
8.360342452363214397e+04
5.566277686357341008e+04
3.447559196260230237e+04
1.747197806477917475e+05
1.936457906603867887e+05
1.994714348105685785e+05
1.909693788378611498e+05
1.715760433960231603e+05
1.420219714979359414e+05
1.093078692289083992e+05
7.823217113653640263e+04
5.207430962526371877e+04
3.224574715295542774e+04
1.521783837054626201e+05
1.686256693030097231e+05
1.736570411583131936e+05
1.678468805809411278e+05
1.493947657735054090e+05
1.236322264393694059e+05
9.513239956624830666e+04
6.807211708657332929e+04
4.530274863364787598e+04
2.804840492398219067e+04
1.232025590992945508e+05
1.364875639434391342e+05
1.405244721676526242e+05
1.359328834085128619e+05
1.209595285502306069e+05
1.000773870559144998e+05
7.699118008319701767e+04
5.508118188291300612e+04
3.665225875963048020e+04
2.269131499459105544e+04
9.270831230115989456e+04
1.026817973401664349e+05
1.056906062807137350e+05
1.023758656210314657e+05
9.107639118240434618e+04
7.533656465987053525e+04
5.794694666511551623e+04
4.145102447823272087e+04
2.758097494411441221e+04
1.707650113992149272e+04
6.483473591268154996e+04
7.179340970894829661e+04
7.496755306702830421e+04
7.171101401918526972e+04
6.378054090511558024e+04
5.274742002192020300e+04
4.056619028382208489e+04
2.901637322569534081e+04
1.930834653828092632e+04
1.195759242495457875e+04
