4.323669758244910554e+03
4.853635339592749915e+03
5.060278421040692592e+03
4.900296290813910673e+03
4.407667919059317683e+03
3.681948109311319968e+03
3.073388891720089759e+03
2.240558926558100666e+03
1.523523979165489209e+03
9.676089939872767900e+02
5.487070781728242764e+03
6.154843774842324819e+03
6.412706834865067322e+03
6.206669717085687807e+03
5.580454142907898131e+03
4.937508731399464523e+03
3.858754236364553890e+03
2.809721433189472918e+03
1.907688393398279004e+03
1.209275192069980676e+03
6.467051982122137815e+03
7.248629238963887474e+03
7.547231693242012625e+03
7.300372440261120573e+03
6.560403552420409142e+03
5.776509764728312803e+03
4.510479701440019198e+03
3.280974001623927961e+03
2.225022566377232124e+03
1.408404465887637116e+03
7.080872187632069654e+03
7.930723948365935939e+03
8.251610579120104376e+03
7.976400129656539320e+03
7.505982264082186703e+03
6.289680946468767615e+03
4.907269772400281909e+03
3.566552750366083728e+03
2.416422832399693107e+03
1.527936690638082837e+03
7.203886053893625103e+03
8.062473223067911022e+03
8.382474426654787749e+03
8.096945670910706212e+03
7.611375880880455952e+03
6.373335031250988322e+03
4.968898636260456442e+03
3.608700638925913609e+03
2.443189197798417354e+03
1.543728776926598130e+03
6.810688066108101339e+03
7.616657006605802962e+03
7.912768302086678887e+03
7.637064162854980168e+03
7.182987071805183405e+03
6.010333211642930110e+03
4.682736471130869177e+03
3.398780189426969628e+03
2.299838712327219582e+03
1.452549323198422144e+03
5.983639620022932831e+03
6.686631102443504460e+03
6.940843787654928747e+03
7.024308273159302189e+03
6.309545012340086032e+03
5.275827702177624815e+03
4.107984271887544310e+03
2.980171523617668299e+03
2.015946027207544148e+03
1.273163631556984683e+03
4.884864996093707305e+03
5.454589297230842021e+03
5.657023388169767713e+03
5.749051375069760070e+03
5.160091751469032715e+03
4.311858108158140567e+03
3.355668819912444633e+03
2.433621075990810823e+03
1.646162682835372607e+03
1.040008455537298005e+03
3.704722265558888466e+03
4.133685620852620559e+03
4.283164699728756204e+03
4.382617723791673598e+03
3.930651268098845776e+03
3.282565572284223435e+03
2.553660585037623605e+03
1.851823378672336503e+03
1.253033787932785799e+03
7.923819231436355039e+02
2.609090251928576436e+03
2.909098326939946674e+03
3.234908705215922964e+03
3.113720504213992626e+03
2.790579921260206447e+03
2.329341248902267125e+03
1.811794270150677221e+03
1.314185832269635512e+03
8.900086821743178689e+02
5.637972156901824974e+02
