5.845916040715086274e+04
6.600153712890805036e+04
6.927039305608920404e+04
6.758571054752968485e+04
6.130344495481609192e+04
5.169323085373375943e+04
4.133024407903845713e+04
3.021573169238579430e+04
2.056148127515391025e+04
1.302900348146079523e+04
7.599874976103249355e+04
8.578745795207899937e+04
9.002204399258617195e+04
8.782175476362345216e+04
7.965137305621964333e+04
6.820217716002432280e+04
5.356817501331743551e+04
3.914932395652293781e+04
2.662911514170953160e+04
1.686415793711996594e+04
9.183317355742934160e+04
1.036427038631350297e+05
1.087415322577015468e+05
1.060692592073230044e+05
9.619027418293702067e+04
8.224301563521054049e+04
6.458129166557444114e+04
4.718504245958210959e+04
3.208414891434262245e+04
2.031016323739710788e+04
1.031507081924638333e+05
1.163956920812982571e+05
1.221024944689770782e+05
1.190843164887193707e+05
1.092969409917695884e+05
9.223862733322040003e+04
7.241566973464553303e+04
5.289704876518726087e+04
3.595868817890783976e+04
2.275574152322946611e+04
1.077083496663067781e+05
1.215184278139192611e+05
1.274557409639860998e+05
1.242855237916816695e+05
1.140239267525326140e+05
9.621131907600053819e+04
7.552109328492703207e+04
5.515510424598764075e+04
3.748619695369643159e+04
2.371724094043154037e+04
1.045549635237497132e+05
1.179417303534044622e+05
1.236837949781427888e+05
1.205869045313330280e+05
1.106314799977674120e+05
9.333376793727328186e+04
7.325085076018651307e+04
5.348901169058543746e+04
3.634867854997783434e+04
2.299458781771947179e+04
9.435425047326096683e+04
1.064183352477063454e+05
1.115804630983968964e+05
1.100900468190310930e+05
9.983153192432170908e+04
8.420977813896778389e+04
6.608122077469434589e+04
4.824820102712685912e+04
3.278460084748945519e+04
2.073918052544349848e+04
7.915753653678923729e+04
8.926521412715587940e+04
9.357909802111341560e+04
9.241365791806671768e+04
8.378891414899083611e+04
7.066788993814282003e+04
5.544868678487770376e+04
4.048231632370570878e+04
2.750742071076585489e+04
1.740217896957090852e+04
6.173273612586669333e+04
6.960572061704189400e+04
7.295674128932491294e+04
7.215890991135574586e+04
6.541445993933747377e+04
5.516437103786350053e+04
4.328101312633217458e+04
3.159864802602776763e+04
2.147280587950989138e+04
1.358736589218946938e+04
4.474964071045447781e+04
5.045051753964839008e+04
5.379381111562292790e+04
5.241635449716577568e+04
4.751042624077175424e+04
4.006231710874050623e+04
3.143165838836030161e+04
2.294941772976023276e+04
1.559850431271143498e+04
9.874270156873732049e+03
