4.309279064607567852e+05
4.743594239766194951e+05
4.872897451721624820e+05
4.671594783623073017e+05
4.179847962668412947e+05
3.490521031210385845e+05
2.741525577021616627e+05
1.997092372055221058e+05
1.358675567246508435e+05
8.634631859133587568e+04
5.490599659064349253e+05
6.043414297170344507e+05
6.207610510544355493e+05
5.950684354084150400e+05
5.323889248162149452e+05
4.472288870935572195e+05
3.488397301307104062e+05
2.540660451064288500e+05
1.728063616380111780e+05
1.097884475366128609e+05
6.526622554039097158e+05
7.183132471674300032e+05
7.377679195184044074e+05
7.071746094555987511e+05
6.326357903664521873e+05
5.311360598488424439e+05
4.142293535210822010e+05
3.016407125965157175e+05
2.051245609306207916e+05
1.302898338284181664e+05
7.238082750109310728e+05
7.965522829520562664e+05
8.180601896687700646e+05
7.840732931855735369e+05
7.047245214558808366e+05
5.886308016508814180e+05
4.590130092022050521e+05
3.342055723199835047e+05
2.272331597266173922e+05
1.443054298102211906e+05
7.489153543703712057e+05
8.241212656253235182e+05
8.463078321363353170e+05
8.110813999248954933e+05
7.288789498351654038e+05
6.087469602953519206e+05
4.746492669227445149e+05
3.455501222234992892e+05
2.349163632969737519e+05
1.491632537274333881e+05
7.229695673071555793e+05
7.955147207035912434e+05
8.168698586169672199e+05
7.828054112128554843e+05
7.034664387369015021e+05
5.874721584270420717e+05
4.580196346034082235e+05
3.334121500193621614e+05
2.266423988725694071e+05
1.438951175805763924e+05
6.511571240175837884e+05
7.164502897785360692e+05
7.356297345736356219e+05
7.082586039175544865e+05
6.335596031855352921e+05
5.290525108072269941e+05
4.124425460488615790e+05
3.002132330860215006e+05
2.040614689393149165e+05
1.295513125418526761e+05
5.471754466899138642e+05
6.020068504744115053e+05
6.180796061202971032e+05
5.952916709806896979e+05
5.324712393511546543e+05
4.446111010564869503e+05
3.465938097362368717e+05
2.522710797244433488e+05
1.714691045716998342e+05
1.088591427385311108e+05
4.289769740589990397e+05
4.719395573006977793e+05
4.845074453573471983e+05
4.669196231631317642e+05
4.176218939131500083e+05
3.486958326983358129e+05
2.718145218837533030e+05
1.978396147915681358e+05
1.344739583080627490e+05
8.537737809115248092e+04
3.137562414518512087e+05
3.451645427407421521e+05
3.567190790072869277e+05
3.417819934229852515e+05
3.056821991356806247e+05
2.552238497224769671e+05
1.989504045292655937e+05
1.448094755081828043e+05
9.843588746835854545e+04
6.250566849115742662e+04
