1.242359270017103336e+04
1.360834706093033674e+04
1.391871210863694978e+04
1.329358050433004792e+04
1.185712161775421191e+04
9.878507452080644725e+03
7.342826746155095861e+03
5.299811243196691976e+03
3.564861919678428421e+03
2.233022609614994508e+03
1.566813848494772719e+04
1.716598822316112637e+04
1.755972702108918384e+04
1.677168740247005917e+04
1.495844782267083065e+04
1.201754303649858412e+04
9.306028606960095203e+03
6.719270586636648659e+03
4.521976337724042423e+03
2.834682771771001171e+03
1.844416508337431878e+04
2.021177085575770980e+04
2.067859803766105324e+04
1.975241503235499476e+04
1.761727822737841052e+04
1.419328340504030712e+04
1.099322174859687038e+04
7.939539396668569680e+03
5.344983538719535318e+03
3.352145392589293806e+03
2.026231989310461722e+04
2.220915595985739128e+04
2.272635828387469519e+04
2.171160415246561752e+04
1.881390218703559731e+04
1.562741402552574618e+04
1.210614312456081643e+04
8.744908349853008986e+03
5.888349652452308874e+03
3.693823398318018008e+03
2.077076160999156491e+04
2.277183184312119556e+04
2.330722894614575125e+04
2.227091103924741401e+04
1.930898239680965344e+04
1.604141705284364798e+04
1.242872111851827140e+04
8.979027712062392311e+03
6.046560514769728798e+03
3.793316049288848262e+03
1.986619335086849242e+04
2.178555138773813087e+04
2.230335585777484448e+04
2.131695652665059970e+04
1.847464026144819945e+04
1.535091218597925763e+04
1.189523400668101931e+04
8.594206006632111894e+03
5.787382755928813822e+03
3.630340241393071210e+03
1.772807054848924599e+04
1.944594236420054585e+04
1.991378558161350884e+04
1.849086751363999792e+04
1.647728934952403870e+04
1.369359613731530953e+04
1.061205842351911633e+04
7.667184042031381978e+03
5.162521190665239374e+03
3.237435817770966878e+03
1.476047864323340218e+04
1.619516384199671666e+04
1.659003817164783686e+04
1.536688302819535238e+04
1.369671405525159935e+04
1.138457635684054549e+04
8.823174129019962493e+03
6.374256627682791986e+03
4.290859725316063304e+03
2.689418353317109904e+03
1.146748160289129191e+04
1.258551932399399266e+04
1.289685784000718922e+04
1.189936529889320627e+04
1.060859378744565220e+04
8.818922419446133063e+03
6.834727644193257220e+03
4.936773373299022751e+03
3.321713783999699899e+03
2.080252377425515078e+03
8.314633751226710956e+03
9.127674638622582279e+03
8.974063317606922283e+03
8.582506737602803696e+03
7.653264191149094586e+03
6.362660452537252240e+03
4.930557742843076085e+03
3.560058921542508870e+03
2.393624160059085625e+03
1.497115207834517378e+03
