1.468443319673500280e+00
1.177721348855843564e+00
7.351664979228139662e-01
3.982860211903435643e-01
2.708485761710006656e-01
3.142063682966834692e-01
4.806200558622145125e-01
6.926281664799032178e-01
8.598675385408555139e-01
1.050714295812937848e+00
2.087997645127821045e+00
1.499649275449391972e+00
6.647167659772966752e-01
1.640326785197665782e-01
4.020326769766355973e-02
6.960292372344847878e-02
2.399582868729405460e-01
5.264977936217670740e-01
1.244657375087863116e+00
1.077562677250793799e+00
3.083753615448584728e+00
2.086266270358362540e+00
7.188897712822460706e-01
6.149723012989260357e-02
2.729555848359213437e-03
1.007816936919251520e-03
1.171289751985093996e-01
1.796510426350144574e+00
1.286132194823180974e+00
1.079501687083770367e+00
4.163829468038183101e+00
2.836196921664658976e+00
9.661416011904843115e-01
7.975050762318450226e-02
3.658721207786580672e-03
1.475385441948945603e-03
2.622532063249457313e+00
1.659475188735247020e+00
1.189416640268073255e+00
1.026008509988842743e+00
4.674005416757059272e+00
3.369548315139034411e+00
1.389237757752162405e+00
2.895292818820376923e-01
6.143904252796116711e-02
2.694650193092787305e+00
1.802110750522537330e+00
1.188808984359212673e+00
9.490353746762372200e-01
9.149575850648279385e-01
4.222607398112417698e+00
3.317853521840290032e+00
1.803883849972730768e+00
8.187137336480435623e-01
1.565855599454067049e+00
1.277926500743193694e+00
8.614244116450997524e-01
6.662837244446918605e-01
6.793539835659651027e-01
7.889973722108903909e-01
3.171572294094679556e+00
2.750498983055599034e+00
1.971947362691363725e+00
6.252824925846487414e-01
6.383802969495994128e-01
4.553317198123900678e-01
3.311612778115237687e-01
3.558498576468171470e-01
5.060733743268273077e-01
7.053867913400324596e-01
2.170923527813318543e+00
2.062940810772715849e+00
1.844452841456772019e+00
4.323579953027467671e-01
3.265781959589597605e-01
2.106623135162979665e-01
1.860114198553971532e-01
2.758613032035359680e-01
4.698213019127580048e-01
6.945453093588072058e-01
1.529214895209189073e+00
1.543943652313501058e+00
1.572056411571737256e+00
4.685601216864311303e-01
3.332252449425056051e-01
2.414909866431928509e-01
2.460364127758970787e-01
3.568243866120116570e-01
5.489315529200773369e-01
7.487443818119045025e-01
1.206585080649597463e+00
1.242695870016558679e+00
1.316959884969898464e+00
6.203572826171097621e-01
4.984076628992459290e-01
4.250635689277341700e-01
4.393903046281175673e-01
5.407832891412451826e-01
6.917395566837649667e-01
8.338032319420878302e-01
