1.670200776972023596e+05
1.797072637423470733e+05
1.811294103618823574e+05
1.710181652331734076e+05
1.512594581907845859e+05
1.253197604425951140e+05
9.850671449014580867e+04
7.175935416864960280e+04
4.900215347224914876e+04
3.137431022229849987e+04
2.113256273020142398e+05
2.273346672596600256e+05
2.290915300963665068e+05
2.162644623431791551e+05
1.912454881134470634e+05
1.600188893112840015e+05
1.243331759658171359e+05
9.053969284649552719e+04
6.179936326382798143e+04
3.954661209873100597e+04
2.504811579775630671e+05
2.694060519354329444e+05
2.714378260851326049e+05
2.561925120498972246e+05
2.265126813569475780e+05
1.893393967048311024e+05
1.470725791625702113e+05
1.070633361341808195e+05
7.304993828518541704e+04
4.672493161987623898e+04
2.781341753005664214e+05
2.990934198220718536e+05
3.012928938761356403e+05
2.843165868889411795e+05
2.533387884286234039e+05
2.099437642158500094e+05
1.630339195129594009e+05
1.186473479589553172e+05
8.092665115508534655e+04
5.174323261699161958e+04
2.893341981178802089e+05
3.110809298483919119e+05
3.133094717080170522e+05
2.955979385384204215e+05
2.632966206197272986e+05
2.181456438989280141e+05
1.693610433648616308e+05
1.232186039259693498e+05
8.401977865115275199e+04
5.370342629849662626e+04
2.819780844260098529e+05
3.031172557619107538e+05
3.052303796978658065e+05
2.879170417174174800e+05
2.564261875249164295e+05
2.124064971522145788e+05
1.648670028918748139e+05
1.199195382792856108e+05
8.174908888031198876e+04
5.223787284115605144e+04
2.574542610963583866e+05
2.767053099113171920e+05
2.785801551288722549e+05
2.647774365793403122e+05
2.340212695533751103e+05
1.938068311085413734e+05
1.503976526883710758e+05
1.093708700159345462e+05
7.454161576552201586e+04
4.762202280172556493e+04
2.202153199061521445e+05
2.366396466279176529e+05
2.381958464952250361e+05
2.264880510301950562e+05
2.001394235815087741e+05
1.657140910453282413e+05
1.285717193615092983e+05
9.348090429031400708e+04
6.370050533234535396e+04
4.068985169453331036e+04
1.764593203706342611e+05
1.895867158797143493e+05
1.907949061860739312e+05
1.815545758921678353e+05
1.604022195912544266e+05
1.327871950271260284e+05
1.030068885005012417e+05
7.488176078444576706e+04
5.102018311732122675e+04
3.258770146867650328e+04
1.324551948601522308e+05
1.422843013950855820e+05
1.446789115416536806e+05
1.363929177206393797e+05
1.204799932300760993e+05
9.972132274520282226e+04
7.734561449730448658e+04
5.622098852190452453e+04
3.830373819559028198e+04
2.446620841553023638e+04
