8.808249194590379147e+02
8.679188557215205719e+02
8.000746063389856317e+02
6.899113508604174285e+02
5.565698697239552075e+02
3.422493353811832435e+02
2.323182029517444960e+02
1.451804891801403130e+02
8.294258243339248793e+01
4.280772625287200839e+01
1.033717063766405317e+03
1.017941159856785930e+03
9.376635944575278927e+02
8.078334956848456159e+02
6.510114954106566074e+02
4.063061131129153978e+02
2.762592973958011271e+02
1.731201440687074466e+02
9.935268907998515431e+01
5.165968806442294436e+01
1.136706047885941416e+03
1.118682058897925344e+03
1.029791564090587372e+03
8.865962112935241066e+02
7.139652053974920136e+02
4.492102638031598190e+02
3.057114483153119409e+02
1.918914960914363235e+02
1.104287949202889081e+02
5.768076464065910613e+01
1.170547551227163467e+03
1.151307750239743655e+03
1.059239668463285852e+03
9.114961683665626424e+02
6.293580780095875298e+02
4.626448174060126348e+02
3.149472706237183388e+02
1.978270293487314291e+02
1.139908392733395175e+02
5.967120382744783313e+01
1.128395660287910459e+03
1.109212970120169985e+03
1.020047116602060214e+03
8.775002586836603768e+02
6.039536809269321793e+02
4.437999062691321228e+02
3.020327484774359732e+02
1.896813667844887163e+02
1.092885666560735984e+02
5.720843086748828910e+01
1.018054020227146111e+03
1.000194516511813958e+03
9.194726197428161640e+02
7.909003594061300646e+02
5.397560172122916811e+02
3.963126223185702202e+02
2.694737715642253875e+02
1.690472803003317210e+02
9.725199611287374069e+01
5.078817721045423639e+01
8.596009289306549590e+02
8.440770551007135509e+02
7.757833818426196331e+02
5.680607427342221172e+02
4.488364739040452491e+02
3.291358382392500630e+02
2.234345351698353852e+02
1.398569270032196528e+02
8.019854040096461745e+01
4.166704434141194469e+01
6.793827316581491687e+02
6.667859157999390618e+02
6.127984496422535585e+02
4.395524509538487337e+02
3.467858372159135456e+02
2.538155520929094280e+02
1.718597544329876712e+02
1.071806351911752841e+02
6.112185269364508855e+01
3.147404547549638920e+01
5.028488916391337398e+02
4.933061766641932309e+02
4.534304046097788614e+02
3.155232985981496654e+02
2.484156766956607783e+02
1.813056846371145525e+02
1.222797057082856185e+02
7.582209911435924710e+01
4.285830191209136331e+01
2.175328573128988907e+01
3.488956873638591105e+02
3.421448912159388556e+02
2.476714161466146606e+02
2.094810628790384612e+02
1.644356601528758119e+02
1.195106515748379366e+02
8.011846835825677715e+01
4.923552594540658589e+01
2.744357394120590499e+01
1.360992846056008609e+01
