1.408643100835606177e+00
1.064921869775218966e+00
6.125386575831818226e-01
3.065011416108028297e-01
2.110307645639399043e-01
2.748618190581587073e-01
4.596469410934008737e-01
6.867790994436935303e-01
8.610221254069363450e-01
1.048524854423648289e+00
2.082647782746290588e+00
1.393581391166732963e+00
5.411868689950785072e-01
1.009601043372211626e-01
1.828516196470601415e-02
5.407612340997415556e-02
2.352691362278474252e-01
5.363128882567719247e-01
1.227979995711618200e+00
1.068162906317374539e+00
3.348552645778731129e+00
2.172095814007712455e+00
6.939109116572617086e-01
4.783790248204918688e-02
3.889592434088150717e-03
2.681854085202956244e-03
1.440389853002419784e-01
1.702569618201254631e+00
1.233203473079370838e+00
1.055031704563256012e+00
5.015902760287301199e+00
3.453978069129496120e+00
1.253295604034315947e+00
1.599754401114716340e-01
3.829661361068273200e-03
2.792062779611508699e-02
2.261435863866619655e+00
1.450491761891954168e+00
1.085667543504091670e+00
9.806035214318008508e-01
6.183347851084039171e+00
4.725101336644788041e+00
2.258172355497551465e+00
7.149213274918666539e-01
2.917462837763011851e-01
1.903218822044588254e+00
1.290753311745614029e+00
9.092272219505765918e-01
8.086871174998699896e-01
8.517156837616776111e-01
5.947597735137543751e+00
5.090657467077321030e+00
3.218574612330735274e+00
1.819827295934671074e+00
6.995741841886139456e-01
6.019676366419290936e-01
4.388529609554205346e-01
4.185858531126647741e-01
5.388585698833346926e-01
7.199003960693753923e-01
4.531962502517046687e+00
4.304056560668837683e+00
3.449291560825578085e+00
1.107808409577282632e-01
1.379839376680978003e-01
9.962395915141425418e-02
9.734838817701893521e-02
1.863065886170231777e-01
3.901518895780108354e-01
6.429276182588934407e-01
2.963195690198082488e+00
3.046990733252778583e+00
2.914738818783698449e+00
8.790127501497314866e-02
5.382924036145135538e-02
3.054091035974589030e-02
5.025859646332655334e-02
1.570493294975323639e-01
3.816006388210384515e-01
6.458785783733643759e-01
1.897586747304031540e+00
2.029708542667165272e+00
2.149199104077331945e+00
2.117779030541104834e-01
1.323946209889878822e-01
9.726066851153769566e-02
1.331251180949482027e-01
2.656856581247317162e-01
4.867522551516948459e-01
7.160176979521404306e-01
1.352208783244263302e+00
1.441831123495259881e+00
1.564466704787421003e+00
4.570229527070724385e-01
3.577891191618709499e-01
3.138787386273969582e-01
3.543199210585092906e-01
4.799089707623354628e-01
6.544373378407861708e-01
8.153178167077230754e-01
