3.809289296056919483e+01
4.306229164916829433e+01
4.148478211553619843e+01
3.412532405940045521e+01
2.423118472661497691e+01
3.604165427035591840e+00
9.226532286073102496e-01
4.916598505977796268e-02
8.489483098533591454e-02
3.743591276696516812e-01
5.594287176395734917e+01
6.348265949036495925e+01
6.104067801884338706e+01
4.978987319797451505e+01
3.475731981611955490e+01
6.772755566316623899e+00
2.015033629443697460e+00
2.410412505092395519e-01
2.224833800857686783e-02
2.956316364897654814e-01
7.034376985936869175e+01
8.013556575044880503e+01
7.714243021710440473e+01
6.277718367892610019e+01
4.349811714521492689e+01
9.672253703745727904e+00
3.055868628595944880e+00
4.610010160361671661e-01
3.071254886572372632e-03
2.538797082383473791e-01
7.477535670826884484e+01
8.560493840932683440e+01
8.280231274225185700e+01
6.764970989494725018e+01
2.355282297979901074e+01
1.092232505574669688e+01
3.518719184711031733e+00
5.608914966721109119e-01
6.840422614894776888e-04
2.475860413927754855e-01
6.665457603896865635e+01
7.681281521313773908e+01
7.497391665911584369e+01
6.192444393934187019e+01
2.112398139015347098e+01
9.839777802268363516e+00
3.145806945727402937e+00
4.733439900880132556e-01
4.115948397262272039e-03
2.735104859128397181e-01
4.958504479296658474e+01
5.763276832850343112e+01
5.705343080497256381e+01
4.802640660708083686e+01
1.503390653510525965e+01
6.973554932561286890e+00
2.141360899737843937e+00
2.601103350521901114e-01
2.560720406521348191e-02
3.286690011648985554e-01
3.076574619110428799e+01
3.612922830228324500e+01
3.649320399059107700e+01
1.312587122383049199e+01
8.169314480305816417e+00
3.704132937556644745e+00
1.019471961911416313e+00
6.252742655450625742e-02
8.769567660729113423e-02
4.094528957101138400e-01
1.605718231168672361e+01
1.905919245147208230e+01
1.977694953276678902e+01
4.950719927084439753e+00
3.062984481143666837e+00
1.282180956459522125e+00
2.494416451831469317e-01
2.104153796755043118e-03
2.035774411711044063e-01
5.099839231242087045e-01
7.267798574452855043e+00
8.687942590025551581e+00
9.321043883293224752e+00
9.629636351994255161e-01
5.551150879314881159e-01
1.585403827877919503e-01
2.497914284570099640e-04
1.106717108141819922e-01
3.651628102540327436e-01
6.210176683639404560e-01
3.087743987763859721e+00
3.670579648550886365e+00
3.739333592414176592e-04
1.485439767002769531e-03
1.296836195767243557e-03
3.544636005117880739e-02
1.460631086701775494e-01
3.319894893976291228e-01
5.452517310902836867e-01
7.304377755124181748e-01
