2.217569867464692379e+03
3.193078107661662216e+03
3.798114191595019747e+03
3.733067213128353160e+03
3.028824156377235340e+03
2.207658699972668273e+03
1.245534559372483500e+03
5.860001336658374385e+02
2.318956331739887844e+02
7.889088839366229422e+01
4.137372402904832597e+03
5.939449215573447873e+03
7.053249930239306195e+03
6.929533596413699343e+03
5.627650560553302057e+03
4.020330267586858554e+03
2.263220512383154528e+03
1.060297367937866056e+03
4.158631899411020072e+02
1.387445020724131552e+02
6.364811288786764635e+03
9.116148994998833587e+03
1.080953421500246623e+04
1.061218881250991399e+04
8.619791347835149281e+03
6.091567506976471122e+03
3.425723566413095796e+03
1.602158527863011841e+03
6.260384409934899850e+02
2.070053392545322879e+02
8.096990858290899268e+03
1.157409741461140584e+04
1.370289368272992942e+04
1.343815795400794377e+04
1.133135426012892822e+04
7.667824694506497508e+03
4.309785493684791618e+03
2.014647929414990358e+03
7.865060336856522554e+02
2.593669958095791799e+02
8.533466574897496685e+03
1.217485843200130330e+04
1.438922992606388470e+04
1.409001404060716050e+04
1.185671250181665710e+04
8.016014179712983605e+03
4.503475435228569040e+03
2.105513657228978445e+03
8.226953872087462969e+02
2.717292992229218953e+02
7.460056576035982289e+03
1.062292155054159412e+04
1.252975570981597775e+04
1.224451590982411835e+04
1.031162383124773623e+04
6.963176278647004438e+03
3.910074073858678730e+03
1.829174341476626523e+03
7.164118687860350292e+02
2.378994541209967792e+02
5.414576424902164945e+03
7.694980347427669585e+03
9.054755289928421917e+03
9.205105776164009512e+03
7.463546191540028303e+03
5.032488656520436052e+03
2.824548222215189526e+03
1.322954497487760591e+03
5.203640069036737259e+02
1.745429858787037176e+02
3.264154780929871322e+03
4.629923009167255259e+03
5.433057140831135257e+03
5.572013699940397601e+03
4.506282610992992886e+03
3.033415259046467781e+03
1.702235019649206833e+03
7.992737773125196554e+02
3.167564109835598742e+02
1.081077544058965572e+02
1.633353007983658927e+03
2.313137624274448171e+03
2.705967713724790883e+03
2.825674996758144061e+03
2.278602005384611402e+03
1.531580406141829371e+03
8.602617418270665439e+02
4.060889693874999011e+02
1.631623887172767411e+02
5.738771965828074428e+01
6.761979026354581492e+02
9.572580905548197734e+02
1.253848405511480905e+03
1.208585255640356081e+03
9.718217051231513324e+02
6.529965165285666444e+02
3.682000923735541846e+02
1.758256319873699169e+02
7.250184447843014368e+01
2.688406607174943730e+01
