6.997106617632211965e+03
1.058397334931008845e+04
1.327980139078600041e+04
1.383730909595102457e+04
1.198352258486025130e+04
9.006181507528734073e+03
5.461775231707233615e+03
2.781395259530416297e+03
1.196884951096335271e+03
4.403036949193016198e+02
1.269972804753803211e+04
1.922972773220430099e+04
2.416185056243345389e+04
2.521756765332122086e+04
2.187941429582560886e+04
1.629777684228916041e+04
9.878279273703206854e+03
5.019731885441460690e+03
2.149527780357188021e+03
7.828635472073700612e+02
1.914867943025655768e+04
2.903347158249147105e+04
3.653451525330000732e+04
3.819054927077526372e+04
3.318902082503424754e+04
2.461869009731295228e+04
1.492506790170039858e+04
7.578917373947495435e+03
3.237896022842158800e+03
1.173025851462203264e+03
2.400075301570724696e+04
3.644470009875966207e+04
4.593058188223653269e+04
4.808599334973585792e+04
4.267476242848738184e+04
3.100572171285388686e+04
1.881200561357181141e+04
9.555382574873550766e+03
4.079922104203294111e+03
1.474895477641570324e+03
2.500644395561402052e+04
3.803364902308321325e+04
4.800919125591760530e+04
5.034019155910491099e+04
4.472312257595244591e+04
3.253959045353752663e+04
1.976824909987649880e+04
1.005240634841267638e+04
4.295721247286442122e+03
1.553401388407725563e+03
2.164917502173337198e+04
3.298726112037698476e+04
4.171058121304550150e+04
4.380794992741127498e+04
3.903459406308642792e+04
2.845071382518269093e+04
1.731643580064996058e+04
8.823358313279486538e+03
3.779020833351048168e+03
1.370283798205277435e+03
1.556086197718723452e+04
2.376127999566935978e+04
3.010351409298950239e+04
3.239147352221764231e+04
2.837422419043736591e+04
2.072719962072331327e+04
1.264827161780895767e+04
6.464828545835919613e+03
2.779904680088608984e+03
1.013664504091747290e+03
9.272425439504922906e+03
1.419755295792675679e+04
1.802974124690214740e+04
1.956793379302192261e+04
1.718255287843906262e+04
1.258859161125672472e+04
7.709695357086059630e+03
3.958953643285647559e+03
1.713281754124514691e+03
6.307845034192508820e+02
4.568383255307217951e+03
7.021376742574751006e+03
8.944089874828569009e+03
9.849680269428554311e+03
8.675554964018527244e+03
6.381260192392881436e+03
3.928327829920057866e+03
2.031386655807885745e+03
8.880779431001653847e+02
3.322418292122727053e+02
1.851317021256496901e+03
2.861795608497429839e+03
3.907307276652386463e+03
4.137694482812900787e+03
3.659202758627864569e+03
2.706553397402637529e+03
1.678994383717480332e+03
8.777730226935316296e+02
3.901420809691216505e+02
1.499263619628354718e+02
