3.098482810560007579e+02
4.460462671286267664e+02
5.385903982303002522e+02
5.438984704892558284e+02
4.591366773546673130e+02
2.565309214508866376e+02
1.416105346981278501e+02
6.236173833761930041e+01
2.098035341123408415e+01
4.760364955874432091e+00
5.635463893879824582e+02
8.152784379008957103e+02
9.862759824049929875e+02
9.953541663118703582e+02
8.375203733401074260e+02
4.952419576535211831e+02
2.757815718295331635e+02
1.237126823443381767e+02
4.338549288343443777e+01
1.097829191183550535e+01
8.619019069622887628e+02
1.250747556747166527e+03
1.515032814566272918e+03
1.528624942479812489e+03
1.283866246626650309e+03
7.823799286425156652e+02
4.373850007971288392e+02
1.978740399789527942e+02
7.074320355156308437e+01
1.880507395873905452e+01
1.101788810202375998e+03
1.602287090940492590e+03
1.943079203030218650e+03
1.960977873658257749e+03
1.487462558887765454e+03
1.017502275448753835e+03
5.696033285952894403e+02
2.584734239036035319e+02
9.309476949816189517e+01
2.524190481165033617e+01
1.173456329397432000e+03
1.709345056253778466e+03
2.075456582987792444e+03
2.096153184623480684e+03
1.595710153939279962e+03
1.091694238491117630e+03
6.109841806638190747e+02
2.770982482078919702e+02
9.975443858962358945e+01
2.707078132816134541e+01
1.039671579363916180e+03
1.516483191647520243e+03
1.843885066821916098e+03
1.864729693821054298e+03
1.412662966228584082e+03
9.661734757374763376e+02
5.398459489709938453e+02
2.439168320111499781e+02
8.714415350548156880e+01
2.326761929868274947e+01
7.661345232585255189e+02
1.118504994100811018e+03
1.362138344470170750e+03
1.235608590722498775e+03
1.030015711682741085e+03
7.038356238823459989e+02
3.919178336369568569e+02
1.757020843464366635e+02
6.173821325689802109e+01
1.586192113528897174e+01
4.703420814275410180e+02
6.866787758882131811e+02
8.375876639622990751e+02
7.382504360480043033e+02
6.159033549625621617e+02
4.199945834137385532e+02
2.323569880015180331e+02
1.026718545283441415e+02
3.495419752095501309e+01
8.309976354661330333e+00
2.418097547286321856e+02
3.523393310393022375e+02
4.302741900512509119e+02
3.588295268691109641e+02
2.994655289312884179e+02
2.032681881495522305e+02
1.110557976843360422e+02
4.773843872269542032e+01
1.527489030601189590e+01
3.074361958635263292e+00
1.054438165370359997e+02
1.526743803600649017e+02
1.357777866308935018e+02
1.395206658102487722e+02
1.162933898927133356e+02
7.810247480428444078e+01
4.157183276512844117e+01
1.687136490960235591e+01
4.702741089386706541e+00
6.010024072535893325e-01
