1.635782503504326302e+00
9.447798926526987939e-01
2.781312703647991769e-01
2.251163246000766407e-02
3.574152679897673462e-04
2.363996353834888972e-02
1.830150338274558752e-01
4.768086830902259488e-01
7.478704434548002489e-01
1.098181384518635673e+00
3.528540240492854085e+00
1.886159369803495522e+00
3.095222315034247829e-01
3.666142897301606640e-02
2.695917458579068504e-01
1.327862249001236505e-01
3.637962381700544662e-03
2.380952458373712666e-01
1.497698692298603973e+00
1.164107511071705847e+00
8.946126390874557188e+00
5.492642799719421376e+00
1.255867346164322829e+00
9.552614597668842439e-03
5.556408553206243495e-01
4.650465522833248655e-01
3.622165748830313142e-02
2.732758642284353723e+00
1.647359865196955431e+00
1.205599862561253843e+00
1.981625396343137524e+01
1.465976415546108846e+01
5.485477789225388534e+00
5.096271368074021257e-01
9.320699207451134394e-02
2.274698020600807447e-01
4.391925783913182002e+00
2.566613737074759705e+00
1.570209927898263080e+00
1.169338072096700820e+00
3.247011902796128169e+01
2.801245910384396254e+01
1.469501407294591289e+01
4.225013579969241206e+00
5.997089785583974431e-01
2.877696703396673161e+00
2.532293394086569727e+00
1.726363721247988314e+00
1.230742027613546341e+00
1.039576103249337136e+00
3.710483606145852775e+01
3.588067175181743806e+01
2.348507544000888458e+01
1.069012233289503655e+01
2.779321336579096044e-04
4.778455748676791459e-01
7.923676386762760204e-01
8.130701453145241508e-01
8.181177746586881794e-01
8.711752314219332050e-01
2.946922247275839268e+01
3.094735280234285213e+01
2.364477172763383450e+01
3.022601383246948714e+00
5.047030109287138355e-01
1.195042520850431254e-03
1.155888266018759991e-01
3.218133347485171436e-01
5.435266522619545126e-01
7.457856613818784064e-01
1.687769756149675615e+01
1.874173347700380532e+01
1.608732695013845415e+01
1.897947785684946265e+00
5.309635118156116329e-01
4.879474085973419667e-02
2.329038969736628439e-02
1.990259057003807841e-01
4.602236361033007483e-01
7.072799655234945915e-01
7.655291569684942843e+00
8.731740332969204488e+00
8.201874231826511874e+00
3.499147580029430271e-01
7.477464269068921643e-02
3.782206877935293454e-04
8.038624814338674041e-02
2.744953978291022612e-01
5.247199230803680781e-01
7.482192494003759853e-01
3.296460517701298443e+00
3.723038858369597470e+00
3.719593538515212128e+00
2.352007617826184713e-02
7.288400706552501662e-02
1.601450983422207652e-01
2.945992806979723100e-01
4.754902845631871489e-01
6.701783094322414369e-01
8.297290972023139144e-01
