2.525597089212795254e+04
3.432618271070950141e+04
4.020344981888577604e+04
4.056687685925506230e+04
3.526345650519493211e+04
2.576443063604237614e+04
1.653026810160253808e+04
9.107346036994107635e+03
4.300848485614257697e+03
1.734318450122734248e+03
4.215651947969304456e+04
5.732889707318208821e+04
6.716664775572453800e+04
6.778235892994944879e+04
5.891642878553832998e+04
4.327492072066410037e+04
2.778478728260068601e+04
1.532633589714771006e+04
7.252792845389655668e+03
2.935919567652259502e+03
6.065063230724967434e+04
8.251434014670716715e+04
9.670097183946252335e+04
9.760244279605991323e+04
8.483824182045714406e+04
6.250659284762915922e+04
4.015048974036479194e+04
2.216288237580585337e+04
1.050041202112875180e+04
4.259675890436284135e+03
7.517226427306867845e+04
1.023065921955043741e+05
1.199276924429234787e+05
1.210683230939093919e+05
1.039529425922290393e+05
7.767071388541324995e+04
4.990539209539989679e+04
2.755846724567550700e+04
1.306482961056739259e+04
5.305715943121306736e+03
8.024354588328054524e+04
1.092419529410187679e+05
1.280916342558993783e+05
1.293390330911310593e+05
1.111194542142272549e+05
8.304144310225902882e+04
5.336595376528553606e+04
2.947482965122791938e+04
1.397630342881119395e+04
5.677621011578246907e+03
7.376156898699095473e+04
1.004454869115927577e+05
1.178100311351413111e+05
1.189892922077510448e+05
1.022017878750807722e+05
7.638979800689552212e+04
4.909593991232782719e+04
2.711633559684028660e+04
1.285604696431601405e+04
5.220518740177718428e+03
5.838527135298093344e+04
7.952631788655804121e+04
9.330164076741966710e+04
9.304149469187619979e+04
8.086894819299347000e+04
6.045284724272155290e+04
3.885294274854481773e+04
2.145434386992759028e+04
1.016595861399941532e+04
4.123283025565088792e+03
3.979920092369000486e+04
5.422071910679913708e+04
6.363167445778804540e+04
6.330279972550678212e+04
5.503464474864567455e+04
4.114385349125673383e+04
2.643891463464652406e+04
1.459178492043102779e+04
6.906319121676865507e+03
2.794797264435623219e+03
2.337153083746386255e+04
3.184287511384331447e+04
3.738037585017390666e+04
3.702363096564875013e+04
3.219561187319204328e+04
2.406859464320954066e+04
1.545993038707164305e+04
8.523671584530993641e+03
4.025891246071967998e+03
1.622564766751630714e+03
1.183255165462851437e+04
1.611888106502577830e+04
1.837980468756783011e+04
1.859740560015012306e+04
1.617527542220716532e+04
1.208901638935522897e+04
7.758073841322506269e+03
4.269053858224448049e+03
2.008803292718749844e+03
8.037879681058329879e+02
