1.071191844929074932e+03
1.645733609015539059e+03
2.191045587839614200e+03
2.523752934101257779e+03
2.513557017740108222e+03
1.982811315870797216e+03
1.457292456224408397e+03
9.183005091562102962e+02
4.943093473741012644e+02
2.255389726416534302e+02
1.655563788505705134e+03
2.548583588099663757e+03
3.395672495504856670e+03
3.910805174670118049e+03
3.891515220225636767e+03
3.118778292045356466e+03
2.292651819675813385e+03
1.446448736698121593e+03
7.809664942943921915e+02
3.586693273525673931e+02
2.213626948224310581e+03
3.411912356842777172e+03
4.548072421174887495e+03
5.237303442671321136e+03
5.207970282100533041e+03
4.209206583182890427e+03
3.093346305998771186e+03
1.951906819781979038e+03
1.054952468903791669e+03
4.858573216676226707e+02
2.555115182372264826e+03
3.941809668367010545e+03
5.256562634834908749e+03
6.053092977905894259e+03
5.710530904311288396e+03
4.879897542339794200e+03
3.584333597968746290e+03
2.260612754801986284e+03
1.221477556707232679e+03
5.627436061919271424e+02
2.542759711350836369e+03
3.925815923674915666e+03
5.237857214179491166e+03
6.032876491732336945e+03
5.690605817386714989e+03
4.861163020516290999e+03
3.568287181758039878e+03
2.248392186466136991e+03
1.213368760587876295e+03
5.581251987937886270e+02
2.180069752011386754e+03
3.368426618707922444e+03
4.497283802261410528e+03
5.182670790437849064e+03
4.869977672444683776e+03
4.159508224628113567e+03
3.051127271271090194e+03
1.919966468627774248e+03
1.033866316856004232e+03
4.738965710299721650e+02
1.609954923104119189e+03
2.489368761957485731e+03
3.326677495272297165e+03
3.593421959359454831e+03
3.575442607089983539e+03
3.054103798494278635e+03
2.238562821327517213e+03
1.406055442095723265e+03
7.545702962764751192e+02
3.438223575295362480e+02
1.024663748231884938e+03
1.585190918227446446e+03
2.120704846115702821e+03
2.255507635277305781e+03
2.247623366649898799e+03
1.920558406678757592e+03
1.406343424686116578e+03
8.809589218148154259e+02
4.702803731115691335e+02
2.122038610715524669e+02
5.632118117971411948e+02
8.711292652407328205e+02
1.166663869991492675e+03
1.206962293998126825e+03
1.205568382521428020e+03
1.030699318222280453e+03
7.535886777650255226e+02
4.700283827452909691e+02
2.487424037432764692e+02
1.103999062221009382e+02
2.687539339531286373e+02
4.148223541884815972e+02
4.655156092457451109e+02
5.468991849918221533e+02
5.481552578881379532e+02
4.688892168480928717e+02
3.418334353006711126e+02
2.115795890216107011e+02
1.102537979219775650e+02
4.748906096339747762e+01
