2.193137552722540931e+03
3.387830276296498141e+03
4.525193718611057193e+03
5.220380078353737190e+03
5.198954714624484950e+03
4.206540449239128066e+03
3.093405155642397858e+03
1.952013451474113481e+03
1.054237416980281978e+03
4.847034794566372966e+02
3.352749576706481548e+03
5.185426509541821360e+03
6.929141428622173407e+03
7.992256548478209879e+03
7.954117144317112434e+03
6.504190017867562347e+03
4.783606550206206521e+03
3.021028081256165933e+03
1.634925296375992730e+03
7.549830623165481711e+02
4.428086410235227049e+03
6.853172368812046443e+03
9.159279800849173625e+03
1.056232965246392632e+04
1.050618131130401525e+04
8.638662187357624134e+03
6.351856355116583472e+03
4.011691241806001926e+03
2.172489885037871318e+03
1.005076495575620697e+03
5.045327785728135495e+03
7.811577188373468744e+03
1.044120519742857869e+04
1.203874422930940818e+04
1.153645264595243134e+04
9.862835868243515506e+03
7.248694392915920616e+03
4.576218604552067518e+03
2.477562391797313467e+03
1.146371290398289148e+03
4.955141167364970897e+03
7.674059650618481101e+03
1.025867750724813595e+04
1.182790750706804465e+04
1.132846334583098178e+04
9.681324734702326168e+03
7.111234644818440756e+03
4.485990761652954461e+03
2.426319660153510995e+03
1.121260553881934356e+03
4.192952844995956184e+03
6.495052000382305778e+03
8.684434698474153265e+03
1.001434146407039043e+04
9.560803883256865447e+03
8.168316040878454260e+03
5.995931962708235915e+03
3.778246796578767771e+03
2.040026022221867834e+03
9.402365623093287468e+02
3.056692554255651885e+03
4.735565127208661579e+03
6.333884867119213595e+03
6.968652359251034795e+03
6.929697342033353380e+03
5.919397649566623841e+03
4.341768554469976152e+03
2.731704937558006804e+03
1.471057266940003501e+03
6.749642933626500962e+02
1.920782821459054730e+03
2.975454203148066426e+03
3.981238267011349308e+03
4.328341193969439701e+03
4.307433747843505444e+03
3.679227491878882120e+03
2.695966646093638246e+03
1.692444267397339900e+03
9.076749724702300455e+02
4.134339873847349054e+02
1.042139581861445549e+03
1.613175284354631685e+03
2.159065861613664310e+03
2.298552777666890051e+03
2.290371690874256274e+03
1.956331202311925836e+03
1.431379227241992567e+03
8.954334841386511243e+02
4.770415500436477600e+02
2.146385054817151286e+02
4.902015054931010809e+02
7.570966601533493758e+02
8.897087457958734831e+02
1.038544137035471067e+03
1.036865036830118015e+03
8.855175326579526427e+02
6.462173981611056206e+02
4.018179451084388347e+02
2.115928498251208509e+02
9.314358990801042637e+01
