3.133989044711115184e+03
4.877916748273081794e+03
6.559996138532535042e+03
7.614931538020417065e+03
7.626834097445948828e+03
6.270234947121031837e+03
4.640296390572021664e+03
2.948319718668246878e+03
1.604965820445952659e+03
7.453497680439354554e+02
4.733823260447346911e+03
7.374777098867818495e+03
9.920561760986025547e+03
1.151365941395954906e+04
1.152484342223597923e+04
9.554742592267901273e+03
7.071170515639245423e+03
4.495431646285687748e+03
2.450946445415642302e+03
1.142057689914876846e+03
6.174097932578128166e+03
9.622950864091675612e+03
1.294554066024433087e+04
1.502071735529740727e+04
1.454132192411795950e+04
1.251238612338325584e+04
9.257456281744012813e+03
5.885161738821495419e+03
3.210039356747347028e+03
1.497794472904708755e+03
6.945121515037616518e+03
1.082697396277387998e+04
1.456498058575044342e+04
1.689610026031606321e+04
1.638128230509464265e+04
1.408946220972314404e+04
1.041953689729413418e+04
6.621069577572738126e+03
3.610283206443216841e+03
1.684490740786380229e+03
6.733445551477448134e+03
1.049795467062010175e+04
1.412218327448681885e+04
1.638033204880391895e+04
1.586950562373021239e+04
1.364373535719129359e+04
1.008419276703121977e+04
6.403249641462426553e+03
3.488253389044371488e+03
1.625628323576747562e+03
5.624606426578969149e+03
8.769383410722235567e+03
1.179738443681200260e+04
1.368390086913015875e+04
1.321688879057180020e+04
1.135926903061090161e+04
8.390212937646070714e+03
5.322080409781660819e+03
2.894746510948142713e+03
1.345823795440038793e+03
4.047933383002629398e+03
6.310712032124990401e+03
8.490744079856393000e+03
9.457293554372261497e+03
9.457002010620164583e+03
8.125737849735979580e+03
5.997229782754876396e+03
3.798748578091030140e+03
2.061282530133702494e+03
9.545510335520932585e+02
2.511177828268509529e+03
3.913698159807279808e+03
5.266444442894014173e+03
5.803294799839983170e+03
5.806232837080438912e+03
4.988018758236611575e+03
3.677817170998625897e+03
2.324842488876402967e+03
1.256921706319710211e+03
5.783611083187411168e+02
1.344903611776652497e+03
2.094135639201444974e+03
2.817999246310869239e+03
3.047434236892934223e+03
3.051945089836854095e+03
2.621493218164324844e+03
1.930150393237325261e+03
1.216241476380027507e+03
6.537079603503442513e+02
2.976164017482202553e+02
6.241646564644164528e+02
9.696201439076594397e+02
1.163652793139113555e+03
1.363524479652223590e+03
1.367664460499782535e+03
1.174444803205301923e+03
8.626333569005724939e+02
5.406458660116850297e+02
2.876459910171442971e+02
1.285123006400690997e+02
