1.941263074123311162e+04
3.244210128605335194e+04
4.631498047067823063e+04
5.648880388451609906e+04
5.885445971195491438e+04
5.328691019468014565e+04
4.057989552497371915e+04
2.642568128260547019e+04
1.472234182777374554e+04
7.025683460611334340e+03
3.023321927605997917e+04
5.053527238207547634e+04
7.218155411426290812e+04
8.810092764212572365e+04
9.187330797735489614e+04
8.298388421297977038e+04
6.324436356098829856e+04
4.121009161398135620e+04
2.296630976015148553e+04
1.095696758886344469e+04
4.019963098261703999e+04
6.722128037863368809e+04
9.607131105293073051e+04
1.173450714830949873e+05
1.224743336771255708e+05
1.105263720553307212e+05
8.430696609969696146e+04
5.497833874275851849e+04
3.065999438948862735e+04
1.463344695509237863e+04
4.566303116383279848e+04
7.639438071477065387e+04
1.092464234750376781e+05
1.335299265452799154e+05
1.409737863923154364e+05
1.258842509278307843e+05
9.610528033714671619e+04
6.272859487241921306e+04
3.501358434549153753e+04
1.672541251761062085e+04
4.433058564414551802e+04
7.420267072658981488e+04
1.061709533622097078e+05
1.298506902313566243e+05
1.372034665270971891e+05
1.226112429297658673e+05
9.368669828577485168e+04
6.120830817386844865e+04
3.420124451681625942e+04
1.635669001882253542e+04
3.679516059760501957e+04
6.161940548341907561e+04
8.820834976998699130e+04
1.079362202623688499e+05
1.142302532837278850e+05
1.021494218827450968e+05
7.811563472246019228e+04
5.108574284041171632e+04
2.857954484250542009e+04
1.368882835183830321e+04
2.611825588462038650e+04
4.375939643998256361e+04
6.266506330385427282e+04
7.781966272380157898e+04
8.139081563791364897e+04
7.282217469649358827e+04
5.573091508443306520e+04
3.648419489976749173e+04
2.043918585362658632e+04
9.808754118596933040e+03
1.585672273414885785e+04
2.657982755814468692e+04
3.807372629886674986e+04
4.748228476294700522e+04
4.966497779884282500e+04
4.445314751762669766e+04
3.404413898208329192e+04
2.231182282734828914e+04
1.252059959312509636e+04
6.024136070506364376e+03
8.231537062550463816e+03
1.380737975018048019e+04
1.978270160670647238e+04
2.484740816774947598e+04
2.598289809847061042e+04
2.326077631846868098e+04
1.782644543851555500e+04
1.169855128254324154e+04
6.579485472191313420e+03
3.177381032999082890e+03
3.649404089561078308e+03
6.129090034908722373e+03
9.163731474552834698e+03
1.117330809175057220e+04
1.167582067888288475e+04
1.045271664528647671e+04
8.017075216315772195e+03
5.270744931783740867e+03
2.974238084103996243e+03
1.444692250015061290e+03
