9.381297681570969871e+03
1.640741806696922868e+04
2.438642705834616208e+04
3.083677674761033632e+04
3.319227524860412086e+04
3.111926223676082373e+04
2.434881922421141644e+04
1.625543686496113696e+04
9.265977142561212531e+03
4.516516646707407745e+03
1.523760277666184084e+04
2.657603924907031615e+04
3.942422453658445738e+04
4.978681099799967342e+04
5.354556840228028159e+04
4.993998860780146788e+04
3.905159070298064034e+04
2.605309305217818837e+04
1.483641671998157472e+04
7.220042171587654593e+03
2.110765389878454880e+04
3.672048855709165946e+04
5.437124598618005984e+04
6.856934895254444564e+04
7.476625188666072791e+04
6.849462053647458379e+04
5.352999084325965669e+04
3.569349939500346954e+04
2.031437043347780127e+04
9.877422399605326063e+03
2.496074983160573538e+04
4.331316151904923026e+04
6.400713322487060941e+04
8.060058564440759073e+04
8.768789772810474096e+04
8.026601263539084175e+04
6.269026301480236725e+04
4.178174092341669166e+04
2.377035196794579679e+04
1.155336462172504434e+04
2.521471212138512783e+04
4.363602553015579178e+04
6.434515519508588477e+04
8.088753871038412035e+04
8.788117945490581042e+04
8.036180664386227727e+04
6.271919271114922594e+04
4.178075768339444767e+04
2.376358296817199880e+04
1.154946116321970840e+04
2.176888288011605255e+04
3.756198951468458836e+04
5.525352813348946074e+04
6.931993812075190363e+04
7.527385592948032718e+04
6.874786536906565016e+04
5.360791828446031286e+04
3.569223777098834398e+04
2.029712966527225217e+04
9.867219025411670373e+03
1.606752454775169099e+04
2.763441688124856228e+04
4.053705987795691908e+04
5.164251469167001051e+04
5.512325274593222275e+04
5.026745931076466513e+04
3.915594959762824874e+04
2.605479976779848585e+04
1.481577837715341775e+04
7.207167700607927145e+03
1.014020294440141333e+04
1.737824002290891076e+04
2.541148222946905298e+04
3.243421169934693899e+04
3.453285138338337856e+04
3.143195408124923415e+04
2.445328176073486975e+04
1.626158514331779770e+04
9.248562697868988835e+03
4.504720962042300926e+03
5.470084001080877897e+03
9.339677344436580825e+03
1.360867212256996208e+04
1.745542855756651261e+04
1.852651179033541121e+04
1.682453676407449530e+04
1.307024726117732644e+04
8.687304070559499451e+03
4.944068686580493704e+03
2.413959596776201579e+03
2.518957094468636114e+03
4.285681769789684950e+03
6.540515326867727708e+03
8.066295938852804284e+03
8.527714187133633459e+03
7.723197350314290816e+03
5.990647038195593268e+03
3.981194854209118148e+03
2.269681538792756328e+03
1.113333112817898154e+03
