1.489064306528253292e+04
2.546657579250752678e+04
3.708082829468698765e+04
4.595056938696365251e+04
4.845127166811562347e+04
4.263386124156373262e+04
3.244296169750164700e+04
2.094772512383986032e+04
1.146049946295568407e+04
5.299705051864572852e+03
2.455903544551464074e+04
4.189340999270264001e+04
6.085815350353389658e+04
7.526422090683266288e+04
7.922465641084828530e+04
6.990481756422923354e+04
5.316076035246183164e+04
3.432503820086732594e+04
1.879520409206634577e+04
8.709773318456233028e+03
3.463577198201520514e+04
5.889665680257856729e+04
8.532753490463514754e+04
1.052852697927135887e+05
1.106146388017733261e+05
9.767447622729215072e+04
7.420715234461035288e+04
4.789287663040478947e+04
2.622881634964315890e+04
1.216672410926169141e+04
4.175777644134074217e+04
7.074973911394985043e+04
1.021864451016496023e+05
1.257650008108639013e+05
1.304024204385185149e+05
1.163477629099261103e+05
8.828254185049103398e+04
5.692944784509832243e+04
3.116606499583964251e+04
1.445968077336037641e+04
4.304025827813865908e+04
7.262323077400392503e+04
1.045323146590868564e+05
1.282838917012852471e+05
1.327111558683982876e+05
1.181761416661608528e+05
8.952917629604469403e+04
5.766327105086743541e+04
3.154027740772301331e+04
1.462563712829156248e+04
3.793725743671863893e+04
6.371594501353755186e+04
9.135732451188116102e+04
1.117545249993222969e+05
1.152098713191720453e+05
1.023593305918559199e+05
7.739779221140270238e+04
4.976865237915734178e+04
2.718403926957746808e+04
1.258971430262399917e+04
2.861168131275472115e+04
4.780014130958492751e+04
6.823708140465743782e+04
8.201840340298548108e+04
8.531713474586386292e+04
7.560091962322610198e+04
5.703119838774865639e+04
3.659458680788258789e+04
1.994764997783728177e+04
9.218509657107722887e+03
1.847928577889207372e+04
3.068465521646972047e+04
4.358401885168717126e+04
5.198290938868083322e+04
5.388809617427806370e+04
4.760314081292250921e+04
3.580756054385149764e+04
2.291271318316779434e+04
1.245379215438187930e+04
5.735992816210813544e+03
1.023557673424466338e+04
1.687422199800283488e+04
2.382741307405686530e+04
2.810525204124035008e+04
2.902064667412585914e+04
2.554138339933078896e+04
1.914380492448900259e+04
1.220492988204306494e+04
6.606511970574547377e+03
3.026946949446164126e+03
4.874099437894212315e+03
7.965308907743877171e+03
1.074986150339400956e+04
1.295355627878100495e+04
1.331456491724700936e+04
1.166581039220960520e+04
8.703627352692332352e+03
5.520946447524635005e+03
2.970241073622384192e+03
1.349483539948909538e+03
