2.616246738473100297e-01
3.306318625144506057e-02
1.761625675703417521e-02
8.708773823148487081e-02
4.830732654055421016e-02
3.179630700812983296e-03
1.617156941969694894e-01
4.769063113440494273e-01
7.561133086303992723e-01
1.091333866502632644e+00
1.336121801330236768e-03
3.577388892746400373e-01
1.190537586383316970e+00
1.699450186911243499e+00
1.248322364129881956e+00
3.722784840036332810e-01
3.635534373133490603e-05
2.368723303673760383e-01
1.470449775159869965e+00
1.147071304556836147e+00
7.718100306278921074e-01
2.687953363482222802e+00
4.874928367374668170e+00
5.502233736873558101e+00
3.824889307957716422e+00
1.394313085010630671e+00
1.064136465075114085e-01
2.744393709866030928e+00
1.590662378812788269e+00
1.170735785263278039e+00
3.547349158485507470e+00
7.241002398552914165e+00
9.643201075376042652e+00
8.789449968779877054e+00
5.224806127660637678e+00
1.671707245123850827e+00
5.369621499076600912e+00
2.581392496803641023e+00
1.477571565043052537e+00
1.111917570403576416e+00
7.330935221193051632e+00
1.126479671879741318e+01
1.149851279734475007e+01
7.955130220160600452e+00
3.413636685988769237e+00
7.688693109469029174e+00
3.531350058238914347e+00
1.729017727669417637e+00
1.115299978977904116e+00
9.642484132083836146e-01
8.707939195727886883e+00
1.096565961100688469e+01
8.525502580570636368e+00
3.869518722741918104e+00
7.986743796119612604e+00
3.373347735630300548e+00
1.410723611311150982e+00
7.976706277096879960e-01
7.069513364834809632e-01
7.911953901554152901e-01
6.045468917437021084e+00
6.492400029145651175e+00
3.631057626491746237e+00
7.946645425549666797e+00
2.978285511569903843e+00
8.983696344363140129e-01
3.404340445427849193e-01
2.992729588449566380e-01
4.535222316313970436e-01
6.740050013121052785e-01
2.164689711597636013e+00
1.978843897184633382e+00
5.954532591156073140e-01
3.373286717202812035e+00
9.614493831539560054e-01
2.090865301466649229e-01
9.522673409719088766e-02
1.755262491805107405e-01
3.906105122504769378e-01
6.504812208366157478e-01
1.888380948923579494e-01
1.120892327035075131e-01
1.529156753989899947e-02
1.550782424117302050e+00
4.845992937780290166e-01
1.561971367503632024e-01
1.296290339086436927e-01
2.480730883146213817e-01
4.721445630334253352e-01
7.085679470855910100e-01
1.060385948624769370e-01
1.593497907788868906e-01
4.298281416276897304e-01
1.007267488898647700e+00
5.100797874695878198e-01
3.209911036929727346e-01
3.249736698194704565e-01
4.501527656349419426e-01
6.353161981396020508e-01
8.061621318397913516e-01
