5.726086441431571438e+04
6.265854494109130610e+04
5.024972706710561033e+04
2.541989853539640171e+04
4.509132489576703847e+03
1.155436476734503458e+03
1.372523056239618745e+04
2.821681149486852519e+04
3.304597586438572034e+04
2.727448890035860677e+04
1.109450316493400314e+05
1.265808995775171206e+05
1.095040928427217441e+05
6.532686663653283904e+04
2.036835649789477611e+04
2.485347853100430484e+02
8.570123435238903767e+03
2.662472909505751522e+04
3.576162760108295333e+04
3.146690386664863036e+04
1.804948375406253035e+05
2.133048044399466307e+05
1.960708806788962102e+05
1.317619885773964925e+05
5.579716568455717788e+04
7.969823087637275421e+03
1.652774584695794147e+03
1.701662284192662628e+04
2.919374452987220502e+04
2.838451260420702965e+04
2.481353856777020846e+05
3.024502759614092647e+05
2.925569426834632177e+05
2.156046448880380485e+05
1.100060489096260280e+05
3.126592926760880437e+04
1.096303394542755996e+03
5.171625381496228329e+03
1.611998990957648675e+04
1.885002199129397559e+04
2.898649661195381195e+05
3.634065972176212235e+05
3.675113640032425756e+05
2.919866259178112959e+05
1.721396652714272204e+05
6.884066612289148907e+04
1.333295480698872780e+04
4.422770057580885705e+00
4.231035452234754302e+03
7.958486798177037599e+03
2.891448012261682888e+05
3.721779616041615955e+05
3.916947323592333705e+05
3.315637371730608866e+05
2.180700118124501896e+05
1.077836549040747777e+05
3.579907442689755408e+04
5.764278227694437192e+03
2.596411204681706941e+00
1.200668058591566250e+03
2.473412431528152083e+05
3.264404412195833283e+05
3.562734845004595118e+05
3.162525844590077177e+05
2.283029593648156442e+05
1.304934899515612342e+05
5.710312307127362146e+04
1.792651669453948489e+04
3.445166726901742095e+03
2.120737581023396103e+02
1.820852332955127931e+05
2.461398124951803766e+05
2.777421207278039074e+05
2.583523226828182815e+05
1.999782685132526967e+05
1.270354993390907766e+05
6.573779367428513069e+04
2.747309788318193387e+04
9.186254954341045959e+03
2.437711882987168792e+03
1.156699141358772467e+05
1.599729964270440105e+05
1.861105786988472973e+05
1.801687745473398827e+05
1.476522637802849931e+05
1.015349453643892339e+05
5.872893653605187865e+04
2.873444579372526277e+04
1.201968929106462019e+04
4.374161519049065646e+03
6.351781346222765569e+04
8.975904987344282563e+04
1.060556155241765373e+05
1.074472397620025586e+05
9.227778168729731988e+04
6.741707741392101161e+04
4.213928007407684345e+04
2.272578638377491370e+04
1.069635955665582696e+04
4.454388027787476858e+03
