2.048973755221003614e+02
2.204571135906322468e+02
1.747875235859741281e+02
8.972926468862964100e+01
1.856332743417559783e+01
7.976320296600143411e-01
1.279299422457160063e+01
3.975370697336956738e+01
5.071161506950539888e+01
4.111655801554712042e+01
4.099530216283177992e+02
4.517778146670493129e+02
3.779936354799795595e+02
2.200065682305955477e+02
6.903485481932101209e+01
1.119610193186106883e+01
6.393232859129176937e+00
3.950811728325899708e+01
5.893399548746197780e+01
5.116091650368254307e+01
6.812874350059551034e+02
7.659514669398690785e+02
6.682836035787619267e+02
4.254998185792692311e+02
1.696271181105433641e+02
4.577601653535000281e+01
1.237909802924086755e-01
2.603980845745850203e+01
5.127209653212191398e+01
4.904032229066250892e+01
9.520405126650530292e+02
1.089313156477468738e+03
9.841139236690249845e+02
6.719456831545726345e+02
3.898598126977331617e+02
1.145034278356834676e+02
7.490711155824333112e+00
7.835927178434078044e+00
3.040285118764104766e+01
3.443388609737827011e+01
1.127175001069419750e+03
1.310697647808720149e+03
1.220701906477455168e+03
8.829311702254523198e+02
5.568480194874880453e+02
2.085738181538208380e+02
3.842711353437206867e+01
5.604515100300589553e-02
9.039463020312203057e+00
1.544360528501645646e+01
1.136296574496648191e+03
1.341894910491122573e+03
1.284687337570107729e+03
9.762967094407513287e+02
6.659891701999983979e+02
2.968456133092331584e+02
8.688195503219326099e+01
1.136279040609483282e+01
2.873960556385719844e-02
2.572611465571831069e+00
9.783865459092827450e+02
1.173254921684482269e+03
1.152416397961373832e+03
1.039669352303145615e+03
6.731454972833125794e+02
3.421563224617285641e+02
1.311585811883433053e+02
3.525328107247631948e+01
5.696694836251515071e+00
3.654339802796247594e-01
7.204869132213094645e+02
8.776119922544984320e+02
8.832256556894450341e+02
8.407194631553660429e+02
5.790931369706780742e+02
3.262508067501616438e+02
1.494284068051861141e+02
5.577728848863871036e+01
1.751862578066287668e+01
5.193925511423286956e+00
4.533302062008007169e+02
5.613589391699716771e+02
5.782771626687385833e+02
5.868719190824338057e+02
4.265841854990770230e+02
2.610672110158992609e+02
1.357170417575857186e+02
6.131038095987315018e+01
2.526366741045023545e+01
1.035407135994398153e+01
2.425784418730738139e+02
3.058559103893113615e+02
3.981135234511984322e+02
3.553581660094810104e+02
2.707629733798460734e+02
1.773991385260076186e+02
1.014588404877965075e+02
5.203943256948965512e+01
2.499905237589519302e+01
1.194608237266317907e+01
