9.887739944146742346e+02
1.109993139291342459e+03
9.949915759041017509e+02
6.856815790956885621e+02
3.351811623964646856e+02
1.355875415947346028e+02
1.580702421791714229e+01
2.153761834743143311e+00
1.857269741416832076e+01
2.440682460980727342e+01
1.947099005110693952e+03
2.209994718884812755e+03
2.026149095493241475e+03
1.458002126337003347e+03
7.785996965593343475e+02
3.398349016143481549e+02
6.583524126528196518e+01
3.277294651311164486e-01
1.335128444197648534e+01
2.516209464466011170e+01
3.224489038090698614e+03
3.694629536195089258e+03
3.450684578998314464e+03
2.569969266885907473e+03
1.466448262105578124e+03
6.901648265099698847e+02
1.810284470123532969e+02
1.475597002256983004e+01
3.504025682361741278e+00
1.730556749978003950e+01
4.516214523900255699e+03
5.218341932450744935e+03
4.951975097286811433e+03
3.795286528480628931e+03
2.477865152787260740e+03
1.151365239289047395e+03
3.699047743184277124e+02
6.300209065955440479e+01
7.718581548060411412e-01
5.740965247514159486e+00
5.368719095723318787e+03
6.251593943885128283e+03
6.017014224398875740e+03
4.727045825729371245e+03
3.191951858203496613e+03
1.595171362103187676e+03
5.932067912593079200e+02
1.465003543705931008e+02
1.682640501775363617e+01
1.168870081457045341e-03
5.429542938063290421e+03
6.369452729760569127e+03
6.210485348280783001e+03
4.987339231710259810e+03
3.484440961495525698e+03
1.850918147482026598e+03
7.692818242503598185e+02
2.387540061855670501e+02
5.050027885670707661e+01
5.830578552824733585e+00
4.678315341760843694e+03
5.528719688290236263e+03
5.456943943186348406e+03
4.741706552866427955e+03
3.234625166356785485e+03
1.810426316948697149e+03
8.216685290310869050e+02
2.981754816615070922e+02
8.544798159138089488e+01
1.951812843821078047e+01
3.436588908215191623e+03
4.092095948761449108e+03
4.086653722985704917e+03
3.647083742336634714e+03
2.561533463730438598e+03
1.500664426424516705e+03
7.318722911894913068e+02
2.979180791421409253e+02
1.027688704503239876e+02
3.146570793653365428e+01
2.151278169792733934e+03
2.582260593174791211e+03
2.608596933496195561e+03
2.405697392587048853e+03
1.735889692301807145e+03
1.059156923785321624e+03
5.488176175805384673e+02
2.442670318029875887e+02
9.576149238675694164e+01
3.475783437077443239e+01
1.145185516360968904e+03
1.386827443068760886e+03
1.571597893918250747e+03
1.365126907328007746e+03
1.010417029906237417e+03
6.397938533434472674e+02
3.495203604331290421e+02
1.674225011633790245e+02
7.236382587214963280e+01
2.958385310432947435e+01
