3.906580577497608374e+03
4.580616317611570594e+03
4.564021147697245397e+03
3.869402126266310006e+03
2.798191712833514885e+03
1.570345040740448667e+03
8.070449281603424652e+02
3.505197007282130244e+02
1.272914132109180230e+02
3.748039154468879985e+01
7.661401858403371989e+03
8.988490014755298034e+03
8.949976759988765480e+03
7.571230907512722297e+03
5.451811579957946378e+03
3.124071521465669775e+03
1.603425955277018375e+03
6.962845801365785974e+02
2.539629460921608484e+02
7.617023922440570516e+01
1.274820186838694099e+04
1.496280479120553173e+04
1.489256607973106657e+04
1.257947173262160504e+04
9.030633750979997785e+03
5.229372760692273914e+03
2.676727340513551098e+03
1.158667205347631807e+03
4.216551839699450284e+02
1.268491349328811566e+02
1.796397671394891586e+04
2.109216623443765275e+04
2.098845251433518933e+04
1.771041124844488149e+04
1.223979270943865231e+04
7.380493703091577117e+03
3.765660549206919313e+03
1.622670215274928523e+03
5.872559621929581226e+02
1.758017983020058921e+02
2.141604676931495487e+04
2.515304001594844158e+04
2.502703240813231969e+04
2.110381666991403472e+04
1.460601533362294504e+04
8.789078024849641224e+03
4.469083200551618575e+03
1.915829374519893463e+03
6.882648727083239919e+02
2.040475215036243810e+02
2.158925111255301090e+04
2.536264868647237017e+04
2.523535190610858626e+04
2.127032553469506092e+04
1.470690984772989032e+04
8.831411655926482126e+03
4.474726348718506415e+03
1.907400242114324783e+03
6.792432525744251279e+02
1.986610541615356738e+02
1.839980327779364234e+04
2.161903502906951326e+04
2.151125174023531144e+04
1.759262216961762533e+04
1.249063396475366244e+04
7.484196097000900409e+03
3.777696392657088836e+03
1.600093256782403159e+03
5.638559310875371011e+02
1.619748521931264520e+02
1.325913445443579258e+04
1.557910672952314599e+04
1.550209833743690433e+04
1.260950897897635150e+04
8.941181085188964062e+03
5.344107118775618801e+03
2.685617190282529009e+03
1.128924355949695610e+03
3.925687033734686224e+02
1.100140662603986215e+02
8.083242180174137502e+03
9.495531659366442909e+03
9.448816037572916684e+03
7.610202717755802041e+03
5.387341450562970749e+03
3.209838086659616238e+03
1.603996248501255650e+03
6.675404532206460999e+02
2.278899805664316034e+02
6.154771812911778994e+01
4.174685438569187681e+03
4.901207109976256106e+03
4.601663210374247683e+03
3.859542603419406532e+03
2.725643688158329496e+03
1.616642167608229101e+03
8.013178263498945171e+02
3.285833873076899749e+02
1.090131683883683280e+02
2.768310960429438694e+01
