3.972243059947816164e+03
4.681251142287403127e+03
4.699207267476186644e+03
4.026416979344953688e+03
2.954496999116177449e+03
1.696876069094886816e+03
8.971053189772007954e+02
4.046105116306306400e+02
1.545574141509271726e+02
4.885994183823449788e+01
7.937011534013443452e+03
9.360476137818624920e+03
9.389055298193366980e+03
8.023678465046625206e+03
5.857631157514987535e+03
3.429233133627597454e+03
1.806339588500316268e+03
8.118354144574143447e+02
3.099440264660855178e+02
9.897046207431232290e+01
1.346832246672231304e+04
1.589274934222119373e+04
1.593303071416306193e+04
1.359002328231308275e+04
9.883519295642474390e+03
5.838543561376246544e+03
3.060945656837714068e+03
1.367504153273886914e+03
5.189155960524983584e+02
1.652587910877015531e+02
1.936978575645883393e+04
2.286768964010292984e+04
2.291838035919389586e+04
1.952076570468783757e+04
1.368350982636959816e+04
8.390972184258307607e+03
4.377155273778681476e+03
1.942008098163164959e+03
7.305416278012497742e+02
2.305426229511022598e+02
2.358439139871488806e+04
2.785561845565926706e+04
2.791261658447267837e+04
2.375019503992073442e+04
1.666341709784602790e+04
1.018607726683663896e+04
5.287196316090450637e+03
2.328744190897927638e+03
8.672941760679391336e+02
2.701889656519958862e+02
2.429811992623833066e+04
2.870971084584467462e+04
2.876654713167844238e+04
2.445868757403514610e+04
1.713843424545617017e+04
1.044482293031494555e+04
5.394997968945422144e+03
2.358558923883400439e+03
8.688365955492674857e+02
2.664226199830541191e+02
2.117762357468577102e+04
2.503050516716506900e+04
2.508012869474092076e+04
2.073362996038277197e+04
1.488317804838448501e+04
9.043473300455385470e+03
4.648174592002437748e+03
2.016302914215676537e+03
7.338363209671177856e+02
2.207662680667157531e+02
1.561646784381886027e+04
1.846132323239826655e+04
1.849875025864302734e+04
1.521867047883824307e+04
1.090644353669504562e+04
6.606657456725657539e+03
3.377946444413727477e+03
1.452790938443555888e+03
5.213588008362629580e+02
1.530954030934511820e+02
9.748005612488541374e+03
1.152406790386018656e+04
1.154818181170321259e+04
9.418425240140384631e+03
6.737204420099597883e+03
4.066831312227569924e+03
2.066763061055884918e+03
8.797645335995404139e+02
3.101149208907803541e+02
8.807061960670679923e+01
5.157270648412554692e+03
6.095227907199478977e+03
5.799772871182450217e+03
4.906557703237416717e+03
3.501460763897049674e+03
2.104158326546402805e+03
1.060905193501281701e+03
4.453474683313566516e+02
1.530077735157458676e+02
4.125430586793910237e+01
