2.137816824360244027e+03
2.358046626499056401e+03
2.200934985971001424e+03
1.734984833090471966e+03
1.153171653893841494e+03
5.479911730587556349e+02
2.389948367127866504e+02
8.201141806311628102e+01
2.047342342919455405e+01
2.875947542160059101e+00
3.588460053762846201e+03
3.959751693702490229e+03
3.695170083787507792e+03
2.910621034918420719e+03
1.931678128914193849e+03
9.512335768937957710e+02
4.206839715612382520e+02
1.484467644309877983e+02
3.948607889889300537e+01
6.710131607421593536e+00
5.122362592638908609e+03
5.653578482724115929e+03
5.275739867741776834e+03
4.154968169708121422e+03
2.756774165222296688e+03
1.385697644253809131e+03
6.185981434368860619e+02
2.222786887286796684e+02
6.146068922005726876e+01
1.157225570959842820e+01
6.207662663638984668e+03
6.852381824515746302e+03
6.395525696603433062e+03
5.038545166587322456e+03
3.117802223222497105e+03
1.700118902500525792e+03
7.641140731180539660e+02
2.780314130087530202e+02
7.883446607851159627e+01
1.576270925098749132e+01
6.381821908930477548e+03
7.045656648031377699e+03
6.578517481810032223e+03
5.186883556526955545e+03
3.217739827116287415e+03
1.759819359375747126e+03
7.949715360211434927e+02
2.918235227940177765e+02
8.409756059562843689e+01
1.739994476060937600e+01
5.564692384972809123e+03
6.144848873026453475e+03
5.741365481663751780e+03
4.532923322887423637e+03
2.805038190903816485e+03
1.537743726422369718e+03
6.972244783433809516e+02
2.574008607591590589e+02
7.482199190864601235e+01
1.568699772767341827e+01
4.116992509412236359e+03
4.547706682232767889e+03
4.253636798098486906e+03
3.137139818194008967e+03
2.064641832394236644e+03
1.133783585588466167e+03
5.151501347854356254e+02
1.905705164178386042e+02
5.539078203463188999e+01
1.149065246236439464e+01
2.587358359880802254e+03
2.859353605306797363e+03
2.678691488514829416e+03
1.945105545974081679e+03
1.281274627511412064e+03
7.040330661811444770e+02
3.197606439401155853e+02
1.178684846699501918e+02
3.380356708789254583e+01
6.685716118526869423e+00
1.384691499298208555e+03
1.531099149175113098e+03
1.437626075749346001e+03
1.014309246327262940e+03
6.681235513879125847e+02
3.665358763339515349e+02
1.656229508567317055e+02
6.020805264778222465e+01
1.662036557533486203e+01
2.907742085623488126e+00
6.343331257944726076e+02
7.017412527228686940e+02
5.621851537347258727e+02
4.420737363830621121e+02
2.905360898010911228e+02
1.583718450629500012e+02
7.049018082669530827e+01
2.472790189193966981e+01
6.219120816252630135e+00
7.856145170802163458e-01
