5.129213755326240971e+03
5.512471821490720686e+03
4.997983175954205763e+03
3.812307444337891866e+03
2.438170964682674366e+03
1.161864068686971905e+03
4.861829687064416703e+02
1.587507442196491922e+02
3.722741858687660255e+01
4.794797355076340750e+00
8.654301398865718511e+03
9.297468239170262677e+03
8.424950457931790879e+03
6.422845632619080789e+03
4.106555485028605290e+03
2.010250946821034404e+03
8.539641627501587209e+02
2.875298790957371580e+02
7.228497614873312216e+01
1.145279099240785037e+01
1.239877986590048567e+04
1.331213232919014263e+04
1.205579996058206234e+04
9.188025544619928041e+03
5.876318780473644438e+03
2.923033858339287690e+03
1.255468197195591529e+03
4.321410060343217765e+02
1.139015265831055075e+02
2.040646862349602841e+01
1.506931797483635637e+04
1.616752802824117316e+04
1.463335261699909461e+04
1.115097421708914953e+04
6.802996478141413718e+03
3.582669170274443331e+03
1.552026295071696950e+03
5.433397814127064294e+02
1.482640611119053631e+02
2.881643690746140507e+01
1.553346476868939862e+04
1.665286206905575455e+04
1.506542722264498661e+04
1.148138512572224317e+04
7.017833007117922534e+03
3.708295469119489098e+03
1.617695731868214807e+03
5.740506242054259474e+02
1.608443351451778938e+02
3.308422930067973056e+01
1.358334490057379298e+04
1.455234782275714861e+04
1.316166212577606166e+04
1.003525559660774525e+04
6.124541211402454792e+03
3.245516528339175238e+03
1.424073000119533162e+03
5.108842100709607621e+02
1.460380909901252835e+02
3.121211160598712198e+01
1.008377328596575717e+04
1.079795087592173149e+04
9.767161269260110203e+03
7.113632423879435919e+03
4.524911766214089766e+03
2.403742494772187456e+03
1.059727835095896125e+03
3.833314988824189413e+02
1.110596192221545806e+02
2.422602700208481608e+01
6.363737698383084535e+03
6.813407364176884585e+03
6.167371669702290092e+03
4.445991746429558589e+03
2.830937719710989768e+03
1.506829189529318000e+03
6.665023329466876021e+02
2.422202118071764119e+02
7.049954434312540741e+01
1.533019921539478148e+01
3.422334722879773835e+03
3.665275680836848551e+03
3.323051375751024807e+03
2.351997342683151146e+03
1.498840747658178088e+03
7.985708415895429653e+02
3.534610005396068573e+02
1.282538061671455125e+02
3.694237729310234641e+01
7.691114351792339932e+00
1.575169915564423263e+03
1.688439681721622719e+03
1.382478446171754058e+03
1.050853003237073153e+03
6.696647206357902178e+02
3.562828476331882825e+02
1.569249500625654719e+02
5.614129591360849503e+01
1.552818583672671338e+01
2.835194715051788883e+00
