1.952326494927417298e+04
2.492954792725715743e+04
2.710577799159849747e+04
2.510217766931940423e+04
1.980027986347530168e+04
1.376422541503046523e+04
7.952522641182918051e+03
3.935465782086517720e+03
1.674199598823248834e+03
6.168860135597496992e+02
2.950798358782047944e+04
3.766327016844062746e+04
4.094173775785107136e+04
3.791289883359420492e+04
2.990840271979073441e+04
2.066597313664764806e+04
1.192452361655326240e+04
5.888273543450334728e+03
2.495606738913506433e+03
9.134138804695600129e+02
3.797323384498702217e+04
4.845029028078200645e+04
5.265287050456782890e+04
4.874696175041879906e+04
3.844895043069010717e+04
2.647797673510292589e+04
1.526301635448953675e+04
7.525347665947307178e+03
3.181638568609775120e+03
1.159682916267036717e+03
4.162552666114585736e+04
5.308987861576507566e+04
5.767298532748937578e+04
5.337370726945541537e+04
4.290512080954880366e+04
2.893427480268290310e+04
1.666479060727331671e+04
8.207030331311443661e+03
3.464182078247568370e+03
1.259599645034517835e+03
3.887599641987355426e+04
4.956078272981356713e+04
5.381123674557437334e+04
4.976977055118500721e+04
4.000725339302718203e+04
2.696098097998187586e+04
1.551581577706383723e+04
7.634213020170153868e+03
3.219136612006122050e+03
1.169307811297112266e+03
3.093626790086667097e+04
3.941715526372838940e+04
4.276747717836537777e+04
3.952103049319524871e+04
3.181269555058427068e+04
2.142144252777027941e+04
1.231814000630503142e+04
6.056702210755357555e+03
2.553024917070888932e+03
9.278338471197077979e+02
2.097320909909746842e+04
2.670488489342871981e+04
2.894747512115756763e+04
2.737545083666869687e+04
2.157801372739774524e+04
1.451665425589628830e+04
8.341506622293070905e+03
4.100069179412063022e+03
1.729286925975065287e+03
6.301638989997705949e+02
1.210840723429673380e+04
1.540542599130655799e+04
1.667866268468391354e+04
1.586813144460389594e+04
1.249286744375091985e+04
8.396641500025307323e+03
4.822394890600768122e+03
2.371256339431180550e+03
1.002411509427872943e+03
3.676074954767733516e+02
5.946766846952661581e+03
7.559873366026242365e+03
8.171951282112864646e+03
7.863472022079469752e+03
6.182660643828958200e+03
4.152167439887720320e+03
2.385030895522618721e+03
1.175039636800967855e+03
4.994934622258774652e+02
1.855610362566499134e+02
2.478532607251200716e+03
3.148924017465342786e+03
3.634534677818184264e+03
3.340745914056572929e+03
2.623365174821377877e+03
1.761571089570592903e+03
1.013647267177797175e+03
5.020385963868911290e+02
2.159958171146970756e+02
8.229808147047832279e+01
