2.616500208581385778e+03
3.312367426494111896e+03
3.579183981068205412e+03
3.298655859135282299e+03
2.592729753746312326e+03
1.576403830208964337e+03
8.754105539237410767e+02
4.071087260224670104e+02
1.563709847541799149e+02
4.803852777619314907e+01
3.910854066201171918e+03
4.952869552027691498e+03
5.349923717541280894e+03
4.925218257788444134e+03
3.863626804877413178e+03
2.384383377974101677e+03
1.325519352669571845e+03
6.182918403699133023e+02
2.392517020190980190e+02
7.484398099125441206e+01
5.000026193188082289e+03
6.333178271691428563e+03
6.838704488884529383e+03
6.290709757382363932e+03
4.651095523207276528e+03
3.062869903287788929e+03
1.702243198145248016e+03
7.943473683187555707e+02
3.080670603615015466e+02
9.704883267605219999e+01
5.461251281629689402e+03
6.917791066867888730e+03
7.468463105165687011e+03
6.866487688142772640e+03
5.084877305010352757e+03
3.345636329841077895e+03
1.857325897527420466e+03
8.655852677149180181e+02
3.352701224437419114e+02
1.055622190385183217e+02
5.092637900771783279e+03
6.451212293148058961e+03
6.964566576703323335e+03
6.402129643116433726e+03
4.729749334875257773e+03
3.108563633786764967e+03
1.722680104317993255e+03
8.006542564459589357e+02
3.088070004100713390e+02
9.654809415084737623e+01
4.053280138858184728e+03
5.134978210230047807e+03
5.544726988151385740e+03
5.098218963218007048e+03
3.741083423764861436e+03
2.455526677503817155e+03
1.357458262991007359e+03
6.282175954215052798e+02
2.404679776997994054e+02
7.410004465347309122e+01
2.753984423028582569e+03
3.489173514152171720e+03
3.769380501773330252e+03
3.236934127840981091e+03
2.512760978993450408e+03
1.646505484811317729e+03
9.070642432473451890e+02
4.170469890440925269e+02
1.576641697234111916e+02
4.736081814194351836e+01
1.598926567778822800e+03
2.025601918418183914e+03
2.189934008296260345e+03
1.842358562198876371e+03
1.429195078598559803e+03
9.341773184902137928e+02
5.119030076369301128e+02
2.329093085207013019e+02
8.623523065012993527e+01
2.476157716572224388e+01
7.953369820994943211e+02
1.006993557466629682e+03
1.089780489107898802e+03
8.836995755044797534e+02
6.846709791230065321e+02
4.456470022492974863e+02
2.419901948566189276e+02
1.081164797378619937e+02
3.855824824143209639e+01
1.015819055390986847e+01
3.410918180072112591e+02
4.310686259809555736e+02
3.845673608461792696e+02
3.537015791475600395e+02
2.732737538564766737e+02
1.764216932162318017e+02
9.415546313202369788e+01
4.061966410653704429e+01
1.343796269663373977e+01
2.924966380997553017e+00
