4.312869728340634538e+03
5.497579888466299963e+03
5.981549638521056295e+03
5.552991175926154938e+03
4.399295122450941562e+03
2.762529446462235683e+03
1.561573503643793856e+03
7.443013470884347953e+02
2.964887806039031943e+02
9.670477236725082548e+01
6.365610501266649408e+03
8.115925157438537099e+03
8.826940128380210808e+03
8.186293606174760498e+03
6.474307368545890313e+03
4.108695680867837837e+03
2.322840982791808074e+03
1.108539959875624163e+03
4.433066551144355572e+02
1.460932505139642785e+02
8.031903103733568969e+03
1.024064925575724919e+04
1.113367228900850023e+04
1.031731523322731118e+04
7.791745205410542439e+03
5.195699981575898164e+03
2.934813170320756399e+03
1.399665435127583123e+03
5.598367821607909036e+02
1.850003623472324819e+02
8.655271824467237820e+03
1.103489998911297698e+04
1.199370052873882014e+04
1.110774750232997394e+04
8.394151039044325444e+03
5.591021907824202572e+03
3.153233744838003076e+03
1.500825938847935959e+03
5.988332989200590646e+02
1.973540883375823682e+02
7.961147491203281788e+03
1.014927964243943097e+04
1.102932337943279163e+04
1.021115222244357392e+04
7.697505962566724520e+03
5.120077670811387179e+03
2.881582893889324623e+03
1.367204335997555518e+03
5.429118874741835725e+02
1.775708072525828527e+02
6.248360084190855559e+03
7.965205161391751972e+03
8.655851754016990526e+03
8.013473820140765383e+03
6.004611809940261082e+03
3.987736928062801780e+03
2.238238825913531855e+03
1.057226477910423455e+03
4.166872674205301905e+02
1.344787252155210524e+02
4.184536331835134661e+03
5.333737425830644497e+03
5.797271623599330269e+03
5.079811967314546564e+03
3.979019715275075214e+03
2.637410998492064209e+03
1.475001417363217570e+03
6.922901016360284530e+02
2.697559768295829485e+02
8.517572307772859119e+01
2.392586779737591769e+03
3.048804451152913771e+03
3.314971324942645424e+03
2.854886677706034334e+03
2.233992387256017082e+03
1.476851708268169432e+03
8.216588090876055048e+02
3.819456635721495559e+02
1.461501070163894269e+02
4.447784528770371537e+01
1.170157444446435875e+03
1.489947539305384680e+03
1.620818922522516687e+03
1.353437272473470102e+03
1.057470957687713053e+03
6.961843902102742732e+02
3.841042528857367415e+02
1.757263100621294711e+02
6.517217246264075925e+01
1.854356991235766472e+01
4.919434644699782098e+02
6.251608167230396020e+02
5.800386714195491322e+02
5.364988446594749121e+02
4.179700313344040410e+02
2.731184593540925221e+02
1.484302006704388077e+02
6.594072573454027975e+01
2.302890623605521370e+01
5.691416609467595755e+00
