2.040334984072465886e+04
2.644501951943103268e+04
2.917134023092029383e+04
2.737343438079774569e+04
2.183133102595507080e+04
1.526812999310677151e+04
8.844486776405492492e+03
4.359888003307776671e+03
1.831705028275876202e+03
6.591742543986382543e+02
3.003956384425628494e+04
3.893561811776857212e+04
4.296704014981535875e+04
4.035221813880970149e+04
3.222604348391718304e+04
2.245481848513508885e+04
1.302370095923355802e+04
6.428572303359983380e+03
2.703646247845819289e+03
9.727179283344577243e+02
3.763977959125903726e+04
4.879182762157350953e+04
5.386497761298182013e+04
5.062455073047494807e+04
4.128702516061606730e+04
2.817449026597451302e+04
1.636963010332405975e+04
8.098386763922970204e+03
3.415220656175411023e+03
1.232261970193851084e+03
4.016337797126335499e+04
5.207086057176701433e+04
5.750608384933255002e+04
5.408270557711746369e+04
4.412628127424386912e+04
3.015689866428682581e+04
1.755891180679199169e+04
8.712650452710026002e+03
3.689102778335211951e+03
1.338098050745761611e+03
3.651587369833418052e+04
4.735058047580679704e+04
5.231085047315600968e+04
4.922610499828280444e+04
4.023934825297546195e+04
2.754640607156731858e+04
1.607917265576564205e+04
8.007601556138394699e+03
3.408359520072752730e+03
1.245478084405929167e+03
2.830442123798474495e+04
3.671140900432819035e+04
4.057025089622193627e+04
3.819805177372982871e+04
3.133556105444890272e+04
2.149153916126782860e+04
1.258160685517614911e+04
6.293458770174550409e+03
2.696387637651328987e+03
9.949952972125943234e+02
1.871664634041447789e+04
2.428442367251225369e+04
2.684601049955656345e+04
2.592814107504416461e+04
2.086746426770633116e+04
1.434312807723606784e+04
8.426076437596599135e+03
4.237622297968192470e+03
1.830670383559339371e+03
6.842336675222236408e+02
1.056524062610768124e+04
1.371619574260878107e+04
1.516910547535449768e+04
1.477679146948449124e+04
1.191015012970621501e+04
8.207977907407956081e+03
4.842779516261564822e+03
2.452249125402417576e+03
1.070851216309266874e+03
4.071561363902793573e+02
5.092821685078488372e+03
6.618629681195658122e+03
7.323880562456917687e+03
7.240281793479204680e+03
5.846548359791401708e+03
4.042962810119568530e+03
2.398983836132346369e+03
1.225963493594953661e+03
5.432906557140486257e+02
2.115665735887941707e+02
2.094837289185827558e+03
2.727796634911170713e+03
3.245103578540990384e+03
3.066120487932114884e+03
2.482258439129974249e+03
1.724734242078160605e+03
1.031677315500656732e+03
5.341894168869598616e+02
2.418396535978107522e+02
9.753905561299298199e+01
