1.615360121811622548e+03
2.268803982104095667e+03
2.521633033178747610e+03
2.803410974215807073e+03
2.468222888069523378e+03
1.863625454828507372e+03
1.209732270511673732e+03
6.778878437488049258e+02
3.302710581540180215e+02
1.417610722290091587e+02
2.319227630920793672e+03
3.300103292856500502e+03
3.987403726128810831e+03
4.098192406147200927e+03
3.830086884464988088e+03
2.884359886140940944e+03
1.865332966576396075e+03
1.039471624160453075e+03
5.020890143092835842e+02
2.125227889036949023e+02
3.124535411018792274e+03
4.434529639783918356e+03
5.347379326695108830e+03
5.487264274774771366e+03
5.077279338876316615e+03
3.815229430625484838e+03
2.460277475030462483e+03
1.365600688139584690e+03
6.558170982763925849e+02
2.751296813150069056e+02
3.572889614368574712e+03
5.059510844946773432e+03
6.089175929010257278e+03
6.237594903917984084e+03
5.742465972050695200e+03
4.306451087336892670e+03
2.770512539414029106e+03
1.533295301835018563e+03
7.335084095524647410e+02
3.060714638399023784e+02
3.470442216944456050e+03
4.904174824812857878e+03
5.890330317410158386e+03
6.021886351737057339e+03
5.538101683711580336e+03
4.145124562699256785e+03
2.661314374816441159e+03
1.469663222467794640e+03
7.014233961298975828e+02
2.919710108640987301e+02
2.863682635646408926e+03
4.038519645894086352e+03
4.839976294735743977e+03
4.936451841495746521e+03
4.554000683957051479e+03
3.401889291165327450e+03
2.180307168589650701e+03
1.202322532821184723e+03
5.733947194964769096e+02
2.388428509400661994e+02
2.006198468668327223e+03
2.823656862192402514e+03
3.375775407382172034e+03
3.671690349519201845e+03
3.194604255399139674e+03
2.381732227222755682e+03
1.524394825198162835e+03
8.402842358503339710e+02
4.012886397560444038e+02
1.679688558384845294e+02
1.191213014149067476e+03
1.673627106162745349e+03
1.995468918450083493e+03
2.206314480538674616e+03
1.914443765718357099e+03
1.424699676769276039e+03
9.112903528836228588e+02
5.029942800517386559e+02
2.413732842778732390e+02
1.021890008350917327e+02
5.971864192536983182e+02
8.381052525877815924e+02
9.963918009289319571e+02
1.136324418851459995e+03
9.831232150160032006e+02
7.306592639520961256e+02
4.677934716138323097e+02
2.593852798376817077e+02
1.258381032788407623e+02
5.447971024810798468e+01
2.506513875642444305e+02
3.520165647164442362e+02
5.030729426433524623e+02
5.047240618318897418e+02
4.354423990411308409e+02
3.236499157481046609e+02
2.080909431120557542e+02
1.166412918555396203e+02
5.784733503340643779e+01
2.609594116836853672e+01
