4.381464655799599761e+00
4.465808466198223137e+00
4.180184688349728006e+00
3.591206105614461741e+00
2.855213556480451942e+00
2.142852948569011762e+00
1.569885166565484935e+00
1.174662220444216754e+00
9.394715726891638141e-01
8.246885855046898195e-01
6.922264273710926119e+00
7.308856334953028444e+00
7.033371345213804915e+00
6.155270637179840243e+00
4.923165202447786548e+00
3.650343678976080586e+00
2.576466369097009323e+00
1.802373150483974396e+00
7.295671896536127798e-01
9.609940238829380865e-01
1.051565480733423108e+01
1.146326625759173545e+01
1.133655918215784197e+01
1.014217061628734662e+01
8.232056459928665859e+00
6.123851311975014866e+00
4.098436164597008338e-03
9.457661781369439136e-02
3.650435073151465648e-01
6.613467802122577899e-01
1.488049947894175062e+01
1.666350329733891300e+01
1.688481320289339394e+01
1.543484688652915438e+01
1.275066613173894758e+01
1.203253394590720227e+00
3.398768346313932320e-01
9.877454416391692749e-03
9.257690275633419230e-02
3.665903729921349830e-01
1.923282448545944590e+01
2.200913709156306908e+01
2.276420819950586605e+01
2.121665451857905538e+01
4.943968638334565568e+00
2.853024182712122769e+00
1.185653015696782386e+00
2.563910220007492025e-01
1.618213045039725142e-05
1.486499476805340780e-01
2.246169931040526535e+01
2.614111044099078995e+01
2.749701409134267749e+01
9.641585328927890330e+00
7.395856456411125102e+00
4.637499834202763793e+00
2.245031757456617871e+00
7.163649533154851090e-01
7.289148209781369514e-02
3.595108119415318243e-02
2.359655608290563933e+01
2.780719548801445029e+01
2.964561965220558548e+01
1.114826680804474712e+01
8.837404164681220919e+00
5.805674135406412972e+00
3.028670066823185625e+00
1.124573067948997362e+00
2.002154233125697791e-01
2.667408252621371757e-03
2.229933530147856402e+01
2.650008303061990844e+01
2.854609107393419265e+01
1.069816416649982393e+01
8.662156174090311467e+00
5.838977202940684563e+00
3.154587340837360365e+00
1.241560647667884432e+00
2.579510278028604997e-01
3.696215798770332629e-05
1.903513259796889656e+01
2.271782831350973808e+01
8.792474686480238333e+00
8.545418048283474732e+00
7.006216662430674980e+00
4.769407021395819513e+00
2.590788384508040387e+00
1.014267737168436545e+00
2.005658248246234288e-01
4.438923618051356405e-04
1.480218082768412202e+01
1.766225074519658378e+01
5.700446632313055595e+00
5.611634545365665971e+00
4.619368696641115157e+00
3.120939607174314734e+00
1.647131356207783837e+00
5.929161609978588210e-01
8.304059380256380296e-02
1.444266965368379112e-02
