6.476856183964740410e+01
1.001658465018488755e+02
1.231444409288883719e+02
1.209991385056355284e+02
9.487273109383458802e+01
5.883543610008494085e+01
2.822494426646343157e+01
9.900337657976795214e+00
2.130486528934420143e+00
1.026675690742906294e-01
1.772685438206530932e+02
2.545590369626170002e+02
3.028463042560391614e+02
2.971101936660752472e+02
1.822030339369998728e+02
1.138989580145245952e+02
5.581679481753848648e+01
2.063840384727370747e+01
5.167131170740097090e+00
5.594380270303064284e-01
2.598017335455080001e+02
3.741214193120281379e+02
4.450377674836699953e+02
4.354898176962299772e+02
2.793851690027003087e+02
1.752042937005415695e+02
8.666335170777658448e+01
3.280675849248679299e+01
8.761305378121669207e+00
1.225140148516674854e+00
3.146222032075727384e+02
4.539533787715354265e+02
5.403266614001762491e+02
5.284138456487801250e+02
3.457755667817232847e+02
2.171615932645656244e+02
1.078277824624482975e+02
4.120418478294148201e+01
1.128632513975459695e+01
1.729184880336030794e+00
3.132037925534297642e+02
4.528495805917910957e+02
5.400543317874296463e+02
5.290437504354562179e+02
3.467660119647901524e+02
2.180534974891176887e+02
1.083724641947565885e+02
4.144377399537685136e+01
1.136324667415204637e+01
1.746303426308984719e+00
2.557105246881295102e+02
3.707020539720840020e+02
4.437291832271263274e+02
4.366155733332926729e+02
2.816413772236073214e+02
1.773709407046213755e+02
8.803435457463541525e+01
3.342616081492402458e+01
8.963931688583230084e+00
1.269492356660815835e+00
1.712671833829533625e+02
2.490638035852061023e+02
2.998563513915161707e+02
2.323667843736746192e+02
1.842838168499810934e+02
1.162341241990202860e+02
5.740370734560720933e+01
2.138877962113195252e+01
5.417670381461317852e+00
6.100618814419987990e-01
9.453496075011817368e+01
1.378440925144027176e+02
1.672625377687332957e+02
1.199948435170846466e+02
9.588122641422408776e+01
6.046867484779765078e+01
2.946757293959759849e+01
1.051921444188752019e+01
2.334888495901269234e+00
1.324161474152705242e-01
4.361577801825096401e+01
6.355946947870221919e+01
7.782955896820597275e+01
4.773148286840137899e+01
3.848784656484988176e+01
2.410859062170061762e+01
1.134064130605126230e+01
3.646721795262645394e+00
5.633640667590241735e-01
2.052737038594443838e-03
1.744030283848630702e+01
2.514754066925930687e+01
1.274443431938333937e+01
1.356802131338623774e+01
1.102873720430934412e+01
6.702838450862079078e+00
2.838849467311524322e+00
6.576208402628725969e-01
1.074994595889945496e-02
1.519371321491890525e-01
