1.892002829498501058e+02
2.836697522682139265e+02
3.424276981323576479e+02
3.341380413951883952e+02
2.636863735942189919e+02
1.677723100699153349e+02
8.527359408729392953e+01
3.380915276206901154e+01
9.790911440461233184e+00
1.649631617083955115e+00
4.403978502016300354e+02
6.313894137840825351e+02
7.468547864270119589e+02
7.275405208077886527e+02
4.914945475876544378e+02
3.133302416250218130e+02
1.605357598315723635e+02
6.502107586808119777e+01
1.991687799991922958e+01
4.011974580910555588e+00
6.470679796712603320e+02
9.284790077929571908e+02
1.097113425522479929e+03
1.065779477275625823e+03
7.389803195524063995e+02
4.709319524160425772e+02
2.417793308174925357e+02
9.868377798196993922e+01
3.092016661247478027e+01
6.688038665527989757e+00
7.821323634447564928e+02
1.122855370871086279e+03
1.326276592839028808e+03
1.286730998322186224e+03
9.016986963731276319e+02
5.740461007898827575e+02
2.945243558923948513e+02
1.202974215526089097e+02
3.789019214267576530e+01
8.369283846768951207e+00
7.749813952214242363e+02
1.113444092229108264e+03
1.316033545180600413e+03
1.277310835581162110e+03
8.946274335610102071e+02
5.690537381468997182e+02
2.913781760954412903e+02
1.185684767924365133e+02
3.709901707194517684e+01
8.089807211143595467e+00
6.282620056904953572e+02
9.038218674031828641e+02
1.070419369858598657e+03
1.041430513802924452e+03
7.210358577358183538e+02
4.584501125058036450e+02
2.340256641815550722e+02
9.447346464017844880e+01
2.901520717859505183e+01
6.028049030920862528e+00
4.164700534718723475e+02
6.002101750093138435e+02
7.133908581462018219e+02
5.957984816111701321e+02
4.700974240558972497e+02
2.988621763593666287e+02
1.518069254020978178e+02
6.040287958429414061e+01
1.788221482367632831e+01
3.340804722197137533e+00
2.261615054428568214e+02
3.264939180006983293e+02
3.900901035715180569e+02
3.099385985381819069e+02
2.455941901855683227e+02
1.560051150926273920e+02
7.848413729421694995e+01
3.037440874033098481e+01
8.355088051241217784e+00
1.226746050541209998e+00
1.013876809927543547e+02
1.463403805717033492e+02
1.759853378397347399e+02
1.264293599963120016e+02
1.007157524861982836e+02
6.368471949014884359e+01
3.134301761364919869e+01
1.142398556515314034e+01
2.654155895355434058e+00
1.849527353050033074e-01
3.837859667620296023e+01
5.503090761242705042e+01
3.794877084243537979e+01
3.858243832337520729e+01
3.086822986185873674e+01
1.917856527412005718e+01
8.906522728058524407e+00
2.772735507195136506e+00
3.739891813073243920e-01
1.379291410206490674e-02
