1.633657904531978886e+02
3.437153343475835641e+02
5.518920567221789497e+02
6.935890838133351508e+02
6.916922215057538779e+02
5.515632792325786795e+02
3.527301059451055494e+02
1.803942777885252440e+02
7.274797969480685822e+01
2.216506560033446860e+01
3.897563367663420308e+02
7.506302088220486439e+02
1.150979380622398367e+03
1.267702867827518048e+03
1.255594035937745502e+03
9.972130861914563411e+02
6.371740083893474775e+02
3.271659936948739755e+02
1.337357300221626701e+02
4.225367401854580152e+01
5.712310590269905788e+02
1.096242991380407830e+03
1.674118091015589698e+03
2.048025937053703274e+03
1.844238373090403684e+03
1.459723436102673077e+03
9.308341152548489390e+02
4.780169723087323064e+02
1.962647037233035689e+02
6.292435020271010870e+01
6.830490699303755946e+02
1.307574128260093175e+03
1.992037920194369008e+03
2.431061349607162811e+03
2.199918176634100746e+03
1.737232190016045934e+03
1.105526389971657636e+03
5.667921645497995087e+02
2.325761063892821596e+02
7.474793251300509667e+01
6.635721713784341773e+02
1.269942439256158877e+03
1.934658312028713226e+03
2.360936053134640588e+03
2.133223153214043577e+03
1.683225758197089590e+03
1.069523381976305245e+03
5.469375000793465915e+02
2.235214671116580121e+02
7.136766687670480280e+01
5.220514328000185742e+02
1.001844974230317462e+03
1.530864954643883721e+03
1.873600957797023057e+03
1.679582986501233108e+03
1.326772367818384964e+03
8.424488939260523921e+02
4.294154394762974221e+02
1.741784497815397685e+02
5.472622701646359644e+01
3.316389595588464658e+02
6.404798798647811964e+02
9.853597918599290324e+02
1.078566914528733832e+03
1.069701933528268682e+03
8.479898724512299850e+02
5.385561668110566416e+02
2.732832533310299823e+02
1.094482020725668292e+02
3.336054077245907479e+01
1.697874298638591597e+02
3.312064694408468313e+02
5.153297372387984296e+02
5.446840622465310844e+02
5.465848822697179230e+02
4.361370403310810389e+02
2.771956108825463048e+02
1.395913136469400513e+02
5.463952489135728285e+01
1.571498035176573183e+01
7.023068720121142405e+01
1.386689757636270883e+02
2.192341551811789202e+02
2.151352658549836008e+02
2.202125965799661174e+02
1.775279583702265143e+02
1.127983349638099355e+02
5.590087611680711888e+01
2.088456822679289715e+01
5.300290953370374147e+00
2.391065367255206908e+01
4.754566548531870041e+01
4.558026117898631213e+01
6.345318303514030589e+01
6.721890711940835672e+01
5.499885193380489312e+01
3.471490797603829748e+01
1.652497526732149780e+01
5.512180185081879458e+00
9.869730744200009287e-01
