8.330600458837842837e+01
1.603503330568853471e+02
2.420776224898966689e+02
2.912151637116976985e+02
2.812808076173720906e+02
2.187145903324318681e+02
1.365965646698915066e+02
6.780837953008612828e+01
2.598262418988909417e+01
7.064222930394515210e+00
2.062366629579712196e+02
3.595982150073342609e+02
5.152962079046673125e+02
6.051324680477210904e+02
4.902579864738412994e+02
3.799312222849503655e+02
2.374164993590283643e+02
1.187620741260222132e+02
4.656986676880345044e+01
1.349831681927250493e+01
2.863458646245321688e+02
4.996114040300947750e+02
7.145389378662862327e+02
8.359414568907378680e+02
6.915905746019612934e+02
5.336877723419204358e+02
3.325755334746251606e+02
1.663824881338577484e+02
6.568140972142377620e+01
1.949858002684455371e+01
3.284565501206872682e+02
5.727545975819123214e+02
8.176255679932531848e+02
9.537467452236382996e+02
7.933375064485604753e+02
6.095999306603943069e+02
3.781976543441570584e+02
1.883968771613332649e+02
7.413607632557805971e+01
2.202279152409151664e+01
3.096447142750781154e+02
5.396335773221393310e+02
7.696480507418121988e+02
8.964814910880426169e+02
7.406886878518978392e+02
5.670252497106016563e+02
3.499039754952208909e+02
1.729901234681403821e+02
6.732424148020398036e+01
1.963707142272024697e+01
2.391528824426437154e+02
4.167912327016535983e+02
5.948507131605937275e+02
6.933263388234407785e+02
5.615657043485383610e+02
4.286955251401968212e+02
2.629292937910304317e+02
1.285597433010955797e+02
4.903746492737388962e+01
1.372808369225510106e+01
1.511509174333177441e+02
2.635741023309010416e+02
3.771866343672846256e+02
3.611161324696883526e+02
3.435568592886002648e+02
2.618355515809691951e+02
1.593964788156178827e+02
7.665316027113415487e+01
2.824585280366646600e+01
7.300555916950411728e+00
7.840354181358384267e+01
1.366938244800570885e+02
1.965204915892453812e+02
1.745599852516331225e+02
1.672982879392104678e+02
1.274197756482235917e+02
7.672381454621468322e+01
3.587577803719437242e+01
1.239697152344465714e+01
2.707078516180111638e+00
3.383232297811942857e+01
5.867884255248683445e+01
8.479632811229940614e+01
6.472810883679741778e+01
6.292697965704502394e+01
4.788245731699202423e+01
2.823479433005742223e+01
1.247696569400636335e+01
3.740705486368969712e+00
5.126337165124714712e-01
1.265157194875252422e+01
2.148062559348351286e+01
1.276790855878653019e+01
1.697221110480835549e+01
1.695776543039334427e+01
1.281920891601136070e+01
7.168461261664174522e+00
2.733097484696106694e+00
5.229943185462072597e-01
8.707524032906151777e-05
