8.722776820364151718e+03
1.564590501780590239e+04
2.273912855948630749e+04
2.688641969750235876e+04
2.593854009723569106e+04
2.046229788863593058e+04
1.321945224835965564e+04
6.998333363101165560e+03
3.032984382648948667e+03
1.071165069959998164e+03
1.523616350871728173e+04
2.703790006372838980e+04
3.905983691028388421e+04
4.603646205433475552e+04
4.352695029364590300e+04
3.429136598093700741e+04
2.212669540406212036e+04
1.170330118888972174e+04
5.071742057916002523e+03
1.794908955352952262e+03
2.092072886594762895e+04
3.712510810143418348e+04
5.361033548129893461e+04
6.313856827711411461e+04
5.979689416367529338e+04
4.705181155656780902e+04
3.031829435914730857e+04
1.601167255032506546e+04
6.928695438778548123e+03
2.450010412613326935e+03
2.352304171362568741e+04
4.175777614149414148e+04
6.030312053941960767e+04
7.100184217830485431e+04
6.726380801115426584e+04
5.287634533953091886e+04
3.402462085024944099e+04
1.793588196080661146e+04
7.743084958631795416e+03
2.730279186188974563e+03
2.162748920541233019e+04
3.843008654759959609e+04
5.553662938343952555e+04
6.541402276310731395e+04
6.192869122009982675e+04
4.865433366560356080e+04
3.126957911578297353e+04
1.645024474652572826e+04
7.080045147831912800e+03
2.485321504655822991e+03
1.623260487421460311e+04
2.889662834275755085e+04
4.182567735215820721e+04
4.932465984689108154e+04
4.661940399586546846e+04
3.662521895923790726e+04
2.351604843538732894e+04
1.234486677761881765e+04
5.293098460339371741e+03
1.846328474224246975e+03
9.924322004614312391e+03
1.771885021193638750e+04
2.571720991723213228e+04
2.970621616023636670e+04
2.864085783860222364e+04
2.251664740830427036e+04
1.444874756712378257e+04
7.567590452541477134e+03
3.229268468874676273e+03
1.116370031216213420e+03
4.928826209686154471e+03
8.837712403371544497e+03
1.288190127929611117e+04
1.479627948044845471e+04
1.431247398372265161e+04
1.127115487296371430e+04
7.231348256226672675e+03
3.777258522608439307e+03
1.601250263434167209e+03
5.460781486658548829e+02
1.982324798778604190e+03
3.574760776066953440e+03
5.242874275509882864e+03
5.946652422821196524e+03
5.783559872049925616e+03
4.568280898161786354e+03
2.931284263054727489e+03
1.525201621458781574e+03
6.398349578765063370e+02
2.132204230229767177e+02
6.444972970179737786e+02
1.169725037562234775e+03
1.567507470407826759e+03
1.904860662946083721e+03
1.868841453122788153e+03
1.482980778643092435e+03
9.513137282722503869e+02
4.913511765936864890e+02
2.020933193355930655e+02
6.434814273106519522e+01
