1.721851027296773111e+02
2.428843017312239283e+02
2.270145279255372657e+02
2.309129574515673085e+02
1.939175795463049781e+02
1.838846437955995157e+02
1.131565541676363154e+02
5.972833147641848939e+01
2.768928357250248240e+01
1.183218017643443964e+01
1.944316429033676457e+02
2.885196090326992930e+02
3.544193077799291700e+02
3.611710688902686002e+02
3.048943472580321554e+02
2.744166527415731593e+02
1.683019260210126049e+02
8.809323708894214633e+01
4.011428874436698777e+01
1.655749843006742950e+01
2.518382697518170517e+02
3.723707064596291048e+02
4.568291779250036484e+02
4.658637542061629233e+02
4.778399009128431771e+02
3.464202418558319323e+02
2.124349414029698266e+02
1.109697608642747326e+02
5.021447240590521943e+01
2.042041738558558350e+01
2.708093268502944397e+02
3.991226150560993347e+02
4.886286912110887783e+02
4.978511146088927717e+02
5.078193813122401821e+02
3.684589313969688646e+02
2.263181550711749423e+02
1.184796642120570738e+02
5.372188383540633794e+01
2.185485158570175201e+01
2.429094291699103394e+02
3.566412317953641491e+02
4.350464952240006937e+02
4.418812188477025984e+02
4.546532366851490679e+02
3.300110057192026716e+02
2.032291572147062197e+02
1.069679170297320354e+02
4.894357496586664524e+01
2.018827874273587142e+01
1.823433434932575494e+02
2.664090792065489950e+02
3.230878096640028616e+02
3.261448436775377218e+02
3.440268780918145808e+02
2.495846625525124125e+02
1.542095889574501371e+02
8.187335157368161731e+01
3.808693780685648989e+01
1.615914791171011800e+01
1.147449087677432829e+02
1.666338210878936366e+02
2.003371548369246966e+02
2.607406944075614206e+02
2.216170486365384988e+02
1.605287711620060804e+02
9.962523043164466685e+01
5.359628865881117576e+01
2.560238808659952170e+01
1.137536267990695116e+01
6.041189056151300463e+01
8.717268680962395422e+01
1.035554423475808221e+02
1.461719597576046397e+02
1.231879097755460606e+02
8.904658523116921742e+01
5.565655620897406664e+01
3.057154878091551709e+01
1.522093650041475321e+01
7.254990655496849072e+00
2.629986577651677848e+01
3.780329489229927020e+01
4.422964122777344897e+01
7.251029388692653299e+01
6.048576973217791419e+01
4.369419923856063548e+01
2.767678557859579058e+01
1.572973569437723107e+01
8.347236789677715763e+00
4.401252339291402471e+00
9.105283391125649217e+00
1.317521030650775415e+01
3.472119330521645253e+01
3.298962034165852231e+01
2.726885455934997893e+01
1.980334120861229863e+01
1.287564208659957643e+01
7.736073731158158218e+00
4.507875190312934599e+00
2.712967002927172633e+00
