2.268458313119084835e+01
3.339636448220561959e+01
4.325227491891378406e+01
4.956312211100797782e+01
5.032140252375887002e+01
4.518951611479448616e+01
3.572168778862189242e+01
2.463370238522305655e+01
1.457730559344126675e+01
7.165957153343605057e+00
4.122410034485390895e+01
5.773690818575657602e+01
7.183929952728648516e+01
7.969421222100639568e+01
7.885606824518127667e+01
6.945635244642986095e+01
5.421216196892524408e+01
3.719992181554593458e+01
2.213206401237789578e+01
2.846239253086886123e+01
6.711003399343994147e+01
8.994060148412758338e+01
1.076701798968005903e+02
1.154577880966301962e+02
1.109341140742833431e+02
9.532696690864237610e+01
1.111241002020456818e+02
8.147682196746980310e+01
5.477545803851961637e+01
3.404431818830105527e+01
9.915481311666884778e+01
1.277466590060312654e+02
1.473477061938243082e+02
1.525745067872368850e+02
1.419168646968955727e+02
1.659422690234919742e+02
1.299024874764440654e+02
9.305909095875173875e+01
6.127365478675916677e+01
3.738463271674655175e+01
1.336233572351189594e+02
1.662930623568835813e+02
1.852574895905783592e+02
1.852867889075936603e+02
2.221794562999221796e+02
1.848491296638379993e+02
1.406409623836249239e+02
9.815463443131422139e+01
6.315773718637015577e+01
3.779692809672622644e+01
1.642194526168040056e+02
1.984691826918188440e+02
2.143359119576134049e+02
2.074576382221551683e+02
2.379389173087892573e+02
1.919455009799317224e+02
1.417010836163335057e+02
9.614472928349441361e+01
6.034296875377859948e+01
3.539078860332105592e+01
1.834333753055578597e+02
2.165150280362674664e+02
2.277240431330396007e+02
2.765598920781117727e+02
2.377442568859893584e+02
1.861778945396306142e+02
1.333923463217068672e+02
8.795281146081680390e+01
5.381243770288588735e+01
3.093245639120759449e+01
1.852548987130829801e+02
2.147644358774457771e+02
2.211180988016251945e+02
2.636582827222218270e+02
2.211767393548028622e+02
1.686791117188512032e+02
1.175867547591821989e+02
7.548419977260245162e+01
4.509476479217190814e+01
2.545932569500144993e+01
1.681050087005358478e+02
1.924111171955851489e+02
1.949061175755024635e+02
2.320281859562273610e+02
1.908855119155878128e+02
1.424718608186674658e+02
9.708590033883213266e+01
6.094980178465348075e+01
3.571383373756800950e+01
1.990584908682844301e+01
1.361076843948669932e+02
1.545325098795156578e+02
1.547150874761484260e+02
1.875933540053718502e+02
1.521909537507631001e+02
1.118435622906717555e+02
7.498859350291840542e+01
4.636239706762012958e+01
2.685118439465124140e+01
1.490597842412562279e+01
