1.139134333600856408e+01
3.386032523569267738e+01
3.443975524078845041e+01
3.060494349831473215e+01
2.415164530097960593e+01
4.692960002788265861e+00
2.031489545220461324e+00
6.046963775692043574e-01
6.494366957739473867e-02
2.160986120771297286e-02
3.786812856359077983e+01
4.429713834186296850e+01
4.479876768948277999e+01
3.946877450818311672e+01
3.081154207304697223e+01
7.165419616034186312e+00
3.309085826475572478e+00
1.153041876587721948e+00
2.238389692593273639e-01
9.125697360571287777e-05
4.273017784939840169e+01
4.992203439303268908e+01
5.038725925974391373e+01
4.429843386500692048e+01
3.452069192236557882e+01
8.687726897095053857e+00
4.155938747102237762e+00
1.558091552801904811e+00
3.701556818459482701e-01
1.224245386801210006e-02
4.112771052542932892e+01
4.811629811158518066e+01
4.875020966248349907e+01
4.313770079009508152e+01
1.462782606766420734e+01
8.601416920715964309e+00
4.209017062213290750e+00
1.630635126408173097e+00
4.118979456243391235e-01
1.988800111280852531e-02
3.359016012814387864e+01
3.951975125500187147e+01
4.051141395077026175e+01
3.647636726348790148e+01
1.167031928803621099e+01
7.000755341216492234e+00
3.481151672981247280e+00
1.352535095841617130e+00
3.282055742644158780e-01
9.698213785025536562e-03
2.324135128105387693e+01
2.764521243368751513e+01
2.895562616821646174e+01
2.688085810040449175e+01
7.492815364313877069e+00
4.610825428074382337e+00
2.310530191953193757e+00
8.650798916926960569e-01
1.732989036210391964e-01
5.927095162223053332e-05
1.368444028188963379e+01
1.654500679215771086e+01
1.790671349597532824e+01
4.712942080932116973e+00
3.665068979894909873e+00
2.323388189518649227e+00
1.147258228272981961e+00
3.779683533444598287e-01
3.861144290610261237e-02
2.561905202658769018e-02
6.986522703717842120e+00
8.611353530449845195e+00
9.736801648012013644e+00
1.368587850507581249e+00
1.164516248070299298e+00
7.573111361421527299e-01
3.391060348335315222e-01
6.763081130832560017e-02
3.159160549431749496e-03
1.132091956840799440e-01
3.256787000885882577e+00
4.072722113469228411e+00
4.838772888006683814e+00
9.922963295232016534e-02
1.153054073503211457e-01
7.164344182106323344e-02
1.306460626978051855e-02
8.121180534139937554e-03
9.598201186689517272e-02
2.639032975886224097e-01
1.550651476198875445e+00
1.926553075608565813e+00
2.088742022452846903e-01
1.033630075668978965e-01
5.643399701413299996e-02
5.073470956971161405e-02
8.110921859149947122e-02
1.582632522854077739e-01
2.872486372199530291e-01
4.511976376958606316e-01
