5.403206178608763821e+02
7.668045490837408806e+02
9.041687581522356822e+02
7.653772518556572777e+02
6.008733725460103869e+02
3.765661621973733872e+02
1.842405530502727800e+02
6.727096399101888835e+01
1.638472298414776418e+01
1.748780894614812897e+00
6.926909100323974826e+02
9.726842069976737548e+02
1.131088029768016440e+03
1.081345188689710767e+03
7.316201870233717273e+02
4.448544999253389847e+02
2.086880595378408998e+02
7.142035313592786849e+01
1.540704141234848379e+01
1.106406684711544797e+00
7.446386487231779938e+02
1.031432838885334149e+03
1.179220135906355381e+03
1.103433992198016995e+03
7.256504440603600870e+02
4.234414366498334061e+02
1.867469346339160836e+02
5.748747479289409767e+01
9.767275073885999248e+00
1.739735203112852679e-01
6.697616945207055323e+02
9.122561667357489341e+02
1.021882485603629220e+03
9.318355593212713757e+02
5.829841030030154343e+02
3.214268188235026855e+02
1.292431122378486634e+02
3.321110908717481891e+01
3.277793541214051753e+00
2.017549375085377072e-01
5.035979195159969777e+02
6.721580231668475562e+02
7.347353924454506569e+02
6.493774720925301835e+02
3.752556835152220174e+02
1.906994287191664057e+02
6.612725219817458822e+01
1.190204887023738500e+01
9.611664671775650703e-02
1.770108878141068098e+00
3.167772195528082761e+02
4.126212221852233029e+02
4.380276497254808987e+02
3.727255250043718320e+02
1.896315535218094510e+02
8.494647606697584763e+01
2.245260969546563601e+01
1.446069495692559048e+00
1.026889227335199939e+00
4.055981415692018643e+00
1.673335074946656675e+02
2.116340260542758642e+02
2.169572736740977064e+02
1.272225140247162756e+02
7.218793335421848667e+01
2.586825902237799824e+01
3.497675120442956143e+00
2.872804091256082604e-01
3.631065357070319966e+00
5.634877211047784051e+00
7.503061148530335345e+01
9.154183267359952936e+01
9.006407576911313129e+01
4.004761421725578430e+01
1.871353547034799547e+01
3.970059170484048217e+00
1.142329274872714608e-02
2.479399449135568645e+00
5.271277529251324090e+00
5.787389325376059546e+00
2.933093337819717306e+01
3.423711976145172287e+01
3.215984591177684848e+01
8.037360279452702372e+00
2.312731667933621171e+00
4.136296700808791450e-03
1.389262379208072051e+00
3.898431272183672025e+00
5.189032979567584469e+00
4.848646527743678547e+00
1.062507081721334323e+01
1.175976149179110841e+01
1.560150326912052465e+00
5.028660824038336807e-01
5.679686187766971005e-03
8.143304359752024935e-01
2.456425235118268269e+00
3.783476245292743734e+00
4.104658646539701472e+00
3.578526313737861564e+00
