7.345117744213077060e+00
1.257022263627242964e+01
1.824397987064622839e+01
2.285696305037511422e+01
2.489986207279115860e+01
2.361557673248354661e+01
1.942935679787112591e+01
1.373470104377477341e+01
8.177495590912004175e+00
3.928912991578589420e+00
1.335703381871176276e+01
2.141338869527687905e+01
2.973132881514634462e+01
3.611985640180194679e+01
3.853751235981901857e+01
3.609537996184388930e+01
2.956245185695780719e+01
2.099359591622464549e+01
1.271865793080488238e+01
2.044995620265203939e+01
2.147118264771825835e+01
3.255646403309096115e+01
4.333957081824975432e+01
5.097304033457496786e+01
5.305633914750192304e+01
4.880321479094313730e+01
6.864012477053280747e+01
5.303548314384707396e+01
3.742874127672796192e+01
2.435695073505275232e+01
3.126294020338201207e+01
4.507307381799620316e+01
5.754930187775031669e+01
6.535999375472314910e+01
6.607805483387286927e+01
9.416708257814485705e+01
7.861069866712398380e+01
5.978021636829797814e+01
4.159949441136171089e+01
2.672805461051860831e+01
4.168565443728068942e+01
5.741439227822762348e+01
7.036704384181042826e+01
7.702637619458703000e+01
1.140693760839750439e+02
1.021669942207227280e+02
8.345234811960362720e+01
6.228305488428663494e+01
4.266941763742054405e+01
2.707556764324942122e+01
5.101858534713583992e+01
6.750069343395941246e+01
7.959837392204082107e+01
8.396198384499830070e+01
1.189003614446018418e+02
1.036235370841295662e+02
8.257529623023819454e+01
6.032645874182045986e+01
4.061976557636612029e+01
2.545226915396956002e+01
5.711642901690787966e+01
7.306597525594376918e+01
8.323993771147688392e+01
8.476440315725039909e+01
1.163938076528567791e+02
9.861422861531627859e+01
7.655413408983886825e+01
5.466367597205092466e+01
3.614058001004193699e+01
2.236962562879078575e+01
5.808180608266518874e+01
7.234907733213577785e+01
8.005646121732513620e+01
7.898402624252079818e+01
1.069294290663600009e+02
8.819146571112608513e+01
6.674125468990060028e+01
4.659866716680819110e+01
3.027205199330628815e+01
1.854177276663653728e+01
5.316506805571218308e+01
6.494048320522635720e+01
7.020828769139846770e+01
6.742157600810492113e+01
9.192238055231005944e+01
7.406373643541971319e+01
5.480953213480361086e+01
3.752677718120558836e+01
2.403061403641559224e+01
1.462629960679378449e+01
4.334609596771269935e+01
5.226770867252879782e+01
5.552953737810578616e+01
5.215293203720094795e+01
7.365217050262909027e+01
5.828141644665732457e+01
4.240320957518914469e+01
2.863015304194391319e+01
1.818424902471108595e+01
1.107901731359238262e+01
