1.705392503344804281e+05
3.279392776046809740e+05
5.386121016689563403e+05
7.552307378658772213e+05
9.037622542554398533e+05
9.188947623404844198e+05
8.000246864304115297e+05
5.937811302643611562e+05
3.755812108536635642e+05
2.023792082099227409e+05
2.897156704406366334e+05
5.575909363450788660e+05
9.164995553749239771e+05
1.285998573439195752e+06
1.539905460479940753e+06
1.568134042233086657e+06
1.366082576251803664e+06
1.014532014592982712e+06
6.421386279353894060e+05
3.462725444341958500e+05
4.190340442252232460e+05
8.069692035761566367e+05
1.327183758411909454e+06
1.863330326871283585e+06
2.232462508353948127e+06
2.275811989231531508e+06
1.983620690389342373e+06
1.473938245397657389e+06
9.334318458023356507e+05
5.036543598296406562e+05
5.159545332125778659e+05
9.940193086746796034e+05
1.635548071228744928e+06
2.297344790625448339e+06
2.747130973873519804e+06
2.809292472860950045e+06
2.449756853207493667e+06
1.821158981467642821e+06
1.153871621419197181e+06
6.229044723144075833e+05
5.408157928671698319e+05
1.042152083092668094e+06
1.715289614780629519e+06
2.410249289078083355e+06
2.883463183910403401e+06
2.949925201095306315e+06
2.573462241273373831e+06
1.913913709636910819e+06
1.213136155012687435e+06
6.551634452357179252e+05
4.825847731019577477e+05
9.299937661720649339e+05
1.530983332155870739e+06
2.151870866076515056e+06
2.574854657178264111e+06
2.635156082943261135e+06
2.299703899798981380e+06
1.710932015624404186e+06
1.084851348294117721e+06
5.860718236242732964e+05
3.666147862066867528e+05
7.064236713663522387e+05
1.163015583925029729e+06
1.629869929964512819e+06
1.956157138912257738e+06
2.002598544044759590e+06
1.748222981405005325e+06
1.301038337732034735e+06
8.251802742078499869e+05
4.458929004598464235e+05
2.371403471945929341e+05
4.567976929850878660e+05
7.519958274551493814e+05
1.053152624026927399e+06
1.264316119473440340e+06
1.294684876912381966e+06
1.130532240172170568e+06
8.415546887703695102e+05
5.338600440442104591e+05
2.885090842860370176e+05
1.306317986991006910e+05
2.514904582511762273e+05
4.139176685346383019e+05
5.788875673394434853e+05
6.951273251826681662e+05
7.119935077669237508e+05
6.218540257545545464e+05
4.629793314771252335e+05
2.937277331923760357e+05
1.587274646561795380e+05
6.130864843878002284e+04
1.179201995809168293e+05
1.922344300174145319e+05
2.706111760371061391e+05
3.250332672074419679e+05
3.329912725727115758e+05
2.908794149638250237e+05
2.165778932392015995e+05
1.373915568809444667e+05
7.421915712447214173e+04
