7.891029134539521692e+03
1.130189746735763219e+04
1.453919244159330447e+04
1.677103122492969851e+04
1.732058069794649418e+04
1.599522303496980021e+04
1.319427220209594088e+04
9.714384285031448599e+03
6.381457918747050826e+03
3.741119510565536984e+03
1.305368019901227126e+04
1.832037788096697477e+04
2.313059853740482868e+04
2.623329659102928781e+04
2.668856906248740779e+04
2.432413532606605077e+04
1.983736207157295939e+04
1.446279299480854206e+04
9.420416557142540114e+03
5.189205917607306219e+03
1.988704814888207329e+04
2.729279093963435662e+04
3.373658900013595849e+04
3.751836421329747827e+04
3.749415931787856243e+04
3.363086960754568281e+04
2.638970099541829768e+04
1.892126855606643949e+04
1.210667799288379138e+04
6.899040349847464313e+03
2.790615562218032937e+04
3.741575970556768880e+04
4.521257376572692738e+04
4.920619849226056976e+04
4.819174591557541135e+04
4.161262363087030099e+04
3.282617008828226972e+04
2.319412010415401528e+04
1.465436739884997041e+04
8.262472343243467549e+03
3.601836980886536912e+04
4.719343339684251987e+04
5.572771801174095890e+04
5.929357347703599225e+04
5.587210015993181150e+04
4.813308211662869871e+04
3.725335433409692632e+04
2.587073121068695036e+04
1.609487081222698725e+04
8.952394855663089402e+03
4.264077990038843564e+04
5.467410450610044063e+04
6.313558268296047027e+04
6.567686531724015367e+04
6.055980165635698359e+04
5.104459693339524529e+04
3.869315521904651541e+04
2.635189060282052014e+04
1.610221396459088646e+04
8.811325483254066057e+03
4.612310884474367776e+04
5.799957303431112086e+04
6.560727755056945898e+04
6.576859416803378554e+04
6.025788332708239614e+04
4.968095948818523175e+04
3.685102031886336044e+04
2.457655115252522592e+04
1.472076413476661764e+04
7.905727201320862150e+03
4.537986024611967878e+04
5.611510915370568546e+04
6.232566185012644564e+04
6.222914564001120016e+04
5.495554993510040367e+04
4.435245240021448990e+04
3.219449335104772763e+04
2.101296711009254068e+04
1.232241053409085725e+04
6.482782214398230280e+03
4.042709849452353956e+04
4.929812937982306903e+04
5.390852133783169847e+04
5.291433075621777243e+04
4.580510261139038630e+04
3.624345655382460973e+04
2.577022224948143776e+04
1.646613187243926586e+04
9.449875128264411615e+03
4.864619641648948345e+03
3.247048051815036160e+04
3.915400991690434603e+04
4.227194392973537470e+04
4.090179118590484723e+04
3.475612750558598054e+04
2.702002222341645393e+04
1.885056374705987037e+04
1.180420720097124649e+04
6.632303485882874156e+03
3.339240758332157839e+03
