6.343812173845729063e+01
9.873848294391162028e+01
1.227105434860009723e+02
1.210269997307657519e+02
9.258527717701214499e+01
8.498088254589170276e+01
4.022936024251918496e+01
1.307216158621250379e+01
2.280925514539681842e+00
5.151110447803029097e-02
1.172280697427415248e+02
1.816536236600019834e+02
2.269857502611522193e+02
2.272914220823521134e+02
1.789238171564533104e+02
1.514633376206174376e+02
7.349216486421842376e+01
2.479509943611837386e+01
4.639898696316138604e+00
1.417799333865827072e-01
1.807012092386494828e+02
2.795933821520544029e+02
3.511405398711243606e+02
3.557983581916979574e+02
2.860697975628899599e+02
2.334768101982916164e+02
1.164982031798677156e+02
4.123121633567588873e+01
8.575862150481498247e+00
4.526330306135085135e-01
2.351770724273912094e+02
3.636568258660225865e+02
4.585714010474576412e+02
4.688965829163324770e+02
4.653621100261985930e+02
3.090977542220194323e+02
1.585454151079907490e+02
5.891880873697908783e+01
1.365862681203830320e+01
1.141149004893450059e+00
2.600915610862419953e+02
4.018999820524787765e+02
5.081920957046204421e+02
5.230970736969077279e+02
5.196639386965741778e+02
3.506728531803636884e+02
1.845926079311631156e+02
7.186378555593633166e+01
1.842885814225860486e+01
2.187736868680196345e+00
2.452539066637683618e+02
3.785414202681354254e+02
4.793026343745632403e+02
4.955142882709997707e+02
4.984475704983706805e+02
3.411256585427165646e+02
1.839482055602341575e+02
7.482323180947884111e+01
2.105204891822150515e+01
3.291506094855448872e+00
1.973957475280425626e+02
3.042248744179027540e+02
3.852126693966682751e+02
4.830180614166408191e+02
4.116368389059782089e+02
2.852869071889899715e+02
1.573932225461664416e+02
6.679076202086488934e+01
2.051225677714959872e+01
4.033172923319286340e+00
1.354032940972505799e+02
2.084340258175611496e+02
2.636524233699396973e+02
3.432916254787912749e+02
2.939323192271575635e+02
2.061068588556763643e+02
1.163223765339446771e+02
5.153276529131854744e+01
1.727026469216378146e+01
4.169114961389723817e+00
7.869756484741776603e+01
1.212114890651960764e+02
1.531071997361574972e+02
2.126581223232618072e+02
1.827269971705066780e+02
1.296452346958494672e+02
7.497949058359553476e+01
3.481846987293712914e+01
1.280871438627105441e+01
3.767823950193418536e+00
3.819918814592748646e+01
5.916047017393398022e+01
1.132683231344045538e+02
1.160280354264026244e+02
1.000130569659073103e+02
7.192226088551231555e+01
4.282370190528719434e+01
2.103063867037488777e+01
8.604747030666707985e+00
3.096200122619475525e+00
