1.211079366832990161e+02
1.926347471589437816e+02
2.496583012997167828e+02
2.633985329836935421e+02
2.241497433295361077e+02
2.038935217139532767e+02
1.159958775121490078e+02
5.182451103912164569e+01
1.758941911472453157e+01
4.356928497096627773e+00
2.269323900533557037e+02
3.596361549661094159e+02
4.677727844041136791e+02
4.985691641968343220e+02
4.320086816105959429e+02
3.726374503802110780e+02
2.156037661355459250e+02
9.832842978916275456e+01
3.415273129272082997e+01
8.580317254981421726e+00
3.567689186888209179e+02
5.646723463921643997e+02
7.371314323905938863e+02
7.922257946555126864e+02
6.961190851128986878e+02
5.861710966425722518e+02
3.452699403299687901e+02
1.613546153855401144e+02
5.799583808587954081e+01
1.528188167497181915e+01
4.748528782448653942e+02
7.511899795011515835e+02
9.836214751104795369e+02
1.064168238480341643e+03
1.072347686182494726e+03
7.899321977414632556e+02
4.733531711677917997e+02
2.267234723210241327e+02
8.455028210360697472e+01
2.361229655525096405e+01
5.376110102686915297e+02
8.500778085913888162e+02
1.115587547628704669e+03
1.213047539141233983e+03
1.222653272531241100e+03
9.105921629734197040e+02
5.543920136810752410e+02
2.718475129316154266e+02
1.051166375279627374e+02
3.115089824987764899e+01
5.189956542629302021e+02
8.200763011049497209e+02
1.077624384276270575e+03
1.175939763003347707e+03
1.194446016441173015e+03
8.981317420892173686e+02
5.548083346826110756e+02
2.781438392756245435e+02
1.113718202618641584e+02
3.498154891949383938e+01
4.275384439302818009e+02
6.749823091675073101e+02
8.873617898222344138e+02
1.099002522661466855e+03
1.001210033922351272e+03
7.591063370629786959e+02
4.752719942008458816e+02
2.433877886985431473e+02
1.008548187575015760e+02
3.356594039588168243e+01
3.002289947606025180e+02
4.737047671094131260e+02
6.226380455313295670e+02
7.898930664643125965e+02
7.219187367419724524e+02
5.513723930261206760e+02
3.496917361041570871e+02
1.829384088651294178e+02
7.853405870687819856e+01
2.776548304694689051e+01
1.790314784916149051e+02
2.826614285208086130e+02
3.714095535604615179e+02
4.910147673559206964e+02
4.496741380070305922e+02
3.457964667238190373e+02
2.222443756363370824e+02
1.189758177756567648e+02
5.311830048418183736e+01
2.009155691065860339e+01
8.982189072658557905e+01
1.423865968863730131e+02
2.459254148316122439e+02
2.657961199844485805e+02
2.437021319665253145e+02
1.887549643692247230e+02
1.231778267746282438e+02
6.777706154892175050e+01
3.172946269444658185e+01
1.301329553502028524e+01
