4.609052785877925999e+03
7.302241926396201052e+03
9.834302001547684995e+03
1.123707869851277246e+04
1.087634831866488821e+04
8.529972715854049966e+03
5.844773626548350876e+03
3.351908878828728120e+03
1.597973527253860766e+03
6.257668670537530033e+02
8.561577488558477853e+03
1.361716880896946168e+04
1.840656446209450587e+04
2.111153818890911862e+04
2.051659562191228906e+04
1.635399441342498358e+04
1.128914179497186706e+04
6.538797270945399760e+03
3.160826372574902052e+03
1.263690168753348416e+03
1.358240172030432223e+04
2.166843554193239470e+04
2.938020290230337196e+04
3.381020218805778131e+04
3.297933467005156854e+04
2.657462461901297138e+04
1.845821433017283925e+04
1.077716042367670707e+04
5.265864284329188195e+03
2.137547142002811142e+03
1.838214493324150681e+04
2.939902318042138722e+04
3.996955646654154407e+04
4.613456534077061951e+04
4.430877107828071894e+04
3.666063871118030511e+04
2.559963088113900085e+04
1.504728837186149940e+04
7.416406285129429307e+03
3.046124963198739806e+03
2.121264641420606131e+04
3.399856288018338819e+04
4.633449913172743254e+04
5.362882269265695504e+04
5.174291728492308175e+04
4.297724635183008650e+04
3.015093044503170677e+04
1.782440160827685759e+04
8.848644075661510215e+03
3.668551651315705840e+03
2.086849592638139075e+04
3.350955451406731299e+04
4.576871095307972428e+04
5.311003092996949999e+04
5.139251454848952562e+04
4.283655743395775789e+04
3.017713502261577742e+04
1.792853378951963168e+04
8.954089674693319466e+03
3.740126443010962703e+03
1.750223556647359510e+04
2.815006688465502521e+04
3.852655529879956885e+04
4.397161547113519191e+04
4.342173774311827583e+04
3.630989187283707724e+04
2.567404177462432926e+04
1.531852263396286799e+04
7.688697702890888650e+03
3.230226690133380089e+03
1.251719222791081302e+04
2.015974153180951180e+04
2.764218448058645299e+04
3.151335160963414455e+04
3.120502322517806169e+04
2.617204459018603666e+04
1.856640880852235205e+04
1.111762921994231147e+04
5.601955925055561238e+03
2.362996347997593148e+03
7.638281863016895841e+03
1.231394053462124248e+04
1.691207061220191463e+04
1.920204548016149420e+04
1.906550630574446404e+04
1.603443135753229944e+04
1.140679854710298241e+04
6.849650984465166403e+03
3.460341151538218128e+03
1.462200566833824723e+03
3.982369764112908342e+03
6.422025545021027938e+03
8.459501992532548684e+03
9.936855245941278554e+03
9.892793806003119244e+03
8.340613361594536400e+03
5.946557779956176091e+03
3.576985827558684377e+03
1.808280155356747855e+03
7.628526050212178689e+02
