3.233395622777422886e+02
4.426759121858644335e+02
5.021510194394961673e+02
4.650023444692830594e+02
3.442395813196527570e+02
1.446611655909532601e+02
4.912288687269556675e+01
6.350879009164080102e+00
5.654648450709456320e-01
6.782233851636469524e+00
6.170651757459031614e+02
8.540304291208504992e+02
9.802931244033510438e+02
9.213189363533231244e+02
6.961964736524111004e+02
3.335103200399266825e+02
1.291545485468670051e+02
2.595355038912532919e+01
1.726123227372468871e-01
5.553695797015716806e+00
1.004948600508943969e+03
1.402218643763181944e+03
1.625272787376241240e+03
1.547322313939673450e+03
1.190878789077455622e+03
6.187490149306697731e+02
2.608630080173892338e+02
6.574247629300157314e+01
3.948529441061635836e+00
3.138522804940728772e+00
1.391802595827208506e+03
1.954529087696457282e+03
2.284314984789081791e+03
2.199613124163054636e+03
1.558837764940638408e+03
9.430138328472637568e+02
4.223417073565125861e+02
1.224647933901753447e+02
1.387809193675331088e+01
8.388866708929577642e-01
1.637199485855181138e+03
2.311402965996192052e+03
2.721167420083581419e+03
2.647120769849869248e+03
1.922092562356637018e+03
1.193545730735592088e+03
5.595205077488195684e+02
1.786170758878685660e+02
2.789687823994922411e+01
2.022000172895215431e-03
1.635510130407590623e+03
2.319480304474433979e+03
2.748661211292619100e+03
2.698930242917730538e+03
1.989113845679353290e+03
1.262031938847808078e+03
6.131876623654212608e+02
2.099073026068393233e+02
3.980353219972050027e+01
8.058010767918880601e-01
1.388209457334485478e+03
1.976344187322776634e+03
2.356153670139352471e+03
2.144524412229709469e+03
1.730936664370665085e+03
1.118204093714568671e+03
5.590240300717373430e+02
2.015733445870980916e+02
4.338106018433771283e+01
2.124736461014017141e+00
1.002386261228261333e+03
1.431494655551942287e+03
1.716047366821811920e+03
1.552280927776876297e+03
1.266802441731910221e+03
8.308112586513277620e+02
4.247827725806951094e+02
1.590992097525293048e+02
3.717842076478853386e+01
2.671160335668934849e+00
6.172360980972216566e+02
8.832512231686549740e+02
1.064090470541332024e+03
9.443680993184671024e+02
7.782818340710535949e+02
5.166937584583002945e+02
2.685694602592328124e+02
1.031124175928239026e+02
2.521372748410977138e+01
2.112031565932934285e+00
3.257177153249850790e+02
4.661610463458528102e+02
4.729201426062476230e+02
4.805007975751705658e+02
3.993648601071136000e+02
2.674550015816928408e+02
1.402896932976357789e+02
5.433008040673895067e+01
1.332276714325152334e+01
1.057753732647009892e+00
