1.132620455829469620e+03
1.834438106533766359e+03
2.492955907826073599e+03
2.845714779636066396e+03
2.726690699134856914e+03
2.379235544659377410e+03
1.621612631659078943e+03
9.297258002531270904e+02
4.486383574347973422e+02
1.831304235384926073e+02
2.384589334441052415e+03
3.857063142182052616e+03
5.251446481853703517e+03
6.022155262400098763e+03
5.812920862445128478e+03
4.993144753307526116e+03
3.433101951736203773e+03
1.987410826598371386e+03
9.683550393595619425e+02
3.980976053177910785e+02
4.253696419016270738e+03
6.878247317613559062e+03
9.382816411261290341e+03
1.080196276108902566e+04
1.048895236386926081e+04
8.952602159977284828e+03
6.205184280341915837e+03
3.626070432028022424e+03
1.785415944864728544e+03
7.417151782007362044e+02
6.451997378504025619e+03
1.043380246869498114e+04
1.425768511905465493e+04
1.646769180033206794e+04
1.657932546190725407e+04
1.369326448158474341e+04
9.558809753701643785e+03
5.633936794585639291e+03
2.802113352559276791e+03
1.177126437592458615e+03
8.335828972076538776e+03
1.348298506489429201e+04
1.845136621170704893e+04
2.136853642187903824e+04
2.151564863408182282e+04
1.785838420078565468e+04
1.254389270143405702e+04
7.450052697121112033e+03
3.739760072731007767e+03
1.588081654685607646e+03
9.180675397570154018e+03
1.485290174104612015e+04
2.035054275451288777e+04
2.361930911889490017e+04
2.382574542688874863e+04
1.985888033807380270e+04
1.402429564401539210e+04
8.385815079641924967e+03
4.244893119121620657e+03
1.821047822389874227e+03
8.621308067959040272e+03
1.395153913314556303e+04
1.913439442648166732e+04
2.284744262160878861e+04
2.251646776918149044e+04
1.883438572017457045e+04
1.336328040499499002e+04
8.038890754567371005e+03
4.100586738184513706e+03
1.776260097864558702e+03
6.901686550220699246e+03
1.117289743063224341e+04
1.533650691652480236e+04
1.839496703602082562e+04
1.816579208590479539e+04
1.524126023565995820e+04
1.085884066398837786e+04
6.568337629836640190e+03
3.374764922527567251e+03
1.475870231935063885e+03
4.706654864456038922e+03
7.624516960121095508e+03
1.047455174856434678e+04
1.265593319808733395e+04
1.251850373527083502e+04
1.053076720092896358e+04
7.531306666561964448e+03
4.579543714666001506e+03
2.369953230052693016e+03
1.046901840884032481e+03
2.730153739348711497e+03
4.428474223733956933e+03
6.406258924657175157e+03
7.447751896165320431e+03
7.376045536797051682e+03
6.219595270355140201e+03
4.464555957415033845e+03
2.729485035389017867e+03
1.423665647113165505e+03
6.362473379633228205e+02
