1.621901227130108936e+01
2.423015822188736124e+01
3.275585752435713971e+01
3.956214782064857616e+01
4.242739969656701504e+01
1.893392640485475198e+01
1.473098145224686206e+01
9.457502189717787999e+00
4.832046227394750204e+00
1.789606037501032754e+00
3.258948110918873198e+01
4.963263393536215773e+01
6.730150965858673828e+01
8.053826921082981016e+01
8.474537511461342376e+01
4.698676815805698936e+01
3.597994601618239585e+01
2.310354389176133694e+01
1.216604580163980742e+01
4.980406632617235374e+00
5.721921661258273417e+01
8.810089590914508051e+01
1.195400443269869015e+02
1.419997219855507353e+02
1.473328874522919989e+02
9.137177294101662994e+01
6.900778720801854149e+01
4.399584590448571220e+01
2.330616559279966182e+01
9.883246108811610142e+00
8.588749727863971373e+01
1.332011087476358853e+02
1.808509136430549518e+02
2.138190851369475354e+02
1.644699497326433573e+02
1.444734367026998427e+02
1.079062700285986267e+02
6.818800272638860349e+01
3.599811157595362232e+01
1.541188097412930524e+01
1.092438794271964042e+02
1.704000785122904347e+02
2.317213308271909966e+02
2.733979991271510812e+02
2.166077239410790582e+02
1.888124588778023281e+02
1.398260367144100940e+02
8.758898729657927618e+01
4.589049624538154148e+01
1.958199644816451013e+01
1.174455439379612329e+02
1.841383152528567848e+02
2.510841957244597893e+02
2.963376259475402321e+02
2.367519214090710307e+02
2.054702179729802651e+02
1.512024847400566046e+02
9.393626416840230320e+01
4.872040367307955933e+01
2.054314310693025902e+01
1.068227759868419753e+02
1.682580579436916821e+02
2.302778636047875125e+02
2.103991668190394080e+02
2.154151126054512133e+02
1.866287102719861934e+02
1.366906463479669185e+02
8.422430382228661472e+01
4.312161655541559213e+01
1.781139156602518625e+01
8.252406226207905604e+01
1.304327663959808490e+02
1.792538570784119543e+02
1.585324634111650539e+02
1.630041633140359068e+02
1.412699221617466492e+02
1.030592297301517561e+02
6.290208153084859077e+01
3.163449561729171222e+01
1.263630123039433606e+01
5.458623244211796788e+01
8.633441533960943559e+01
1.190811718736894420e+02
9.844223650660767078e+01
1.019894197938103275e+02
8.855210720663781387e+01
6.430289902392649992e+01
3.872521186122435921e+01
1.893936277102772436e+01
7.140696204402653180e+00
3.139467632812753806e+01
4.939659558988903854e+01
3.917815634685229043e+01
4.963484625411533813e+01
5.202660367656399387e+01
4.528317258199258788e+01
3.262078547176491128e+01
1.919724723563285096e+01
8.928839857845686012e+00
3.007017123868539255e+00
