3.106779461878788950e+01
6.791761252796189297e+01
1.185003386869898208e+02
1.701537603136176813e+02
2.041442801073965825e+02
2.676706926880147535e+02
2.330303738403973455e+02
1.757586982256635793e+02
1.155967385414803630e+02
6.702621000649295979e+01
6.456413585561665514e+01
1.351430666003500960e+02
2.302382675816611481e+02
3.262188210148658527e+02
3.887415128073208166e+02
4.751262445742905243e+02
4.124440430283102614e+02
3.095195817500746216e+02
2.018471227046695162e+02
1.153719532773313574e+02
1.112677508890309497e+02
2.261764604383441508e+02
3.788030307720638348e+02
5.313191849085915237e+02
6.296228965906294661e+02
7.380406220154586663e+02
6.391840517128202919e+02
4.781184959110439081e+02
3.102129454658496002e+02
1.758199595525270524e+02
1.621298660259475071e+02
3.224013633862788879e+02
5.326719540248794829e+02
7.407917535653434697e+02
9.955600464261416391e+02
9.986567388876451332e+02
8.630455999023688491e+02
6.440930153366574586e+02
4.166289432248084381e+02
2.350119388270723277e+02
2.016495195376749905e+02
3.939214851944647080e+02
6.432860540516795709e+02
8.876933055012392515e+02
1.174307643253793913e+03
1.174576325152838763e+03
1.012888640358334101e+03
7.545916623209260479e+02
4.872515454276715445e+02
2.742241937057573864e+02
2.150755390704522938e+02
4.138812070138924923e+02
6.688229253120097155e+02
9.161017997177470988e+02
1.203733003427521908e+03
1.199944348000216678e+03
1.032403669712518649e+03
7.680276527242079965e+02
4.955346293278447547e+02
2.787909095167846658e+02
1.970588782719393635e+02
3.743870372230546764e+02
5.992222397276823358e+02
9.330263856407964340e+02
1.072607214008661003e+03
1.065065211616593388e+03
9.141245672160798676e+02
6.792594258068620547e+02
4.383126336430299261e+02
2.469742592690330696e+02
1.549926781732473842e+02
2.914227090541633629e+02
4.624413132319400006e+02
7.283971420153339977e+02
8.318544371346192747e+02
8.223517699280782836e+02
7.040162464220425136e+02
5.227542590143909820e+02
3.377499637501778693e+02
1.910339807775627605e+02
1.042654663004174012e+02
1.946780265796860760e+02
3.067499402488122087e+02
4.966478180608598905e+02
5.628707191683772635e+02
5.536977819816507917e+02
4.728452482412267273e+02
3.511152532509992170e+02
2.275394548313865073e+02
1.296079841766212155e+02
5.947194573269014484e+01
1.109024866179442910e+02
2.307672683540582739e+02
2.971049510156082647e+02
3.337545134636928310e+02
3.265548880080133927e+02
2.782903410087143357e+02
2.069541222033262216e+02
1.349135989683313142e+02
7.778673053911022350e+01
