2.305868030229604670e+01
4.264935486989775626e+01
7.011197135343738296e+01
1.020118560756600630e+02
1.307168328552483274e+02
1.468763980996570808e+02
1.441845652020991508e+02
1.232168828530118247e+02
9.124654723624517771e+01
5.812260752621686777e+01
2.897077686468650626e+01
4.753575736222308024e+01
7.275336083861441239e+01
1.021833303500407766e+02
1.295951314140467616e+02
1.464611723464894339e+02
1.460235300690544875e+02
1.274458226477090221e+02
9.669287608426114389e+01
9.904821760354812454e+01
3.883437191544346945e+01
5.313035009899136440e+01
7.089612704684275002e+01
9.106580786013081763e+01
1.100957395165376482e+02
1.223170678879296673e+02
1.705942198960258054e+02
1.540917793679265912e+02
1.247645465260802808e+02
9.039384019942868065e+01
5.909617426326848744e+01
6.586332333912129400e+01
7.197750867154002208e+01
7.823732804626645532e+01
8.405952316804064139e+01
1.285730651669058489e+02
1.255982736113492138e+02
1.136175436916723243e+02
9.362697924418621653e+01
6.969373049436138956e+01
9.980224424113816895e+01
9.477295259210539768e+01
8.449911920424978007e+01
7.338667203739545641e+01
9.996235889495844162e+01
9.051465296458603405e+01
8.171328902503891811e+01
7.155626795140274510e+01
5.909427286051695205e+01
4.509821774705455510e+01
1.720754170254804762e+02
1.504909558027470382e+02
1.171278112517497760e+02
8.338024582992285616e+01
9.056358953403699275e+01
6.684680980923711502e+01
5.110292548639841215e+01
4.033770139783463549e+01
3.198431562040115139e+01
2.461467818799482643e+01
2.789147240575983346e+02
2.390446143118030022e+02
1.764612364561677964e+02
1.129214468286768067e+02
9.950819069430883701e+01
5.931310440862117872e+01
3.574579011585715449e+01
2.294147885363778272e+01
1.597349889279487734e+01
1.178511225295668652e+01
4.032476135021893811e+02
3.502367746153784651e+02
2.589618660357135127e+02
1.620190136208252909e+02
1.260653258194200532e+02
6.571719577076953556e+01
3.217163962224159235e+01
1.594363564988156767e+01
8.738246068945176859e+00
5.584176476649523657e+00
5.066406320906297083e+02
4.520086792065205827e+02
3.431169922865030912e+02
2.194257272495476627e+02
1.635424909908079769e+02
8.209941236075233917e+01
3.653343700566166774e+01
1.517583449476202340e+01
6.502158297086612748e+00
3.285975069955327843e+00
5.473567008060974786e+02
5.032694549553096408e+02
3.951251908885828925e+02
2.623176060903882103e+02
1.449197649463297921e+02
1.009419551914107132e+02
4.486460937399284887e+01
1.780263818065981951e+01
6.776548474731440841e+00
2.841534012534089992e+00
