2.775620408098864118e+03
4.414523420505660397e+03
6.215208899438221124e+03
7.746110505519235630e+03
8.548823808197304970e+03
7.996841280667258616e+03
6.908138174701217395e+03
5.275825855998477891e+03
3.560804940157855071e+03
2.121586055021044103e+03
4.391011027671686861e+03
6.962645939377100149e+03
9.770516448896392831e+03
1.213563341714844501e+04
1.334657325975004824e+04
1.255093209404734444e+04
1.080883971691384977e+04
8.233302583671540560e+03
5.545638408186264314e+03
3.300235826448513308e+03
6.136654508447736589e+03
9.703541021337321581e+03
1.357745303616813544e+04
1.681482576051981960e+04
1.789912628468044568e+04
1.737899559498207600e+04
1.492668124434100173e+04
1.134269398793520850e+04
7.624324632341993492e+03
4.530164678878421910e+03
7.571619009363414989e+03
1.194372925348480203e+04
1.667150875618528153e+04
2.059673499480699320e+04
2.193440095983413994e+04
2.124552328594103165e+04
1.820609996876069272e+04
1.380521086662717425e+04
9.261392605003682547e+03
5.493425837255118495e+03
8.245839301403273566e+03
1.298148899842669925e+04
1.808486344952462241e+04
2.230006156199327961e+04
2.372745819480835053e+04
2.293812605619278838e+04
1.961957469402862262e+04
1.484948956192731384e+04
9.943877403127049547e+03
5.887852651871527087e+03
7.926228474379115141e+03
1.245890093593188612e+04
1.733125649878577315e+04
2.134021787115590269e+04
2.266049365187964941e+04
2.187492370087331074e+04
1.868206926589992145e+04
1.411767434474134097e+04
9.438096339886284113e+03
5.578405766895653869e+03
6.725959242239127889e+03
1.055985232161676140e+04
1.467431344926207021e+04
1.751772179658280220e+04
1.910514794137904028e+04
1.842449801576974278e+04
1.571725676947451757e+04
1.186154397980739122e+04
7.917575494006828194e+03
4.671046639712634715e+03
5.040298573685182419e+03
7.906409274812834155e+03
1.097980791725365088e+04
1.303836231926545952e+04
1.421562538268799108e+04
1.370161139182304032e+04
1.167882884067873965e+04
8.803992390238376174e+03
5.867867437678681199e+03
3.454757905660637334e+03
3.337931653844126686e+03
5.232139965758312428e+03
7.263310570199850190e+03
8.554380917593462073e+03
9.329411417574967345e+03
8.991024666682380484e+03
7.659650914021935932e+03
5.768435992644098405e+03
3.838531952031526089e+03
2.254404685296117350e+03
1.956128639569064262e+03
3.063452328034211860e+03
3.994816245955259546e+03
4.941670605483177496e+03
5.394356804448377261e+03
5.200318112637412014e+03
4.428901105462376108e+03
3.331960581971533884e+03
2.212854049903688065e+03
1.295283614132999446e+03
