1.305903425473902359e+02
1.856327198402275940e+02
2.308905080465052038e+02
2.519720529238779818e+02
2.414305244837666180e+02
2.638865356882475339e+02
2.020017321125837100e+02
1.383975731483065488e+02
8.537992244144500376e+01
4.794995286413979585e+01
1.999544197036705668e+02
2.834866848688772052e+02
3.526177628311506851e+02
3.856496414627089280e+02
3.710529973078350281e+02
3.886886421561943052e+02
2.978229329020069258e+02
2.038870773313916516e+02
1.253221517595377605e+02
6.979152941291991397e+01
2.693007264779077445e+02
3.813346742426141986e+02
4.745716488576149459e+02
5.200405654149842576e+02
5.956390608652453693e+02
5.132532579387881242e+02
3.939684540511636328e+02
2.699538587913728520e+02
1.658219412022182553e+02
9.202769214434587752e+01
3.204602672944357096e+02
4.535302909980986215e+02
5.647496726738693269e+02
6.198274400930756656e+02
7.018189696575000198e+02
6.060591239946584210e+02
4.662027272301058929e+02
3.200604689667082425e+02
1.968531270493443799e+02
1.092447882904340730e+02
3.377722756670527815e+02
4.779141913409885660e+02
5.953669778729079098e+02
6.541269897612072555e+02
7.388576878991658532e+02
6.392544096010313979e+02
4.928402158427425093e+02
3.391994784527821594e+02
2.091768841678859587e+02
1.163741480722183184e+02
3.157296113233427945e+02
4.466779374798164781e+02
5.565380636398036813e+02
6.117631237467687697e+02
6.950264750594434418e+02
6.022488902614303470e+02
4.653381265727113032e+02
3.212175527371044268e+02
1.988357693870349294e+02
1.111412334655152421e+02
2.617617075888509817e+02
3.703460361914223427e+02
4.613662535060780669e+02
6.011494324944338814e+02
5.846921689105400901e+02
5.072082964245901167e+02
3.927557333111254252e+02
2.720411747395404518e+02
1.692322231453007362e+02
9.525860306541362377e+01
1.922627691920814073e+02
2.721405471273213834e+02
3.389092040384054485e+02
4.533670453764740387e+02
4.406913467759679861e+02
3.825738231423790694e+02
2.969134905994903306e+02
2.065017928239096534e+02
1.293031154132484062e+02
7.350734578389115370e+01
1.247143202455335285e+02
1.767810036297189811e+02
2.200950758838356762e+02
3.075301658339258779e+02
2.985284438811841028e+02
2.592883869571676314e+02
2.017619299515424132e+02
1.410704276614747528e+02
8.912269508542020446e+01
5.137903707045427382e+01
7.096453082597101059e+01
1.009537299419567233e+02
1.745919826058930653e+02
1.885835049360532594e+02
1.826908055160464528e+02
1.587637708089341686e+02
1.239814047165221496e+02
8.733239721904969599e+01
5.587600089189277952e+01
3.286452560244920562e+01
