9.945532644677415419e+02
1.517725125191790994e+03
2.057830686682995292e+03
2.475640996534977603e+03
2.641009990096682486e+03
2.302256819482307037e+03
1.916961001319485376e+03
1.407322162264898225e+03
9.095931565415212390e+02
5.160355576246855662e+02
1.657151438725263688e+03
2.529779477393519755e+03
3.427664982963940929e+03
4.117799961747532507e+03
4.384270695969710687e+03
3.883699813775982875e+03
3.229362531303919695e+03
2.369553904502970909e+03
1.532520162834055327e+03
8.716695885244849933e+02
2.447866230123793684e+03
3.736055589747442355e+03
5.057685301266404167e+03
6.068030510793772919e+03
6.449977971981375958e+03
5.766379150534888140e+03
4.788509963163616703e+03
3.510627158987781968e+03
2.270185800816585925e+03
1.292499334974914973e+03
3.200296412433909609e+03
4.882246417987685163e+03
6.603706087358708828e+03
7.913909197078571196e+03
8.038013757207802882e+03
7.547253532107310093e+03
6.259839889101255721e+03
4.584960181558606564e+03
2.963227305895063182e+03
1.687157274402367193e+03
3.700269288088345093e+03
5.642079896226179699e+03
7.625752738975367720e+03
9.130341965470246578e+03
9.292035775532314801e+03
8.714962799494187493e+03
7.220754820475939596e+03
5.283697962442494827e+03
3.412056017001242253e+03
1.941646688995866725e+03
3.782682622731667379e+03
5.764800099931378099e+03
7.786864945993279434e+03
9.316749052269437016e+03
9.478210683728855656e+03
8.882017765313657947e+03
7.352573002089578949e+03
5.375104931995481820e+03
3.467698475182343373e+03
1.971330651007131564e+03
3.419204200801344996e+03
5.208205704833430900e+03
7.031644372611373001e+03
8.046250002938376383e+03
8.531923659823201888e+03
7.990449682870257675e+03
6.609534157333057010e+03
4.827413896606420167e+03
3.110776948812479077e+03
1.765835847067164877e+03
2.733938711883186897e+03
4.161977733180022369e+03
5.616863522781997744e+03
6.391287272426779964e+03
6.776380297956578033e+03
6.343965773368066948e+03
5.244188221090995285e+03
3.826463045562900788e+03
2.462281611292315119e+03
1.394831379538496094e+03
1.935369131291804706e+03
2.943897016004439593e+03
3.971318694674840117e+03
4.475330095264372176e+03
4.746206841937122590e+03
4.442605018064699834e+03
3.670210705033097383e+03
2.674946321982018162e+03
1.718080474381735030e+03
9.703556856483105548e+02
1.214893909294968353e+03
1.845504588260420860e+03
2.292533873463510190e+03
2.759398980171638414e+03
2.928328540274399074e+03
2.741021499774175936e+03
2.262925305403236962e+03
1.646777044682052519e+03
1.054858733741209335e+03
5.930854978160288056e+02
