8.338288757975447879e+03
1.324242683984000359e+04
1.861887742785959927e+04
2.318608964407868552e+04
2.557758578018566186e+04
2.563073247593486303e+04
2.222476928761121962e+04
1.709647860348636823e+04
1.167041687192383688e+04
7.073667592856719239e+03
1.382253917834833555e+04
2.196996935271551774e+04
3.092144208929131491e+04
3.854945235098561534e+04
4.257443002901223372e+04
4.247231950608954503e+04
3.685629145713144680e+04
2.836306389985354690e+04
1.936032615088331659e+04
1.172710522174294420e+04
2.031469358127940359e+04
3.232052574483143326e+04
4.553783791572535119e+04
5.683285333111045475e+04
6.283302404013114574e+04
6.253050798976998340e+04
5.430185616408610076e+04
4.180795200029052648e+04
2.854209319651633632e+04
1.728442798404544374e+04
2.648564665532413346e+04
4.218083760019120382e+04
5.949096128035905713e+04
7.432005340179920313e+04
8.339420838529827597e+04
8.175313458080872078e+04
7.104208587581537722e+04
5.472236277735967451e+04
3.736809581584856642e+04
2.262870945744709752e+04
3.064222781164514527e+04
4.884654323042095348e+04
6.895491669880566769e+04
8.621690752781863557e+04
9.672376375947044289e+04
9.488743174923324841e+04
8.250307901703761308e+04
6.357847832102961547e+04
4.342819593159999931e+04
2.630141118417043253e+04
3.146235679013853223e+04
5.019558374480589555e+04
7.091406763058196520e+04
8.872921205004675721e+04
9.958696947322336200e+04
9.775087535749179369e+04
8.503305097021593247e+04
6.555345174915951793e+04
4.479051076722572179e+04
2.713194100381114913e+04
2.866948204827228619e+04
4.577184903501642111e+04
6.470444829805636255e+04
8.214617899175340426e+04
9.101258275385449815e+04
8.937053090525924927e+04
7.777124095293950813e+04
5.997467860824005766e+04
4.099078009623412800e+04
2.483719108401965059e+04
2.318210997763003252e+04
3.703246424533386016e+04
5.237459202302734775e+04
6.662128183149131655e+04
7.382850418897390773e+04
7.251379300344033982e+04
6.311805100540221611e+04
4.868753698116735904e+04
3.328639017140390206e+04
2.017652044151871451e+04
1.662936939719103611e+04
2.657788444849127336e+04
3.760131599361394910e+04
4.797365041995562933e+04
5.316304756686284236e+04
5.221988908952529164e+04
4.545998127952525829e+04
3.507435187302295526e+04
2.398753982921245552e+04
1.454770959661412599e+04
1.057732774355149741e+04
1.691370259849300783e+04
2.455763664297391369e+04
3.068134426118502961e+04
3.399114206572274270e+04
3.338446941134728695e+04
2.906401832123049462e+04
2.242891952953235887e+04
1.534605669302855131e+04
9.314297726557624628e+03
