1.838713189336108371e+02
3.009680318931521015e+02
4.318294049468251501e+02
5.450868384654950205e+02
6.062381246632952525e+02
6.957251766063108107e+02
6.075057027315549476e+02
4.720951563377499269e+02
3.270623490619009317e+02
2.027512532744285352e+02
3.075080991913982302e+02
5.042938727724808814e+02
7.266739452931939240e+02
9.225385416668478911e+02
1.032937081614838007e+03
1.151833390186930046e+03
1.011095148235103579e+03
7.885242277313651584e+02
5.469975510822669094e+02
3.384581524104075925e+02
4.529184463243687446e+02
7.453089648322505809e+02
1.079129285735254598e+03
1.377639919046685463e+03
1.713418913628162272e+03
1.703460360060322500e+03
1.502739967698674718e+03
1.176375788613346231e+03
8.179081833924784632e+02
5.061808923844175183e+02
5.900110890568309969e+02
9.747806889058682600e+02
1.418054566518080264e+03
1.819562324418605840e+03
2.246073632141624785e+03
2.244504795424305030e+03
1.988827995794101071e+03
1.562566491206062665e+03
1.089296710728716107e+03
6.750148856366137124e+02
6.812355303931112758e+02
1.130026656679382086e+03
1.651042365711350385e+03
2.127989207919207274e+03
2.621381597603923638e+03
2.630767348363395740e+03
2.340021421192708658e+03
1.844599991039392307e+03
1.289395585929243452e+03
8.005402861684626714e+02
6.977309291889802125e+02
1.161805009994484180e+03
1.703964779274107514e+03
2.204478754278052293e+03
2.721470060802657372e+03
2.740551618333100578e+03
2.445449636553879373e+03
1.933362522068173121e+03
1.355009431693322085e+03
8.432013127073386158e+02
6.338437732401653193e+02
1.059196301922414250e+03
1.558586198299014995e+03
2.206492967328731538e+03
2.512297037111070040e+03
2.536408995745326592e+03
2.269081614349994652e+03
1.798492776930786249e+03
1.263703530010999202e+03
7.884411402672023996e+02
5.102091961232462154e+02
8.555805591719991980e+02
1.262582916322946858e+03
1.808614127457532959e+03
2.062295470542276234e+03
2.085706649825901877e+03
1.869556867822944014e+03
1.485115612480919481e+03
1.046176387617360433e+03
6.547269455935892211e+02
3.631408865118216909e+02
6.113129205426438375e+02
9.045681944012810618e+02
1.320480346978547459e+03
1.506240722267775027e+03
1.524759258528688861e+03
1.368730644789439566e+03
1.089477790567540524e+03
7.695923352153047290e+02
4.834794426072297142e+02
2.276657861557363276e+02
3.852022570870877303e+02
6.713900656406959797e+02
8.599792259193120572e+02
9.801653857225622914e+02
9.923674918433922585e+02
8.917619361326512717e+02
7.112838433588742646e+02
5.041198201748800329e+02
3.183420688642923437e+02
