9.488617295149292659e+02
1.556520738286753613e+03
2.249661548400466017e+03
2.869049114478403681e+03
3.230418574967144650e+03
3.441919127458213552e+03
3.033347232503725536e+03
2.369647868475149608e+03
1.641947042800971531e+03
1.010694738290633950e+03
1.605349720631522359e+03
2.639151395011882414e+03
3.826468783176321722e+03
4.898076165687046341e+03
5.537190630740273264e+03
5.829115372479534017e+03
5.154135543321937803e+03
4.036119164456900762e+03
2.800287834836029106e+03
1.723288494949138340e+03
2.396761940073406095e+03
3.951085996994113884e+03
5.747441207058358486e+03
7.383002503964815332e+03
8.746811376391762678e+03
8.763685772365886805e+03
7.772415162696742300e+03
6.101125966985034211e+03
4.240005679278501702e+03
2.610953861659085305e+03
3.163660062045555151e+03
5.230447947972524162e+03
7.632394631688203845e+03
9.835938007469621880e+03
1.162284498727683967e+04
1.168148261633368384e+04
1.038816895691519676e+04
8.172863509044565035e+03
5.689687491531038177e+03
3.507440526822241736e+03
3.695361433258787201e+03
6.126647000271106663e+03
8.965828952985419164e+03
1.158720000786325363e+04
1.368942065407216614e+04
1.379464075205525296e+04
1.229612266530056513e+04
9.693714771477163595e+03
6.759975640224050949e+03
4.172621689004056861e+03
3.820891183086253932e+03
6.351281725295972137e+03
9.318197308412154598e+03
1.207200958312074727e+04
1.428484120778014403e+04
1.442572163796069617e+04
1.288415680361295381e+04
1.017561118269666076e+04
7.107486803696963761e+03
4.393302230799498830e+03
3.496823397187933551e+03
5.826526811789771273e+03
8.567224192254065201e+03
1.154770210994552326e+04
1.320351449354772194e+04
1.335647511814978861e+04
1.194868639762044586e+04
9.451615113581725382e+03
6.611835054452145414e+03
4.093090763949903703e+03
2.831278007186578634e+03
4.728232179467390779e+03
6.965755373683777179e+03
9.442891123267796502e+03
1.080994905903968174e+04
1.094903486477243314e+04
9.807841872480559687e+03
7.768801412921277915e+03
5.442641796622018774e+03
3.374920248814395563e+03
2.026230698147321846e+03
3.391609537553796599e+03
5.005459807797329631e+03
6.845206575838305071e+03
7.841207658708001873e+03
7.948778555954238072e+03
7.127588260609966710e+03
5.652734321590941363e+03
3.966213169937703697e+03
2.464276876256237301e+03
1.279607115614223858e+03
2.147674226468067900e+03
3.404810004552008195e+03
4.401737516733649500e+03
5.042382943196062115e+03
5.113736684403601430e+03
4.589067502479754694e+03
3.643873000200920160e+03
2.561188403058015865e+03
1.595408644255889612e+03
