3.398900365799030405e+05
5.769794994160375791e+05
8.632814098622025922e+05
1.138815258509667357e+06
1.324827151704043616e+06
1.364036973302689381e+06
1.234804655528964242e+06
9.863370406933228951e+05
6.952702511945712613e+05
4.325557266489159083e+05
5.916002401529164053e+05
1.003264288613658515e+06
1.499975122183905449e+06
1.977640029920545872e+06
2.299766175357914995e+06
2.365261152604654431e+06
2.140763251772142481e+06
1.709744665380088147e+06
1.205046391297464492e+06
7.496041873624388827e+05
9.074234945052388357e+05
1.537587240371642169e+06
2.297422362882175483e+06
3.027655502798139118e+06
3.527176692346420605e+06
3.617315376633439213e+06
3.273487189734362997e+06
2.614134435329836793e+06
1.842332129634731216e+06
1.145954742107414873e+06
1.226819462996304035e+06
2.077375540445740800e+06
3.102373764599747490e+06
4.086918979044544976e+06
4.758517560428746045e+06
4.879276985660137609e+06
4.414989808865508996e+06
3.525469760789843742e+06
2.484514973750030156e+06
1.545375395816567354e+06
1.462197189129068749e+06
2.474557178124170285e+06
3.693977615522965323e+06
4.864771920922417194e+06
5.662104807704014704e+06
5.804994507752125151e+06
5.252184182967995293e+06
4.193826894576807506e+06
2.955517488958862145e+06
1.838378813309269724e+06
1.536494882655143272e+06
2.599124779731808230e+06
3.878623862016394269e+06
5.106694845828493126e+06
5.942443733276296407e+06
6.091777366058726795e+06
5.511365676212826744e+06
4.400734800432633609e+06
3.101407353791542351e+06
1.929226163828048389e+06
1.423593540339329047e+06
2.407305994821087457e+06
3.591451474318732973e+06
4.736432685489749536e+06
5.501150053540116176e+06
5.638998543476356193e+06
5.101607756682273000e+06
4.073617519170693588e+06
2.871019895991410594e+06
1.786062161088724621e+06
1.163017993760857731e+06
1.966191984764568275e+06
2.932831695036320016e+06
3.868125842183283065e+06
4.492252989320051856e+06
4.604648684678969905e+06
4.165856461428931914e+06
3.326571221243250649e+06
2.344701407901860308e+06
1.458808441459312802e+06
8.377848415666649817e+05
1.416166090404184535e+06
2.112195527123000938e+06
2.786631574873691425e+06
3.236086293058715761e+06
3.317037329733536113e+06
3.001056771259333473e+06
2.396620857052664738e+06
1.689426194185104920e+06
1.051278624930864898e+06
5.321118669627270428e+05
8.994607654597512446e+05
1.346170762326954864e+06
1.770992852024321444e+06
2.056594539058833849e+06
2.108099688441065606e+06
1.907416311515182490e+06
1.523416975514038000e+06
1.074054158028019592e+06
6.684925172415490961e+05
