2.944635387954370032e+01
2.816101530349501658e+01
1.643557938676697816e+01
2.669968753414603491e+00
2.787244756633915799e+00
1.086420118380051214e+01
4.308121603061231042e+01
7.879783287476325881e+01
9.806067009780983312e+01
9.296535695097286123e+01
7.656868227527337467e+01
7.612490634191586025e+01
5.102314824191350340e+01
1.563095564936378423e+01
2.157925573622727355e-01
1.129593782659535073e+01
6.116757327435873037e+01
1.219656063838919522e+02
1.581463940463812037e+02
1.538897327804973258e+02
1.546969773159713384e+02
1.570746384855605697e+02
1.130434082669605829e+02
4.448431851296193429e+01
9.747562444926732184e+00
9.406505794927506159e+00
7.653802333070082398e+01
1.668111426317911992e+02
2.247800962668951570e+02
2.236605159154513842e+02
2.554137394062348108e+02
2.624895590647665813e+02
1.968644228045801299e+02
8.824821410269152011e+01
2.358528575416963591e+01
6.094592280863299294e+00
8.517351663054429878e+01
2.027619284679217060e+02
2.829512316953337177e+02
2.868771029132201988e+02
3.532093914184395658e+02
3.654522700461808995e+02
2.810332964018507482e+02
1.359059230784280317e+02
4.133296162549618913e+01
2.856234708659748822e+00
8.478101121622451330e+01
2.196232770860876826e+02
3.160689877753579253e+02
3.254189045156044813e+02
4.146461807020155561e+02
4.304251294186357200e+02
3.360044451931966591e+02
1.701046676780146356e+02
5.691848624132725831e+01
7.813946052920178742e-01
7.570754309523459824e+01
2.120843486199379413e+02
3.133436840731965844e+02
3.265391656992708249e+02
4.163846238467208423e+02
4.325983184744782193e+02
3.404687203749069795e+02
2.342473613317509376e+02
6.417893365120309568e+01
3.390726724710556306e-02
6.064793378237411048e+01
1.823436629068929165e+02
2.753339862914587002e+02
2.895225973116139357e+02
3.591066348539563933e+02
3.727473864039006912e+02
2.942433119887610928e+02
2.087624064514080828e+02
6.076490555273080219e+01
1.094216866881481814e-01
4.342234464606979571e+01
1.391297146168154200e+02
2.138535518395431154e+02
2.262617095161559746e+02
2.662759396804693210e+02
2.757636223335378531e+02
2.173794515353652059e+02
1.614382112888249310e+02
4.922086122537763941e+01
4.188348163286190751e-01
2.753783938440676948e+01
9.367486472051120927e+01
1.461510828999260525e+02
1.551924725680221400e+02
1.693787756671047475e+02
1.748268797117887061e+02
1.878365088770260911e+02
1.092679049197375321e+02
3.471060878561109320e+01
6.427487862699869936e-01
1.519672561154693113e+01
5.511659329445075883e+01
8.721345611636859019e+01
9.274625924864083970e+01
