2.584753737636815458e+02
3.116429140120035868e+02
3.307545158984582372e+02
3.082968133170280112e+02
2.520375224366613054e+02
1.309057876868099015e+02
7.508666133093562678e+01
3.542373202407230792e+01
1.300979020504088801e+01
3.209438756283547356e+00
5.772362470568865547e+02
7.015307115794304309e+02
7.498745663866363884e+02
7.037250194708304889e+02
5.791113641175204521e+02
3.399050720830890668e+02
2.031008183556241420e+02
1.023716527884979257e+02
4.231198146281997197e+01
1.345463482211481043e+01
1.111082756154895606e+03
1.357298519596920642e+03
1.458136523218518960e+03
1.375592577850794214e+03
1.138385559001701267e+03
7.149184925332281182e+02
4.375905991749464761e+02
2.288241950300233327e+02
1.004374258802479005e+02
3.568163352896603868e+01
1.848444942173989602e+03
2.265909046651324843e+03
2.443190531832808119e+03
2.314371742958326195e+03
1.752833759506923570e+03
1.257632102422408479e+03
7.819670508691754094e+02
4.184320085337953969e+02
1.903155652449950139e+02
7.180712523943664394e+01
2.666827236453937530e+03
3.276980811340900800e+03
3.543088730667901928e+03
3.367277066796471445e+03
2.602702885649491691e+03
1.882091353210343186e+03
1.183111553209890644e+03
6.429974510120517834e+02
2.992601121238260475e+02
1.171252830582457563e+02
3.347048512950994791e+03
4.119720656727356072e+03
4.463602890609763563e+03
4.253358372190642513e+03
3.327469075473068642e+03
2.420169758138629732e+03
1.533440065906449490e+03
8.425535247517616426e+02
3.982995469950224106e+02
1.596111481759298272e+02
3.664144042352957058e+03
4.515141991775745737e+03
4.899894165474135661e+03
4.409634608900176318e+03
3.683297719221628995e+03
2.690643571781963601e+03
1.714732652996543266e+03
9.495253426048393521e+02
4.536824302985943405e+02
1.846066656705644391e+02
3.506962995528524971e+03
4.324465967442393776e+03
4.698695973425569719e+03
4.231055472383267443e+03
3.542850082770489280e+03
2.596411370675698436e+03
1.661593396293614887e+03
9.250481381265542495e+02
4.450611953504249527e+02
1.827575224625824717e+02
2.940697266144040896e+03
3.627248716678956498e+03
3.944655443726289832e+03
3.537719854826713345e+03
2.967705238857472523e+03
2.179837369475595551e+03
1.398837686318946453e+03
7.812845191724342158e+02
3.772520694548675237e+02
1.554736343244329362e+02
2.164961481398421711e+03
2.670008603655669049e+03
2.693741600595831187e+03
2.580309576777996426e+03
2.167215561673044704e+03
1.593951381769293221e+03
1.024189693721769345e+03
5.726063624231775293e+02
2.765034594175349412e+02
1.136767385105472812e+02
