5.375473145971403710e+02
6.675987074240583752e+02
7.170038168292958289e+02
6.635018726680714281e+02
5.255686440237244597e+02
4.316026251224073462e+02
2.565832812281538509e+02
1.294829517682605626e+02
5.501828775037046881e+01
1.962811786918596724e+01
1.052620552530033592e+03
1.312544520135852736e+03
1.420335018100298385e+03
1.329681006053937608e+03
1.071279383898547394e+03
8.491723288057742138e+02
5.130570932528806907e+02
2.640234168603298031e+02
1.147398986507381835e+02
4.182668902932559263e+01
1.807625382460186529e+03
2.263831467981280639e+03
2.466807814233325644e+03
2.332526825575171642e+03
2.084289367649657379e+03
1.486605118937232646e+03
9.129744246092691355e+02
4.796166673477700328e+02
2.138950847800806798e+02
8.042191780509544685e+01
2.730341507154840656e+03
3.434504206724438973e+03
3.766378937435274565e+03
3.592609750981598609e+03
3.192048437886519423e+03
2.304688523061686283e+03
1.437419107694445756e+03
7.702022547364222191e+02
3.523374148788568050e+02
1.368247523877299159e+02
3.632153168929279218e+03
4.588619307753114299e+03
5.061567509758754568e+03
4.865536471341847573e+03
4.322528943488641744e+03
3.156116117128500719e+03
1.996611794344753662e+03
1.089503354840496968e+03
5.103090951122888441e+02
2.043229597357563705e+02
4.257475105293683555e+03
5.401075963988111653e+03
5.989985675680345594e+03
5.797911020927417667e+03
5.168953242725918244e+03
3.812946684341643049e+03
2.443538976575572633e+03
1.355652327231087156e+03
6.487445849127221891e+02
2.671207195739667668e+02
4.397249821362956027e+03
5.600953092732278492e+03
6.242770662761779931e+03
6.396156156796584582e+03
5.454777236627970524e+03
4.061532390121027220e+03
2.633705859480967320e+03
1.483332915896809936e+03
7.238258478777732989e+02
3.057355422092152253e+02
4.000497947744740031e+03
5.115746666066293983e+03
5.728650767398326025e+03
5.914621967729682183e+03
5.078813142481483737e+03
3.814175385292264764e+03
2.500245152644426980e+03
1.427802034385315437e+03
7.093533386021074421e+02
3.067837797211281554e+02
3.203908394128497548e+03
4.113264551913744071e+03
4.626474479743236770e+03
4.828704506489357300e+03
4.172725097348956297e+03
3.158823295725153457e+03
2.091723891283269495e+03
1.210142244724154352e+03
6.115097532947264654e+02
2.705078550433300961e+02
2.256438363011882757e+03
2.908696326886545648e+03
3.518897957927319567e+03
3.481961254811189519e+03
3.026874720330607943e+03
2.308839222514838639e+03
1.543815186333151587e+03
9.045064992053235073e+02
4.647729982663486794e+02
2.103115436694257312e+02
