8.511188707465744407e-01
2.997711180346830373e-01
4.896748381688423302e-03
5.968431623508442252e-01
1.639069294351236161e+00
1.869074867070779078e+00
1.041331499782929271e+00
1.875273683970985761e-01
2.244055368942450210e-02
3.320285498125182255e-01
1.957842070727342731e+00
1.223614483078487636e+00
1.425482499229198674e-01
4.199988151054288021e-01
2.465715409908652678e+00
3.894757187470499371e+00
2.969333602975719355e+00
1.060951087357529632e+00
6.249677051268257011e-02
1.286555670574054955e-01
5.427195127546768028e+00
6.139953754883946679e+00
3.968777147617907453e+00
7.178960444675935859e-01
2.787429257197054366e-01
2.256289627951815646e+00
2.882640918291035526e+00
1.478314135832598630e+00
6.030964594961575109e+00
3.177535131329678464e+00
1.157397262762951939e+01
1.906083353416245529e+01
2.127859782300205893e+01
1.429223325079672158e+01
4.587148002705512262e+00
2.328709858612646677e+00
6.341620447596680421e+00
7.078365900930438492e+00
5.112230766372273472e+00
3.030857269743445048e+00
1.511984887100718389e+01
3.315973247600473428e+01
4.997880037558446986e+01
4.948235076333092053e+01
1.275053726218918015e+01
2.019445888884502605e+00
1.822130631128452971e-01
2.036311525476667050e+00
2.736983143025547793e+00
2.225929760730598783e+00
9.766881594865704841e+00
3.052418656937877728e+01
6.062984853979567390e+01
7.728864608934108560e+01
3.614595890676240231e+01
1.547826807162793727e+01
2.653842590042626792e+00
2.622565594988821979e-03
7.924095413694303147e-01
1.291956888454935726e+00
1.372937052836137095e+00
1.169411603676744704e+01
3.689084140733892525e+01
6.295969475832043116e+01
3.748139302638587367e+01
2.234815443125549805e+01
6.979246771429026275e+00
6.578852946204479801e-01
1.061031225599933098e-01
7.037791346495093636e-01
1.143071979868760524e+00
2.095714820043167170e-01
7.995005914527357760e+00
2.528025347843117032e+01
1.644326323118971089e+01
1.321506413942293534e+01
5.318064998840392299e+00
7.586133751991999130e-01
2.560768219762954781e-02
4.996976154095163491e-01
6.286277165482068163e+00
3.415229685206956134e+00
3.366518106977823416e-02
3.260923994358806421e+00
1.509197230754418140e+00
2.604283942703806698e+00
1.308623772250439465e+00
1.232299773549552918e-01
1.061915671972339381e-01
5.356313332910024316e-01
7.108553977848940164e+00
6.933918047883366853e+00
2.918496730836355191e+00
6.453110398804966230e-02
1.177452347955016743e+00
2.742925560975505161e-02
2.546768455723425178e-03
8.919433872314516676e-02
3.722126893645342771e-01
6.882852815365453347e-01
