5.416440232746444643e+06
4.051212980319160037e+06
1.930394922767744400e+06
2.795733358595152386e+05
1.889504757539130806e+05
1.784413088562897407e+06
4.128947599462589715e+06
5.903055520272673108e+06
6.303978664164664224e+06
5.404207330268046819e+06
1.097149360729860142e+07
8.576917376442546025e+06
4.519280546614337713e+06
9.909527549817195395e+05
8.183428809143892431e+04
2.250804669452185743e+06
6.023626092163446359e+06
9.124912159452408552e+06
1.005428461612421833e+07
8.792236237662067637e+06
1.933798030915711075e+07
1.565750883923976682e+07
8.891753516116868705e+06
2.504580377147802152e+06
4.312884717491990614e+02
2.438514651553305797e+06
7.780030866129864007e+06
1.254880226986416616e+07
1.428358134220984578e+07
1.274565701956727169e+07
2.973453194473868608e+07
2.476646000583094358e+07
1.489614506718911976e+07
4.959917308849272318e+06
1.125215703133096977e+05
2.252711253039201256e+06
8.907717845382867381e+06
1.536988580524191447e+07
1.808842890280907974e+07
1.647221043584015965e+07
3.996168832808516175e+07
3.406088503828386217e+07
2.142831489433117956e+07
8.033927773422007449e+06
5.376654902042555623e+05
1.756889831192584708e+06
9.057253554646000266e+06
1.678768967850914970e+07
2.043630365462575480e+07
1.898932073734336346e+07
4.700898038864562660e+07
4.083088705958715081e+07
2.661933603572479635e+07
1.089198125012085587e+07
1.216904732705276459e+06
1.140376313442761311e+06
8.198636568960746750e+06
1.637608248782582954e+07
2.061733767573688179e+07
1.953822768090374395e+07
4.845485330580388755e+07
4.274255728515258431e+07
2.866902142019024119e+07
1.254383927345571108e+07
1.895842444088550750e+06
6.029481674536515493e+05
6.628514575256180950e+06
1.429097837271265313e+07
1.859123437516466528e+07
1.795290471779774129e+07
4.379814395969703794e+07
3.912480340970797092e+07
2.684342844134790450e+07
1.234963076789961569e+07
2.274478929390956182e+06
2.507707305788684171e+05
4.806379971803070977e+06
1.117775756825260632e+07
1.499896652386221476e+07
1.474050450100881606e+07
3.473592723046293110e+07
3.134567084530489892e+07
2.189349909871877730e+07
1.046488505034248158e+07
2.205534033263294958e+06
7.700331505768335774e+04
3.141416796818708535e+06
7.851327015567478724e+06
1.083736762962097861e+07
1.082084977801379189e+07
2.418049548300776631e+07
2.199456209778549150e+07
1.559042065604363382e+07
7.660838172218725085e+06
1.771876634758983273e+06
1.519801934433038696e+04
1.861321127384950873e+06
4.962342262692243792e+06
7.019506396023873240e+06
7.105622052823397331e+06
