1.342423058487310300e+04
1.694800407262831868e+04
1.888948781000580129e+04
1.856717483890659059e+04
1.607797873201139009e+04
1.181228083557879472e+04
7.845504147478520281e+03
4.547772171372897901e+03
2.288752534203634241e+03
9.915540544196678638e+02
2.033461542690678834e+04
2.562843848715040440e+04
2.850177264634074527e+04
2.793906898669553630e+04
2.411157528723938231e+04
1.775750989893057704e+04
1.174710476048460623e+04
6.777440822794169435e+03
3.392070591078874259e+03
1.460203951730168001e+03
2.732406956515473939e+04
3.436524880799126549e+04
3.812117961541224940e+04
3.725430582705542474e+04
3.203115061574330321e+04
2.357382094392970612e+04
1.551724012452985880e+04
8.898027685144534189e+03
4.419546557544570533e+03
1.884179871629134141e+03
3.255730979917952573e+04
4.084596531992161908e+04
4.517888795339038188e+04
4.399983265822945395e+04
3.690212276676078181e+04
2.764101152329835895e+04
1.808572031128065646e+04
1.029291067242953432e+04
5.062813291506642599e+03
2.130656037872745856e+03
3.439233575132411352e+04
4.302524256719982077e+04
4.743272808433979662e+04
4.601618457972416945e+04
3.843029139680285880e+04
2.862250195850766977e+04
1.859526326997542492e+04
1.048677211462585910e+04
5.096276571277265248e+03
2.109466541396796856e+03
3.220745909825324270e+04
4.016063242426644865e+04
4.410960242838539853e+04
4.260562487334954494e+04
3.536593847518861730e+04
2.616637021613391698e+04
1.685732433542817307e+04
9.402886849568236357e+03
4.502220999170976938e+03
1.824863133754735145e+03
2.673927677969817159e+04
3.321822155804163776e+04
3.633046191220110632e+04
3.417527025088949449e+04
2.874812522767761402e+04
2.110614378057649810e+04
1.346254389733729295e+04
7.410494208301671279e+03
3.483835823768217324e+03
1.374876119209294757e+03
1.968383038362213119e+04
2.434943038097375029e+04
2.650315421778281961e+04
2.469850343824776428e+04
2.062844843045710149e+04
1.500782101863211574e+04
9.459455151790822129e+03
5.123618766013629283e+03
2.354210179648488065e+03
8.975138909840968608e+02
1.285237448388968005e+04
1.582130592884395992e+04
1.712686373833529797e+04
1.575976902840161347e+04
1.305344202542782295e+04
9.394811978190175068e+03
5.836881629490619162e+03
3.098929448885151487e+03
1.382892853208431234e+03
5.034776500147796128e+02
7.448322876947449913e+03
9.117253111093017651e+03
9.416051671338193046e+03
8.867652826341643959e+03
7.272914285159108658e+03
5.166789846098019552e+03
3.153538521745966136e+03
1.632358657414716617e+03
7.009106805829134146e+02
2.393137934413563528e+02
