1.597085656864567227e+02
2.934803526074668412e+02
4.574725887176800256e+02
6.138473428164908228e+02
7.154172980455336983e+02
8.403460140165232133e+02
7.562322532372303385e+02
6.042922197031745100e+02
4.304495647200536155e+02
2.746937959447039930e+02
2.507173040166460396e+02
4.633193962180987455e+02
7.269271728837995852e+02
9.821908486182686602e+02
1.153068177148364612e+03
1.324663119875872326e+03
1.199579254516878336e+03
9.633737942186655800e+02
6.886163212927492623e+02
4.400243166363055707e+02
3.396422136342928866e+02
6.355344795189774914e+02
1.008165026694959465e+03
1.375927703853294815e+03
1.630642482602477457e+03
1.856899030176502947e+03
1.694853183601418550e+03
1.370503132043505047e+03
9.852851376590450627e+02
6.323023790144213763e+02
3.986474582445169972e+02
7.600918962932352088e+02
1.224231095957209163e+03
1.692646950883374757e+03
2.213547980217425447e+03
2.312398596613783411e+03
2.130439431602027980e+03
1.737351080030991170e+03
1.258506320034486862e+03
8.129191135250267735e+02
4.060024463369714454e+02
7.940063267472900179e+02
1.304061526095875024e+03
1.832084375259208855e+03
2.419715425747359404e+03
2.558061546871796509e+03
2.382265848668952458e+03
1.961972691162953652e+03
1.434191168474543019e+03
9.341065872914830379e+02
3.586824524441500444e+02
7.249367745909618179e+02
1.219868927919214229e+03
1.747041531875649753e+03
2.347741287694741914e+03
2.515411220077521648e+03
2.371065776616470430e+03
1.974658799700572217e+03
1.458583038161267950e+03
9.593252094400204442e+02
2.743273090797941904e+02
5.783513577531674628e+02
1.002628071163790764e+03
1.626325231900550762e+03
2.024357502906643504e+03
2.201288412564178543e+03
2.102887582459818077e+03
1.773074045213205636e+03
1.324991717412973685e+03
8.811900465506843148e+02
1.808720801176861812e+02
4.026617333247755823e+02
7.240134724655578111e+02
1.225763822168753677e+03
1.554176689127882128e+03
1.717465288203172577e+03
1.664679849574380341e+03
1.422572118232711318e+03
1.076686090582470115e+03
7.249534398644036628e+02
1.019850379974326273e+02
2.439291325502696566e+02
4.588777184911269842e+02
8.238098025312259551e+02
1.065327671714325561e+03
1.197655396905651742e+03
1.178960864675706034e+03
1.022097839185342309e+03
7.843144276597377029e+02
5.353339732646120410e+02
4.841320365108342827e+01
1.277886914830294245e+02
3.223753908974525757e+02
4.959875551012196411e+02
6.545862105033294256e+02
7.491251524791498468e+02
7.494572986327395938e+02
6.596925871281296168e+02
5.137710008444273626e+02
3.559817457890623587e+02
