1.552991519383793850e+01
2.638113509728483663e+01
3.510824845985994358e+01
3.547127672967588552e+01
2.707385453420345200e+01
1.595685923953478280e+01
7.745322499306151798e+00
3.535381893849943058e+00
1.837495321929943026e+00
1.242241733217712474e+00
5.248361839544244845e+01
9.794951053660604146e+01
1.380126051151545141e+02
1.439117467604837373e+02
1.105454198457292705e+02
6.315710589089223959e+01
2.776617134591679203e+01
1.023617380369717722e+01
3.779619977918236451e+00
1.780839782488674139e+00
1.478155880953603969e+02
2.916596256579116471e+02
4.268239326009680781e+02
4.573466337106395372e+02
3.575797986979301299e+02
2.049336028488353918e+02
8.768996685247942935e+01
2.947860079130105859e+01
9.435071133617942696e-01
7.074133295733027460e-02
3.163199974668519303e+02
6.474406973969166756e+02
9.744904600017284793e+02
1.068949594496136569e+03
8.524721348215589387e+02
4.105612094769340956e+02
1.581797395388222469e+02
4.009570983656941223e+01
5.489725414980428653e+00
8.052832892872695270e-02
4.950229826474316042e+02
1.041911248424934911e+03
1.605628205678135600e+03
1.799081004949473481e+03
1.314238815757567409e+03
7.521244016272275985e+02
3.024248896349701567e+02
8.247346824626048090e+01
1.352886077000393072e+01
6.973832021298294048e-01
5.570020774269555659e+02
1.201261830658494773e+03
1.892408926056146811e+03
2.164481560822961910e+03
1.629962582058998123e+03
9.551271681080356757e+02
3.950157505744649029e+02
1.120334009212571118e+02
1.980303708083802405e+01
1.373672716270947225e+00
4.466797613256684372e+02
9.860993427157778797e+02
1.588669517563420868e+03
1.856284149804767821e+03
1.417426803245608880e+03
8.473863170055215051e+02
3.573649073157003500e+02
1.033208843398904264e+02
1.860335247421646443e+01
1.309714875863559280e+00
2.542084235288657226e+02
5.742806775846891014e+02
9.477986797888901265e+02
1.133905178947785544e+03
8.614673280985470001e+02
5.242713545294669757e+02
2.237477099663946092e+02
6.466962801961672369e+01
1.120411956565358480e+01
5.984666473422548538e-01
1.030925182884476925e+02
2.375477919175086470e+02
4.023474224607689393e+02
4.946369917347657861e+02
3.609566105421488942e+02
2.230447209532130728e+02
9.519535448823330626e+01
2.659457955514282190e+01
3.958589792751509240e+00
5.372969420018559872e-02
3.076801659878099926e+01
7.107077687888704531e+01
1.232179601292252045e+02
1.562581369837686225e+02
1.444047799612371819e+02
6.250030681753342776e+01
2.588112895702347416e+01
6.366970845483739261e+00
5.305618108679086564e-01
7.891236793752841316e-02
