4.885501415252140760e+03
7.847744928304138739e+03
1.118778965998804597e+04
1.416172394227267796e+04
1.591921843883418660e+04
1.639859586750791277e+04
1.456051591289037606e+04
1.149979079726065720e+04
8.080785576273697188e+03
5.055248656315333392e+03
9.335277164667535544e+03
1.496413751248153858e+04
2.130310115720039539e+04
2.694091131454831702e+04
3.026705671463143517e+04
3.090333767938981327e+04
2.742596316085138096e+04
2.164429917360732361e+04
1.519178506788705999e+04
9.487268176982031946e+03
1.582646548767754575e+04
2.532939581107897902e+04
3.601860674903875770e+04
4.551371837161761505e+04
5.110335642135854141e+04
5.188529219272647606e+04
4.602428236633050255e+04
3.629861096064933372e+04
2.545547211622173199e+04
1.587768441256176447e+04
2.382598876296922026e+04
3.808383207721944927e+04
5.410294696532547096e+04
6.831354006268145167e+04
7.776930929792344978e+04
7.754562131532521744e+04
6.875135389247910643e+04
5.419167162165540503e+04
3.797692373307095841e+04
2.366650634616904790e+04
3.186302467077583060e+04
5.087575256025800627e+04
7.221252795117766073e+04
9.111382279467959597e+04
1.034639639817019633e+05
1.031148916962981166e+05
9.137386100202416128e+04
7.198421784120930533e+04
5.041548475097583287e+04
3.139579589194645450e+04
3.785672674401562836e+04
6.038990660802934144e+04
8.564871656413938035e+04
1.079920578115578246e+05
1.224318234559488628e+05
1.219540919071102689e+05
1.080119197231365979e+05
8.504778075655418797e+04
5.953331775582076807e+04
3.705277303426603612e+04
3.995870738199931657e+04
6.369210203790703235e+04
9.026682676991879998e+04
1.150930560664212971e+05
1.288336582480590587e+05
1.282608762553286651e+05
1.135392397417877510e+05
8.935638929363864008e+04
6.252018707339061075e+04
3.889410017729474202e+04
3.746679197015680256e+04
5.968021188374741905e+04
8.452657780683487363e+04
1.077506649740634894e+05
1.205420408039363392e+05
1.199400580541521922e+05
1.061202711862747674e+05
8.347986383676638070e+04
5.838521346332178655e+04
3.630939051660394762e+04
3.120097916325599726e+04
4.967391259623388032e+04
7.031587243413846591e+04
8.969113931029092055e+04
1.002767053167472768e+05
9.972144084446526540e+04
8.818920731252168480e+04
6.934634825017565163e+04
4.848497312298377074e+04
3.014636170145030337e+04
2.307018403603503612e+04
3.671759550916658191e+04
5.286942583873557305e+04
6.638237086959859880e+04
7.417014750933766481e+04
7.372000225792625861e+04
6.516602531449912203e+04
5.122526272759559652e+04
3.580796740763656271e+04
2.226376289507641195e+04
