7.454971739011353748e+03
1.166541461279644682e+04
1.621899661998293777e+04
2.003430945392605645e+04
2.198827165005538700e+04
2.086493166288765133e+04
1.805403553749574712e+04
1.386348567930717036e+04
9.444928672751968406e+03
5.705097106429167980e+03
1.399331475086489991e+04
2.193710857393305196e+04
3.055107226554769659e+04
3.779741653171362123e+04
4.154717976239399286e+04
3.978169561943296139e+04
3.448977836790662695e+04
2.654714365199393433e+04
1.813838270294686663e+04
1.099605811417384939e+04
2.328930045690743646e+04
3.657083432525134413e+04
5.101177696753400232e+04
6.320988290897496336e+04
6.958881565719319042e+04
6.703959089807132841e+04
5.822890086512615380e+04
4.491363740895961382e+04
3.076166385860352966e+04
1.870223146655268647e+04
3.436933177475789125e+04
5.405492181778878876e+04
7.551767364567377081e+04
9.372218348857440287e+04
1.020605087152128690e+05
9.999017476633249316e+04
8.700151608932227828e+04
6.723533597342552093e+04
4.614713312090189720e+04
2.812301012206114319e+04
4.498638825239708967e+04
7.086256605934664549e+04
9.915259443896965240e+04
1.232470198416280036e+05
1.346395439989204751e+05
1.321185724484410021e+05
1.151496016559036507e+05
8.914593779247048951e+04
6.130068852544969559e+04
3.743407897128386685e+04
5.224389788624112407e+04
8.242007051368604880e+04
1.155018181188369781e+05
1.437919891480408842e+05
1.574565766200353974e+05
1.547506473258261976e+05
1.350916289201324689e+05
1.047568886333184637e+05
7.215787464250960329e+04
4.414237591012892517e+04
5.385045633943303983e+04
8.508134479771621409e+04
1.194120781114296115e+05
1.473476615949013794e+05
1.633148259656287264e+05
1.607542409216048254e+05
1.405478387737706362e+05
1.091552307862008602e+05
7.530325447110462119e+04
4.613801664414395782e+04
4.928299519391860667e+04
7.797684037079267728e+04
1.096021526374041714e+05
1.353834111332325556e+05
1.502823605354447209e+05
1.481466837225035415e+05
1.297140603799492092e+05
1.008848947320341977e+05
6.969436040943207627e+04
4.275878535135272250e+04
4.006070244332014408e+04
6.347038136322361970e+04
8.933769353439804399e+04
1.103820661859135871e+05
1.227146574020560365e+05
1.211456096509506606e+05
1.062190184518523311e+05
8.272008417763504258e+04
5.721591253988267999e+04
3.514251639862693264e+04
2.893582924981360338e+04
4.589960270618349023e+04
6.367674821759671613e+04
7.986893953634795616e+04
8.892569328226956713e+04
8.791139265950853587e+04
7.717961304704035865e+04
6.017643993146483263e+04
4.166675597765438579e+04
2.561441185999741720e+04
