6.046538464689275133e+04
8.012346157620742451e+04
9.433458673160192848e+04
9.867658065430803981e+04
9.170791726420688792e+04
7.464063843179612013e+04
5.465652676383708604e+04
3.553221373074567236e+04
2.050313485685178239e+04
1.049542260857607107e+04
8.715002844129083678e+04
1.155811826892371610e+05
1.361767833878582751e+05
1.425292945450818515e+05
1.325316848441832990e+05
1.081819897846570093e+05
7.928310536324100394e+04
5.159670051756199973e+04
2.981562749111185622e+04
1.529356512045046111e+04
1.116763130712461425e+05
1.482456778253405355e+05
1.748045082732014416e+05
1.830945692824485013e+05
1.703699236400943773e+05
1.393631311031954829e+05
1.022308571401427762e+05
6.660725323720199231e+04
3.854625880941891228e+04
1.981079995914221581e+04
1.271987433029119420e+05
1.690277811559247784e+05
1.995020059097511403e+05
2.091541738381239702e+05
1.930314855451354524e+05
1.595990391649056110e+05
1.172048696256644907e+05
7.646331881783744029e+04
4.432141669586009812e+04
2.282586591157329894e+04
1.287538285028599494e+05
1.713000866206125356e+05
2.024148032454004860e+05
2.124439593193838082e+05
1.963026970335610677e+05
1.624976510285279655e+05
1.194913330657834886e+05
7.807408512841556512e+04
4.533793481223407434e+04
2.340206017354315554e+04
1.158090820663828345e+05
1.542919295089583902e+05
1.825632113972518418e+05
1.918658868740171893e+05
1.774503390931974282e+05
1.471034114058203704e+05
1.083419830880449299e+05
7.091637119804676331e+04
4.126819940500340454e+04
2.135513722018922272e+04
9.255528112680387858e+04
1.235087425072428887e+05
1.463713991377780039e+05
1.525107717756523052e+05
1.425838206264215114e+05
1.184033860952797550e+05
8.736768281559774186e+04
5.730782436081347259e+04
3.342991933542198240e+04
1.734802378113410668e+04
6.572586002681260288e+04
8.786807031015276152e+04
1.043264763454318745e+05
1.087052762791800924e+05
1.018298177128770039e+05
8.473381812012550654e+04
6.266136830351502431e+04
4.120256260407169611e+04
2.410159479050236405e+04
1.254650057382079103e+04
4.147610070981477475e+04
5.556466786262808455e+04
6.611438761405432888e+04
6.883132301284688583e+04
6.462861633739094395e+04
5.390779911723111582e+04
3.996754169623550115e+04
2.635402181470479263e+04
1.546361603709668270e+04
8.077157835344546584e+03
2.326634146574696206e+04
3.124194732498573649e+04
3.649731901486532297e+04
3.870386407652783964e+04
3.644102733905578498e+04
3.048135801086152424e+04
2.266544160698228370e+04
1.499211853564746525e+04
8.826304569585843637e+03
4.626272910145499736e+03
