1.189279041337314311e+03
1.574136475992361511e+03
1.835713005449504635e+03
1.885544097417084231e+03
1.703982674354394021e+03
1.503364305598488727e+03
1.066193788694151635e+03
6.683048074411146899e+02
3.708666462057482818e+02
1.830737025907785664e+02
1.683474676943061013e+03
2.230453672760042537e+03
2.604259728314188123e+03
2.678526777989455695e+03
2.424070636934605773e+03
2.106367827472899080e+03
1.491853318835184609e+03
9.324762349344078984e+02
5.148866997443224136e+02
2.520500622722055084e+02
2.111303213185224649e+03
2.801441197314596593e+03
3.275562720106610868e+03
3.373268360839803790e+03
3.056217089123885671e+03
2.632873715767552312e+03
1.863016986885831329e+03
1.162080996494951023e+03
6.393596685255716920e+02
3.111427383991676834e+02
2.347756761863715838e+03
3.120973200872523194e+03
3.654816366672318054e+03
3.768365309783250723e+03
3.654874302005535810e+03
2.932611973619164928e+03
2.073650226814417238e+03
1.291445705982126128e+03
7.086498150775987597e+02
3.434421456117128741e+02
2.315235942989317664e+03
3.084466486723423259e+03
3.618049855145636684e+03
3.734668642720487242e+03
3.625317085806550949e+03
2.908998560671393534e+03
2.055820865075377696e+03
1.278818906166554598e+03
7.003961671707540972e+02
3.385465548180071664e+02
2.024239554758059285e+03
2.703608909926828801e+03
3.176938668485642665e+03
3.282805371906961682e+03
3.201802375879978626e+03
2.569321025585915777e+03
1.815057173240774546e+03
1.128147959744406762e+03
6.172018951751771283e+02
2.980097402019957826e+02
1.567959631006945756e+03
2.100391251779690720e+03
2.472893684585607389e+03
2.764140498255879720e+03
2.518323910207540848e+03
2.021126475326541595e+03
1.427592109925816430e+03
8.870913228811144791e+02
4.853080824154323523e+02
2.345410885175970179e+02
1.074522746492887109e+03
1.444538594614934937e+03
1.704447249181088864e+03
1.936707291208831748e+03
1.765299635297863460e+03
1.417221542293185848e+03
1.001343995255396976e+03
6.226162540299625334e+02
3.411649238662333232e+02
1.655159859213032689e+02
6.498849045622915810e+02
8.776331872783554218e+02
1.038244918564958198e+03
1.211157142813346127e+03
1.104564889632373252e+03
8.873936131397138070e+02
6.277041839208693546e+02
3.911294598038014101e+02
2.152326795057245477e+02
1.053055592318499123e+02
3.453446904938817283e+02
4.692390407876419545e+02
6.553790997962692018e+02
6.779389906282150378e+02
6.187467904484381052e+02
4.978171256407072178e+02
3.530572031660450421e+02
2.210371546512081409e+02
1.226876076653978629e+02
6.098048585168000102e+01
