1.039337152461437583e+09
1.025957787726607680e+09
7.561851686347166300e+08
3.522538471681130528e+08
4.963735706229189038e+07
3.187210558933258429e+07
2.898312699810594320e+08
6.365701921584126949e+08
8.586557951007535458e+08
8.601014142252014875e+08
1.575679090144471884e+09
1.556936591616718292e+09
1.145728156887406588e+09
5.295944148394397497e+08
7.136829740173147619e+07
5.363018904022075981e+07
4.604389422769145966e+08
1.000666137719564438e+09
1.343439570685688972e+09
1.341581514748378992e+09
2.081595802519690037e+09
2.055092361605212212e+09
1.503352038928474903e+09
6.816280986442131996e+08
8.259187868989582360e+07
8.703192966576594114e+07
6.661046471413060427e+08
1.415915326596669674e+09
1.882733626108222008e+09
1.869296153275284052e+09
2.393056793249615669e+09
2.356301741072455883e+09
1.705583348407306671e+09
7.487885797135637999e+08
7.502604482877466083e+07
1.331748623033261001e+08
8.744168488209606409e+08
1.800137212356155396e+09
2.360304359325001717e+09
2.324139237530104160e+09
2.388615606883949757e+09
2.341183372506833076e+09
1.668014249238404274e+09
6.978325641894273758e+08
5.046746957295940071e+07
1.878921230120172799e+08
1.037578860901386738e+09
2.052378739923486948e+09
2.643383561916926384e+09
2.575547720978214264e+09
2.062812732562590122e+09
2.008262280922127247e+09
1.399235129802314520e+09
5.459491416080805063e+08
2.145484259496507794e+07
2.399670004543066919e+08
1.108528524044431210e+09
2.094238565059592962e+09
2.640829980520805836e+09
2.540783340473877907e+09
1.533326563118263960e+09
1.478848875840593338e+09
9.990082246262812614e+08
3.520440512218199968e+08
2.907847211588920094e+06
2.737452791389063597e+08
1.062313945149908185e+09
1.908661945492636681e+09
2.349917144318518639e+09
2.228344206322103500e+09
9.733757140513550043e+08
9.268173361573117971e+08
5.996075302532323599e+08
1.810919189087852836e+08
1.239555319164376007e+06
2.764388182244480848e+08
9.099253294978591204e+08
1.550508159054787874e+09
1.859527499910446167e+09
1.734947463978810072e+09
5.213683890048722029e+08
4.876656325790454149e+08
2.963709986558363438e+08
6.942295817071054876e+07
1.109124918430908769e+07
2.457134544138824046e+08
6.943820798019444942e+08
1.120359006318338633e+09
1.306311922511274576e+09
1.197240966452952862e+09
2.310040699614648223e+08
2.105788183367646635e+08
1.161597906190949827e+08
1.663434676948462054e+07
2.168658520909785107e+07
1.915597443880756795e+08
4.706976652345457673e+08
7.185396721696529388e+08
8.131536197227600813e+08
7.309257371497738361e+08
