5.786572088153285449e+02
5.700402992488949394e+02
4.236294742709730485e+02
2.035921094455517846e+02
3.372410903803650939e+01
2.849014421964348642e+01
1.828964274619718822e+02
3.767383044874272855e+02
4.975754698730188466e+02
4.964432321948677895e+02
8.746047442393228266e+02
8.640381052267938458e+02
6.416697331551235948e+02
3.058607186911824556e+02
4.831492742836604748e+01
4.166094505683375360e+01
2.779429033334893688e+02
5.768472431410137915e+02
7.632775880803636710e+02
7.608620857807583207e+02
1.155479655231707511e+03
1.142256922907152557e+03
8.442592957103822755e+02
3.953061837854130545e+02
5.688564387553703483e+01
6.109953475381168175e+01
3.910611573716988687e+02
8.038650580954581528e+02
1.058276239662868647e+03
1.050554897494470879e+03
1.329539804510420254e+03
1.312229622839960257e+03
9.607287375150126536e+02
4.365015477042256293e+02
2.819221174082967707e+01
8.800697275704123967e+01
5.064634003046604676e+02
1.015771820123516818e+03
1.322127110308671263e+03
1.302957068229253991e+03
1.327436605278653133e+03
1.304871507785107951e+03
9.409155530066144593e+02
4.081876154870724349e+02
1.726334124785020308e+01
1.211788232590574381e+02
6.005356252966586226e+02
1.160516075531215847e+03
1.485097191071455427e+03
1.448685898449183924e+03
1.144801114587286520e+03
1.117576549221152845e+03
7.878792672832513517e+02
3.190300934435386466e+02
4.902316675949119684e+00
1.554405507184278861e+02
6.487589342794539107e+02
1.196041401890636735e+03
1.497442181175932319e+03
1.441974252374717480e+03
8.476548873220697260e+02
8.187593755662876447e+02
5.586646400876416010e+02
1.508015043484724629e+02
2.698780619039602147e-02
1.820130214671874000e+02
6.357755264876915362e+02
1.109909051338518111e+03
1.353844783136386923e+03
1.283810503219061502e+03
5.343078028779690385e+02
5.080282867461892806e+02
3.305170581766867599e+02
6.598558503047843260e+01
6.354318916113536275e+00
1.918723719612684420e+02
5.632058691672575605e+02
9.262001855145289255e+02
1.096809691071808174e+03
1.021988136808323361e+03
2.832058508060376880e+02
2.630120710206372792e+02
1.592511991022569191e+02
1.685543511055893973e+01
1.958822981115980255e+01
1.806124368748321558e+02
4.498798687891464283e+02
6.945819379449527560e+02
7.962203598147347066e+02
7.276589345429819105e+02
1.239347680266979665e+02
1.109721586609056914e+02
3.291717806322101580e+01
6.366382043665375079e-01
3.138572237166133050e+01
1.512806309136359175e+02
3.236886223997433945e+02
4.682850370773859368e+02
5.184417578686002344e+02
4.640348108727732779e+02
