5.323526754821452869e+02
4.968528929344665244e+02
3.338899917529861909e+02
1.253209806049873123e+02
4.169235768633400063e+00
9.224507739396264583e+01
3.244636579997575154e+02
5.667309511092011007e+02
6.928870863147660657e+02
6.609543811254859520e+02
7.812258592028874773e+02
7.240135392071631486e+02
4.766837045129120725e+02
1.676591646778880431e+02
2.222942610705681776e+00
1.576264195672929986e+02
5.298912258135247839e+02
9.108419689552873706e+02
1.103393986377601550e+03
1.045026910537269487e+03
9.943061631280254460e+02
9.101748155734444481e+02
5.804561963707632231e+02
1.842181391201205543e+02
5.736116509929722017e-03
2.577535825678585866e+02
7.987236815161191998e+02
1.334035683677792804e+03
1.591549669535804696e+03
1.491903064661150211e+03
1.090448723017360862e+03
9.792096426134608009e+02
5.951562993818995437e+02
1.599587981395279712e+02
1.860578357043801745e+01
3.952646753489983666e+02
1.103816170118748460e+03
1.773762495559815989e+03
2.073394445330488452e+03
1.918128206959824638e+03
1.022068253425253374e+03
8.918159520822088098e+02
5.038571704072014654e+02
1.014662978206500270e+02
5.668934848229770296e+01
5.585224244510526432e+02
1.390531710981892729e+03
2.134640936846934892e+03
2.434580467841855352e+03
2.217130764581888798e+03
8.091524253023030724e+02
6.761484073781778079e+02
3.403175013389423498e+02
3.791644126578452045e+01
1.242714248530072609e+02
7.172913455527692577e+02
1.588938262570391998e+03
2.319524048945327650e+03
2.572701865138799803e+03
2.301363493054826904e+03
5.310979572298997482e+02
4.147080005764270254e+02
1.709780753752121427e+02
1.892784764274573761e-01
2.118359854608485193e+02
8.290406430852317499e+02
1.640217551173056336e+03
2.271243008276244382e+03
2.443990158948059616e+03
2.143640812582865237e+03
2.798229984687856700e+02
1.946887478655886810e+02
5.323419529312008791e+01
2.371279145304363567e+01
2.929392167913511003e+02
8.567535755209531771e+02
1.524653559863854525e+03
2.001079760652682126e+03
2.085664050903159932e+03
1.791274826291697764e+03
1.110292841710495537e+02
6.139680136629556273e+01
4.329687131664048394e+00
7.029073603715958996e+01
3.372877026607841344e+02
7.886287617641190764e+02
1.273282211746826761e+03
1.584805018747053737e+03
1.598501471046269216e+03
1.343073160638334684e+03
2.835536380339015494e+01
8.146186487287375044e+00
1.484967846800207525e+01
1.102213549833403476e+02
3.290958991692114637e+02
6.455043762726830892e+02
9.541519370444566448e+02
1.127906354532535488e+03
1.100711272763844136e+03
9.043932451367024896e+02
