3.652035296869027547e+02
4.576586949237178032e+02
4.874270781179085361e+02
4.360454728092000778e+02
3.220075405858716522e+02
1.394583107216844269e+02
5.268745665848865656e+01
9.460689894777633668e+00
2.958178493510026444e-02
5.044649485745048345e+00
6.413483879878972402e+02
8.238961965349807315e+02
9.029815015543008485e+02
8.372413859042014792e+02
6.488581631525129296e+02
3.351773173057758299e+02
1.543421114092614062e+02
4.675121745952716878e+01
5.384546023567815531e+00
5.801175704271549494e-01
9.996842409582395703e+02
1.315628092642817592e+03
1.482785039099894675e+03
1.423048741545828761e+03
1.153807502368094674e+03
6.733280222349098949e+02
3.541493963429158498e+02
1.397089615814844592e+02
3.521614641583779104e+01
2.824029067995632136e+00
1.381399416696580147e+03
1.862108717915792113e+03
2.157223899714750587e+03
2.140288157329168826e+03
1.643951687855840419e+03
1.156415680755853828e+03
6.712177482694145283e+02
3.122755922170685494e+02
1.097157780754635894e+02
2.499352496065079876e+01
1.692680950026957589e+03
2.337270177552962650e+03
2.782340703295762069e+03
2.850586393231040347e+03
2.311629237511706833e+03
1.719320198376565941e+03
1.078342362877112691e+03
5.629140960617814926e+02
2.388919589779021919e+02
7.859992025771761348e+01
1.841072064153778683e+03
2.604461773936794543e+03
3.184976649480945071e+03
3.365927224787853902e+03
2.855150006613294408e+03
2.229389733689341028e+03
1.489588941965212143e+03
8.473978885427552541e+02
4.068759721649115022e+02
1.622529808592364304e+02
1.780062845853233057e+03
2.580044563166709395e+03
3.239959529871568066e+03
3.294354795081095290e+03
3.107209970227770555e+03
2.532845217189070809e+03
1.784349389849643558e+03
1.085402651384310502e+03
5.687669108452930686e+02
2.554271589465535044e+02
1.532630984923702272e+03
2.275651075502943513e+03
2.932883542410963855e+03
3.061058585916386164e+03
2.985223562077972474e+03
2.528549347267372468e+03
1.863254199318453175e+03
1.195872963221095006e+03
6.687874928465604398e+02
3.254917960852898204e+02
1.177609833600409729e+03
1.790210485901296352e+03
2.365868194437693091e+03
2.519334023378667553e+03
2.534461754149052013e+03
2.221716486567274842e+03
1.701480324591668250e+03
1.140853104339870470e+03
6.706856304969454641e+02
3.456717879072829192e+02
8.096319469042016408e+02
1.258683704205005597e+03
1.542371837643459685e+03
1.836616456998832064e+03
1.901834349989580687e+03
1.719233696826954656e+03
1.361055177225024636e+03
9.459949318105631164e+02
5.782000402483843118e+02
3.107466803785220577e+02
