7.324860950596566056e+01
8.358491647542452085e+01
7.998567150921837765e+01
6.245396766573502845e+01
3.800243838916216532e+01
4.185876691486341450e+00
3.321648923625380133e-03
3.210517817071867341e+00
8.640575018993299494e+00
1.195725254612647781e+01
1.224391540306218928e+02
1.432673919491843151e+02
1.408559446958241210e+02
1.136943800299414846e+02
7.252824450415779722e+01
1.460933676172316886e+01
1.179264208998741736e+00
1.508823659779316317e+00
7.978090951597331504e+00
1.315770842488517012e+01
1.834365163912557932e+02
2.199457105592103972e+02
2.222888569110889705e+02
1.857902471708181906e+02
1.245951464782037874e+02
3.551160601190018440e+01
6.896193569090564246e+00
7.140572984755011454e-02
5.486371354621248031e+00
1.212696417551430095e+01
2.449393576288212273e+02
3.008872865878945504e+02
3.127095277107739548e+02
2.708051317127019502e+02
1.396650829384368819e+02
6.820193507225735630e+01
1.984185752623303145e+01
1.128033201560892707e+00
2.145997819612343260e+00
8.778097720468633014e+00
2.908554993450027268e+02
3.660992519343657818e+02
3.914066659110613955e+02
3.512595671900000980e+02
1.996095971680807111e+02
1.088352919765518152e+02
4.048896709754399836e+01
6.912990413819867008e+00
6.674924332233442281e-02
4.363921629715521000e+00
3.070857082197181285e+02
3.961804914769733159e+02
4.358797255243571840e+02
4.053457825950292772e+02
2.478422663576403693e+02
1.478646778699692277e+02
6.526038091603912505e+01
1.778432988575238483e+01
1.247173657448896300e+00
9.449378565750788939e-01
2.886159308525609504e+02
3.817614932774461067e+02
4.323339636384150140e+02
3.388791869383212543e+02
2.690741813110348630e+02
1.732725766974784563e+02
8.693276784330944906e+01
3.101775434174354729e+01
5.944862635514790661e+00
4.300105374400815805e-02
2.420397354112058963e+02
3.282536450309471547e+02
3.826428026425586495e+02
3.075645282944572045e+02
2.563275522587323394e+02
1.763782130787635083e+02
9.786200283959816204e+01
4.170190789974081014e+01
1.211475640383560659e+01
1.554454855513524691e+00
1.817886858429064603e+02
2.526376186553745242e+02
3.030010802187812260e+02
2.459804465975690562e+02
2.145378996323654519e+02
1.564837997799331220e+02
9.416680944198304815e+01
4.549902455368334842e+01
1.663447309531488472e+01
3.914848438831785682e+00
1.229649078059971004e+02
1.748303976582426742e+02
1.607609849315912811e+02
1.731209214054586027e+02
1.576149623670828817e+02
1.210443719970459426e+02
7.783163855971972112e+01
4.123277986445878440e+01
1.738431499526636159e+01
5.357166816835104761e+00
