7.685327372705310722e+01
9.025033397024463966e+01
9.000591351918190242e+01
7.478500970243558754e+01
5.033712275750101384e+01
9.682593863982592808e+00
1.140895928939140935e+00
4.782413818031773789e-01
3.771477065231909620e+00
6.851226887910829788e+00
1.308499912340025446e+02
1.575239492375170585e+02
1.612499307592284197e+02
1.381426390621186044e+02
9.679551449236720373e+01
2.813976075431610013e+01
6.900063081226363693e+00
6.700443207894347941e-02
2.219139766597794328e+00
6.308989196434339419e+00
1.996628654117762949e+02
2.460933832080082482e+02
2.585182889024264341e+02
2.285027769361989272e+02
1.669053360263791319e+02
6.228776494555822296e+01
2.121387149472937850e+01
2.628575055779638348e+00
4.400817719791736415e-01
4.370015813140344818e+00
2.714798862667869344e+02
3.423371458632784652e+02
3.689604741570173587e+02
3.364474845209343812e+02
1.960521244404168897e+02
1.128093624967169433e+02
4.680890276599740929e+01
1.098422642696042040e+01
2.692695038791222961e-01
1.771346327488338313e+00
3.281514761313025588e+02
4.232024625207795907e+02
4.678756584967187564e+02
4.399952455032523631e+02
2.778222036086597200e+02
1.726353739227729704e+02
8.215646414380505291e+01
2.653111381054310058e+01
3.775829234631346676e+00
8.525285639974693186e-02
3.524856376358002876e+02
4.648320584051689366e+02
5.270726528640491324e+02
5.109274622759461977e+02
3.425038644141972668e+02
2.269800863199713206e+02
1.197897728944555240e+02
4.715447039770190685e+01
1.163071368078385071e+01
7.849096461796589708e-01
3.367676555582050923e+02
4.540334777175170871e+02
5.279190805087183662e+02
4.393578390150975679e+02
3.693568002105463393e+02
2.587870411807390383e+02
1.482740494369048463e+02
6.694375864927017972e+01
2.190970430805432301e+01
4.041773217750802338e+00
2.867423738274394509e+02
3.950762933987889483e+02
4.708710611704967732e+02
4.000735373173705511e+02
3.494768851683268167e+02
2.571767569794523638e+02
1.576264896341533301e+02
7.874332997602695627e+01
3.066493288207239942e+01
8.341765483794356228e+00
2.182659890342873723e+02
3.070598998534630368e+02
3.748621718145967634e+02
3.207151648726549524e+02
2.904505855784303776e+02
2.233022106184779147e+02
1.447889505839642368e+02
7.814922942879577761e+01
3.419593597374087324e+01
1.142265974655401273e+01
1.492408290516533782e+02
2.139962313560395160e+02
2.058552787150227346e+02
2.260769171833116502e+02
2.118694736928563032e+02
1.694013303393616923e+02
1.151561424569504481e+02
6.599461785497416599e+01
3.131109631810560501e+01
1.180183661853311428e+01
