3.592392757777304269e+02
5.012162159518679232e+02
6.148391393758867025e+02
6.617531178926326447e+02
6.242769407619886124e+02
4.292023300297823312e+02
3.007585402131115870e+02
1.806476747521770392e+02
9.190206498737430252e+01
3.866072586060234073e+01
6.330104910192304715e+02
8.928657050036695182e+02
1.105877251727634530e+03
1.200999828492328561e+03
1.142862970265594186e+03
8.333656972297204675e+02
5.948772846673058439e+02
3.664656333028753465e+02
1.933615171969248934e+02
8.611152543824351824e+01
9.897475882217318031e+02
1.409652545220066941e+03
1.761820186587661510e+03
1.930362705382209469e+03
1.853414424151623734e+03
1.405572044039918410e+03
1.019061620244812275e+03
6.405204644107604963e+02
3.472686223426893548e+02
1.608401807036945854e+02
1.369690901001787552e+03
1.968538614949130306e+03
2.481967947478200585e+03
2.743432580408375543e+03
2.455910115939718253e+03
2.072111200265705065e+03
1.523206404717984242e+03
9.738420626940308011e+02
5.396369461501138858e+02
2.574334077558768286e+02
1.676102987843328719e+03
2.430018796762905367e+03
3.090366879270928166e+03
3.446135359769978095e+03
3.141663147867055159e+03
2.679932240266502504e+03
1.995187514331111743e+03
1.294967198019705620e+03
7.309611859872308059e+02
3.570543617853288083e+02
1.813569200858515160e+03
2.651850456370118081e+03
3.401557771581271936e+03
3.826832612984951538e+03
3.535231603492115937e+03
3.047836586720692139e+03
2.296310078677371621e+03
1.510965731133822828e+03
8.667683289748632660e+02
4.318132312618674291e+02
1.735942525748059552e+03
2.559713002825031708e+03
3.311592254074295397e+03
3.517604006220630254e+03
3.504074186415977238e+03
3.052462125649393784e+03
2.326020453962931242e+03
1.549979879504012388e+03
9.020115687410449254e+02
4.569414139313538499e+02
1.471338462161921143e+03
2.187349999622268570e+03
2.853989236677367444e+03
3.043687574082323863e+03
3.061694957009195605e+03
2.694395636309593556e+03
2.075545608803922732e+03
1.399371977139158389e+03
8.248684313922151432e+02
4.238170064651699249e+02
1.105870658365278814e+03
1.656879529631495188e+03
2.179908745219086995e+03
2.321846921149392529e+03
2.358759535639958358e+03
2.096695105135617723e+03
1.631930794943675892e+03
1.112223741586552933e+03
6.630374257591433889e+02
3.446464386210156476e+02
7.387510137613340930e+02
1.114663047282673688e+03
1.328423399252173340e+03
1.560738733198675618e+03
1.601571875749870287e+03
1.437729755624417976e+03
1.130048992965425441e+03
7.777069546508129179e+02
4.680329950277210287e+02
2.453958138757119798e+02
