6.210273702826149020e+03
1.023290577066117658e+04
1.490118607035415516e+04
1.917520602977574163e+04
2.179853244726651610e+04
2.247887019658291683e+04
1.995139610600418746e+04
1.565367268635981236e+04
1.085758507365628247e+04
6.660860766514614625e+03
1.127622413222886644e+04
1.847636775792549088e+04
2.677777439183375100e+04
3.431664190169534413e+04
3.887061973510409007e+04
3.969017506970075920e+04
3.511577874877428985e+04
2.746135923539919531e+04
1.898101949011593388e+04
1.159877807732306792e+04
1.806575037259540477e+04
2.945074921860729592e+04
4.249291799737625115e+04
5.424034126915317029e+04
6.121937711146381480e+04
6.205649629167104285e+04
5.473176193300788145e+04
4.266682095983121690e+04
2.939538940546675440e+04
1.790043400017373642e+04
2.555306817141028296e+04
4.145796698509856651e+04
5.956185570321542764e+04
7.573360146623486071e+04
8.634712066027471155e+04
8.585152144200896146e+04
7.548113842827122426e+04
5.866120996095090959e+04
4.028992114845888136e+04
2.445626270009043947e+04
3.191601399939047042e+04
5.154561589551562793e+04
7.374714490433942410e+04
9.341284303439853829e+04
1.059872479943207727e+05
1.050356337304940826e+05
9.205916830292806844e+04
7.132780693954513117e+04
4.884279257459162181e+04
2.955820169930332850e+04
3.520034377925196895e+04
5.660048890530861536e+04
8.065070712826306408e+04
1.017725778736878128e+05
1.150096878989958350e+05
1.136032853462927014e+05
9.925688024126169330e+04
7.667291449155411101e+04
5.234870013741194998e+04
3.158777117727436053e+04
3.427665326502942480e+04
5.488144525461886224e+04
7.789048995264893165e+04
9.917889298786266590e+04
1.102990851745143154e+05
1.085907043423003634e+05
9.458004799561231630e+04
7.284119407891185256e+04
4.958877232347800600e+04
2.983832770835412157e+04
2.946192178987817169e+04
4.697936416809247748e+04
6.641614300053135958e+04
8.434745658681423811e+04
9.347269737507212267e+04
9.171904552915753447e+04
7.963434458659171651e+04
6.114771884765406867e+04
4.150968980250486493e+04
2.490942287950857281e+04
2.234511402584418829e+04
3.549152302932562452e+04
4.998521332602793700e+04
6.338387744272805867e+04
6.998904405902906728e+04
6.844573639295280736e+04
5.924046280320257938e+04
4.535345138304201828e+04
3.070234792492926499e+04
1.837682577965506061e+04
1.494624898980519538e+04
2.365238104722943535e+04
3.392214441166780307e+04
4.208780797618568613e+04
4.630377464400735334e+04
4.512936704201314569e+04
3.893701880447862641e+04
2.972260370689595584e+04
2.006737083579390310e+04
1.198324057424637795e+04
