1.677720818029970360e+03
2.842404254804378070e+03
4.274174316759648718e+03
5.691842173565570192e+03
6.703842846374880537e+03
6.648261064401203839e+03
6.101909734952353574e+03
4.931400898907154442e+03
3.506973957689760937e+03
2.191894663526768454e+03
3.088944372933982322e+03
5.222047611596008210e+03
7.828740712404669466e+03
1.038925192857152251e+04
1.219127526363367724e+04
1.219630016851839900e+04
1.115503136229257325e+04
8.990057661348309921e+03
6.380672933334797563e+03
3.984467272682778912e+03
5.036438468676080447e+03
8.490962429887642429e+03
1.268852435161822541e+04
1.678113523121318576e+04
1.962346043380002811e+04
1.971248325431687772e+04
1.797161028174215608e+04
1.444401708147341742e+04
1.022907592260857564e+04
6.378062698381189875e+03
7.259993638208747143e+03
1.220338956339939978e+04
1.817818802763608255e+04
2.396358772615486669e+04
2.726774421816755421e+04
2.809806236920198717e+04
2.554099390850055352e+04
2.047380869534008525e+04
1.446656405429703409e+04
9.003945691049650122e+03
9.244916913277655112e+03
1.549340492594792886e+04
2.300840080455212228e+04
3.023905433544273910e+04
3.439669012316052977e+04
3.533947725316692231e+04
3.203620942759020545e+04
2.561661545401867261e+04
1.805982067643526534e+04
1.121834619742334689e+04
1.039642015271973287e+04
1.737194011808217329e+04
2.572309705475211376e+04
3.371131157228180382e+04
3.828439425718623534e+04
3.922895816692277731e+04
3.547321207536523434e+04
2.829828108469326253e+04
1.990648813924352362e+04
1.234012355509095869e+04
1.032433908723066634e+04
1.720172240052741836e+04
2.540060624599236326e+04
3.247599249295560730e+04
3.760309371146008198e+04
3.843787371185005031e+04
3.467747423504405015e+04
2.760183388507178461e+04
1.937454009189753197e+04
1.198483399195750826e+04
9.055545976395720572e+03
1.504445547234755759e+04
2.215601515229135111e+04
2.821209045874025833e+04
3.259286501754072015e+04
3.324339180246834439e+04
2.992657200866351923e+04
2.376939283948913362e+04
1.664843833209323566e+04
1.027546954797341095e+04
7.018010884742283451e+03
1.162508242966678881e+04
1.707543258521147436e+04
2.161863668095683170e+04
2.492634171230055654e+04
2.537311661766676843e+04
2.279523392994705864e+04
1.806745352842414650e+04
1.262676762158668498e+04
7.774342564615403717e+03
4.809167343277015789e+03
7.940931917149084256e+03
1.120524591570829580e+04
1.460827215400280147e+04
1.681468437130337406e+04
1.708492517717749433e+04
1.531931517783316121e+04
1.211648998497490356e+04
8.447849823467657188e+03
5.186914450814688280e+03
