1.220227902712577816e+03
2.020944070493571417e+03
3.004710462327223468e+03
3.998742804350630195e+03
4.754765911996125396e+03
4.765863849938960811e+03
4.504321716873565492e+03
3.783050246963506197e+03
2.821526276828486971e+03
1.866643168754973431e+03
2.219916246012121974e+03
3.647078290508556165e+03
5.377340818453676548e+03
7.097726270343653596e+03
8.373163972562429990e+03
8.447462523856984262e+03
7.928026152220802942e+03
6.619041229406663660e+03
4.912821129859447865e+03
3.238526210188791993e+03
3.606828237899662327e+03
5.878137538822799797e+03
8.597626622321738978e+03
1.126074620602196046e+04
1.273146165876170198e+04
1.332683094581743535e+04
1.242676355452318421e+04
1.031643650420104314e+04
7.620004041279329613e+03
5.003150291700619164e+03
5.225764033738213584e+03
8.451195161578161787e+03
1.226833013567721900e+04
1.595316988992464758e+04
1.801419916823727908e+04
1.873189753805993314e+04
1.736284759523511821e+04
1.433731983678464167e+04
1.053969518623575459e+04
6.891653479123773650e+03
6.747384863975956250e+03
1.083317403679963354e+04
1.561638342073948843e+04
2.017203428703065583e+04
2.270837369351525194e+04
2.347076084639097462e+04
2.163548288396519638e+04
1.777541659833422818e+04
1.300707049266921786e+04
8.469679401022043749e+03
7.762687608575415652e+03
1.237904333381397191e+04
1.772919083120065625e+04
2.276064875269716140e+04
2.551219355313018968e+04
2.622311399198235085e+04
2.404884444618257112e+04
1.966412807320247521e+04
1.432525542650429634e+04
9.289375000286305294e+03
7.958417338393525824e+03
1.261073137316248176e+04
1.795213837061691447e+04
2.231424045175061110e+04
2.554917564144418429e+04
2.612769441819566782e+04
2.384684471641088385e+04
1.941089450953220148e+04
1.407997024772995428e+04
9.092563785480066144e+03
7.272915357787805988e+03
1.145539702210632095e+04
1.621534379475002243e+04
2.001905691310867405e+04
2.280809800428080416e+04
2.321503437241672145e+04
2.109345819468937771e+04
1.709562926884095577e+04
1.234846894703379257e+04
7.941171274118723886e+03
5.927435651718570625e+03
9.282337198659011847e+03
1.306895189528505034e+04
1.600126152304569041e+04
1.814846364027039817e+04
1.839177610714222101e+04
1.664018065173551804e+04
1.343021631354723286e+04
9.660468340805206026e+03
6.185950230571587781e+03
4.311403607941089831e+03
6.713224728186201901e+03
9.018978932788899328e+03
1.139214900299531109e+04
1.286788491994469769e+04
1.298743585811725461e+04
1.170298943624620006e+04
9.406812120082950059e+03
6.737769531673746314e+03
4.294846541225191686e+03
