2.244885481327319212e+03
3.412048069966475396e+03
4.646331995467101478e+03
5.663228064778124462e+03
6.175369536560511733e+03
5.716774423888375168e+03
4.969245101767299275e+03
3.850750386740471640e+03
2.658278633100595016e+03
1.632524248363769402e+03
3.665171660129269640e+03
5.572842016710158532e+03
7.586853723477488529e+03
9.241066197328242197e+03
1.006675125614029639e+04
9.414100075448228381e+03
8.176719640069310117e+03
6.334140977296920937e+03
4.373785342555987881e+03
2.689200821914571861e+03
5.354056293818643098e+03
8.140783181267867803e+03
1.107855302959034634e+04
1.348530991223798628e+04
1.467773634542963373e+04
1.380912697614279386e+04
1.198540158745827830e+04
9.280347586763144136e+03
6.407601953146324377e+03
3.941496383285688808e+03
6.991057965177525148e+03
1.062805341417666205e+04
1.445753614910170836e+04
1.758833407598690974e+04
1.858100644752841981e+04
1.805942649143854578e+04
1.566444935463852744e+04
1.212322022218974053e+04
8.368185982173334196e+03
5.147741748865414593e+03
8.156048123350987225e+03
1.239621053471818777e+04
1.685655241174648836e+04
2.049729469212368713e+04
2.168905003848210254e+04
2.106780497683800786e+04
1.826411363327367872e+04
1.412859805886704999e+04
9.748815822673590446e+03
5.995734544947789800e+03
8.500242901074681868e+03
1.291598667252710038e+04
1.755781472028296776e+04
2.134234569478619960e+04
2.258640258276215536e+04
2.193000264149495342e+04
1.900329411995283954e+04
1.469398083609296373e+04
1.013454574623211738e+04
6.230371459195165698e+03
7.914566965950859412e+03
1.202261776602293139e+04
1.633903501791410781e+04
1.929603835281411739e+04
2.098692335613329487e+04
2.037119459752352122e+04
1.764640736419746463e+04
1.363914495055326188e+04
9.402349908557796880e+03
5.776732528279648250e+03
6.585370774169964534e+03
9.999993177890011793e+03
1.358692027919600696e+04
1.599827706146501805e+04
1.739965624472547279e+04
1.688661339452989705e+04
1.462390371959523873e+04
1.129833585824510192e+04
7.784066392532771715e+03
4.778430870823895020e+03
4.898985903845934445e+03
7.435477409600998726e+03
1.009973369752317740e+04
1.183048660206267050e+04
1.286893079049067819e+04
1.248911007264516593e+04
1.081316646298921842e+04
8.350348853605379190e+03
5.748659053647985274e+03
3.524731217801054754e+03
3.261198767046392732e+03
4.945757072659911501e+03
6.391397439996316280e+03
7.799386554198006706e+03
8.487215084010593273e+03
8.237372336713740879e+03
7.130363332707363952e+03
5.503124198117213382e+03
3.784518464854711965e+03
2.316358301779197518e+03
