6.209436283591116990e+00
9.556019658604983036e+00
1.212902896598312985e+01
1.218675801126699554e+01
9.652475176363131126e+00
6.235017275758655941e+00
3.569160717422802609e+00
2.068760338684384248e+00
1.385685782656759457e+00
1.118189139977564750e+00
1.688533596311382468e+01
2.940653663914802252e+01
4.012310371160045008e+01
4.157910091972358657e+01
3.254845753505980355e+01
1.961813797580767371e+01
9.633994009606734465e+00
4.337600316511901255e+00
2.146285928796654918e+00
1.358265694320314854e+00
4.171122435479306745e+01
7.864692961175245500e+01
1.128012058384281318e+02
1.203831374224330233e+02
9.515234684123960562e+01
5.629917262341949424e+01
2.582738048760317540e+01
9.993883375188268303e+00
1.364942785164434619e-03
4.095123550324034079e-01
8.220715329072027089e+01
1.633006433379958935e+02
2.429228400954806659e+02
2.662077574697930800e+02
2.141373899856290564e+02
8.618063458628324724e+01
3.100728016202418047e+01
6.502698868932862197e+00
3.867568838871082160e-01
1.401250209707289029e-01
1.214210860624264399e+02
2.505247404403994267e+02
3.839489203469663607e+02
4.312472046962762420e+02
2.827685944864011276e+02
1.591457003417816907e+02
6.118007012836778813e+01
1.478437705683618120e+01
1.574951917254575839e+00
1.227894749481133266e-02
1.305589892322072103e+02
2.778306816223261535e+02
4.375206318443799205e+02
5.035417756871468100e+02
3.444273924079116682e+02
1.996325803652783293e+02
7.967888640791704802e+01
2.047946018927384060e+01
2.592205042676529736e+00
2.169651393357126690e-03
1.008688077671983478e+02
2.204994364208942272e+02
3.567024544021703036e+02
4.212256214119768174e+02
2.903007172669142619e+02
1.721820877073101883e+02
7.015489171271104851e+01
1.834003587514808586e+01
2.332597171419366955e+00
7.535971947747382776e-04
5.593645516611296387e+01
1.249573924475627962e+02
2.077668006487201637e+02
2.524632523214195885e+02
1.678651745973204186e+02
1.013805048446605639e+02
4.145363683657571130e+01
1.050080624650053984e+01
1.108434308465902296e+00
2.408526882429395249e-02
2.276343427689216625e+01
5.118089155377106891e+01
8.727237147969029252e+01
1.095045828272399149e+02
6.450313027896238793e+01
3.934299846291976621e+01
1.562855867679717825e+01
3.455473738667946382e+00
1.603421911796893695e-01
1.738158284423816369e-01
7.413261835410198231e+00
1.599830179580111711e+01
2.753528826236951232e+01
3.567781276582277172e+01
3.435312613254504299e+01
8.944051313188001728e+00
3.105923581786984577e+00
3.806875768562597018e-01
3.908605934897584067e-02
4.381013698608288154e-01
