7.244673390700364253e+05
9.782807817976220977e+05
1.153727250500464346e+06
1.186492129806115758e+06
1.060807856997618685e+06
8.240892045416383771e+05
5.476001309772160603e+05
3.086431134202180547e+05
1.445618456349041662e+05
5.421012865213360783e+04
1.274746727606167551e+06
1.717350538249434903e+06
2.024964174776440253e+06
2.086678051825110335e+06
1.874071809131870046e+06
1.465354069894013926e+06
9.849652657125111436e+05
5.649053977419005241e+05
2.718247481785629643e+05
1.065607205120903527e+05
1.970762913889264455e+06
2.651242344087336212e+06
3.127105144050395582e+06
3.229251778661411256e+06
2.912372087967883795e+06
2.291030168451033998e+06
1.555342760594233638e+06
9.052574630706532625e+05
4.453840330984129105e+05
1.808738583877462661e+05
2.686871842224585824e+06
3.612001862266919110e+06
4.263370793088542297e+06
4.412493405630171299e+06
4.003330235667970031e+06
3.160939695866513066e+06
2.164954396486184560e+06
1.276294415898081614e+06
6.398957355336019536e+05
2.675428745293522370e+05
3.239245724457195960e+06
4.353926697705170140e+06
5.144586298938280903e+06
5.337129144890410826e+06
4.859997426103878766e+06
3.859086100115290843e+06
2.664451837682296522e+06
1.588762787809797097e+06
8.097752062529727118e+05
3.470507096717376844e+05
3.460357628197541926e+06
4.652718758924480528e+06
5.505233849259889685e+06
5.725565240884501487e+06
5.233169616612734273e+06
4.177799589369242545e+06
2.906106543633354362e+06
1.750918605140708154e+06
9.056252220320691122e+05
3.965943513296338497e+05
3.280721981169003528e+06
4.414591060347912833e+06
5.232193415114852600e+06
5.465357981956247240e+06
5.005904000567935407e+06
4.017190987259018235e+06
2.814157357339865994e+06
1.711900537228552857e+06
8.973628802961973706e+05
4.006118695104946382e+05
2.763950822729430627e+06
3.723541191813175101e+06
4.421730715032186359e+06
4.632425052468582988e+06
4.259238238368500955e+06
3.435463244324523490e+06
2.422983310987355188e+06
1.487369858839410124e+06
7.893949153939930256e+05
3.586393350887655979e+05
2.071246135172785493e+06
2.794612273759453557e+06
3.325954949690992944e+06
3.495792689238525927e+06
3.226713912405456882e+06
2.615840916434625629e+06
1.857112575416169362e+06
1.149951651918766089e+06
6.174973905570935458e+05
2.851375665383643354e+05
1.381700461113512283e+06
1.867765351691181539e+06
2.234370527982493397e+06
2.350699673091124743e+06
2.178455991618593223e+06
1.775029951272398466e+06
1.268398407248418313e+06
7.920711832672504243e+05
4.301192777622567373e+05
2.016827365079731680e+05
