5.712361086366991003e+02
1.106185558692626728e+03
1.918182150077705728e+03
2.954995845369819563e+03
4.029333419646400671e+03
4.582174190653548067e+03
4.891871810761431334e+03
4.604100010584712436e+03
3.823773867654754213e+03
2.803885637088257681e+03
6.998148079167553988e+02
1.419986417602836127e+03
2.551344414852473619e+03
4.037615507913591046e+03
5.619412329223847337e+03
6.552636553772307707e+03
7.079814752424581457e+03
6.728146959235325085e+03
5.632926986061174830e+03
4.159327166777103230e+03
7.696230884011756643e+02
1.641088085941781173e+03
3.058058711554871024e+03
4.971635710006324189e+03
7.059977365119384558e+03
8.405898037536364427e+03
9.188192023593410340e+03
8.812366852885059416e+03
7.432943628129505669e+03
5.522656398390182403e+03
7.590326682027233574e+02
1.706410360956610475e+03
3.300962989885802926e+03
5.512919449652786170e+03
7.631206972080100968e+03
9.675834251759313702e+03
1.069565597174262257e+04
1.034804392308753813e+04
8.788782112276823682e+03
6.566743915887079311e+03
6.711212999754111479e+02
1.596159368030065252e+03
3.208052905423810898e+03
5.503132947013025841e+03
7.768961480052681509e+03
9.993737348659886266e+03
1.116733884843716987e+04
1.089423283421902852e+04
9.312388038950522969e+03
6.993338057806369761e+03
5.322312084463468409e+02
1.343557855691425630e+03
2.807227493235642669e+03
4.944592885856935027e+03
7.097609093608062722e+03
9.260170201792318039e+03
1.045617479147447375e+04
1.028085069385808492e+04
8.840748567717701007e+03
6.669551928569902884e+03
3.791373058256046988e+02
1.018618823581012862e+03
2.212726169966684665e+03
3.750455860309156833e+03
5.816682691987068210e+03
7.694844403993280139e+03
8.776461014399628766e+03
8.693649243668973213e+03
7.517299597764763348e+03
5.694237483421876277e+03
2.433305048392124661e+02
6.967282674486219776e+02
1.572409197271500261e+03
2.701479874216028293e+03
4.273388391913147643e+03
5.730746367396826827e+03
6.599972102721344527e+03
6.583740067095967788e+03
5.721791050087950680e+03
4.349491006933912104e+03
1.414839283792779554e+02
4.311697518659370303e+02
1.008928748181866240e+03
1.742072034412307175e+03
2.811534935884628339e+03
3.821592249645953871e+03
4.442809527122322834e+03
4.461322612323142494e+03
3.895016688149500624e+03
2.969472376378215813e+03
7.526545952914997883e+01
2.425805736739422116e+02
4.932616379393196553e+02
1.003478390817419154e+03
1.653561278417665562e+03
2.278429732269526539e+03
2.673330887376399915e+03
2.701295243756181662e+03
2.367907472285796757e+03
1.809089479944829691e+03
