8.188811200376366060e+02
1.575784155722119522e+03
2.715539109832770919e+03
4.159900189427564328e+03
5.644775618610759921e+03
6.450866340667136683e+03
6.860280154322808812e+03
6.438731761759925575e+03
5.337700469402055205e+03
3.910529710267816426e+03
1.003717768245309344e+03
2.023730088214328362e+03
3.614041236675228902e+03
5.688674548923662769e+03
7.881066854467011581e+03
9.224421484596996379e+03
9.931167611233842763e+03
9.413738404388304843e+03
7.868108943875838122e+03
5.804900276698897869e+03
1.102716972150789616e+03
2.337462832406123653e+03
4.331179366229466723e+03
7.006586940609076009e+03
9.908042471232251046e+03
1.183510845903192239e+04
1.289478907179178896e+04
1.233882700025331542e+04
1.039180755116999353e+04
7.715479093424609346e+03
1.084586588845327924e+03
2.426427975058548327e+03
4.671103784424094556e+03
7.767531519566744464e+03
1.078922679989752396e+04
1.362639839917202335e+04
1.501915597505722690e+04
1.450147481405764665e+04
1.230055173698892941e+04
9.185452611795275516e+03
9.544012569125552545e+02
2.263069225097285653e+03
4.532071170008942318e+03
7.747638138806865754e+03
1.098174128062201817e+04
1.407779475671752880e+04
1.569144390393349931e+04
1.528113129897389990e+04
1.304873366768285086e+04
9.795688141789250949e+03
7.513251942767233231e+02
1.896632001296169392e+03
3.955662136828182156e+03
6.951612107709070187e+03
1.003009228388259362e+04
1.304768066858958264e+04
1.470175892234231105e+04
1.443491011174676169e+04
1.240348228683219168e+04
9.356252635401782754e+03
5.294846627909880681e+02
1.429123169806369106e+03
3.106662503776885842e+03
5.315407370582853218e+03
8.217139755691610844e+03
1.084458174645153122e+04
1.234829578542125273e+04
1.221902575212972260e+04
1.056097503191098804e+04
8.001247171777466974e+03
3.346918047346140952e+02
9.693616588027767875e+02
2.196819734883004458e+03
3.824019233408381751e+03
6.034626914380674862e+03
8.078432112261114526e+03
9.292736548644816139e+03
9.263970996601063234e+03
8.050500983815491054e+03
6.123016124724565088e+03
1.905380866096760144e+02
5.932077878300061684e+02
1.400384806858817683e+03
2.462851766724479603e+03
3.968939390714797810e+03
5.388953640166195328e+03
6.260843760363758520e+03
6.285765772689217556e+03
5.489777720941204279e+03
4.189405371592270058e+03
9.847729560393185011e+01
3.288267338336305556e+02
6.969085117963938956e+02
1.417192028508784915e+03
2.334054052484724707e+03
3.214828542191739871e+03
3.771679081708877675e+03
3.812347887324023759e+03
3.344676647195960868e+03
2.559286526169675199e+03
