4.966204340771437273e+03
8.383548298132036507e+03
1.273879738023247592e+04
1.736810806173377205e+04
2.120257839124968814e+04
2.254021214132056411e+04
2.197635145507772540e+04
1.910603731873027573e+04
1.480568398045444337e+04
1.022179886895345771e+04
7.038215930685629246e+03
1.201243098372547684e+04
1.841988233181213218e+04
2.530406207770000401e+04
3.108425163369775692e+04
3.337217082423844113e+04
3.267829316878829195e+04
2.851785553466898273e+04
2.217395853776095464e+04
1.535697265461657480e+04
8.983812041157107160e+03
1.549008574424098697e+04
2.395437666504130902e+04
3.313879558592702961e+04
4.094613690145630244e+04
4.429847561193062575e+04
4.355242254768096609e+04
3.813937865232830518e+04
2.974489226030472128e+04
2.065621744573141041e+04
1.032124864615679326e+04
1.796545105482471627e+04
2.800171230239369470e+04
3.899143737650864205e+04
4.756253333056882548e+04
5.272269925155259261e+04
5.202939665502087882e+04
4.570779850404098397e+04
3.574452361617057613e+04
2.488130732924712720e+04
1.066856599725604974e+04
1.873347981513781633e+04
2.941218067676231658e+04
4.120364088249189081e+04
5.054108392473466665e+04
5.625840576237606001e+04
5.571229095900752873e+04
4.908612491254186898e+04
3.848047174102017743e+04
2.684101152874934269e+04
9.919674230586386329e+03
1.755895541809017959e+04
2.775315258562589224e+04
3.909624489070598793e+04
4.815750555675020587e+04
5.381474441002774256e+04
5.346465283999326493e+04
4.723158129160417593e+04
3.710784000296989689e+04
2.592970319966107127e+04
8.296629921091609503e+03
1.479262817442809319e+04
2.352292516045526645e+04
3.257921083472695318e+04
4.113705895550469722e+04
4.613745439139160590e+04
4.597419296838534501e+04
4.071292930503256503e+04
3.204849456903642931e+04
2.242803528870565060e+04
6.243205815109464311e+03
1.120201909486219665e+04
1.790908528615436444e+04
2.483744181748743358e+04
3.149386580849813981e+04
3.544250629585198476e+04
3.541409623716773785e+04
3.142975798009413484e+04
2.478246069989780881e+04
1.736392921349180324e+04
4.228980734681053036e+03
7.627607082510919099e+03
1.225028915969966874e+04
1.696697565817381110e+04
2.160033034488130215e+04
2.438604755500845204e+04
2.442774719995977648e+04
2.172125544811754298e+04
1.715102556763037501e+04
1.202703438154941614e+04
2.581178911068934667e+03
4.673211468036694896e+03
7.189046037374003390e+03
1.037829691780235953e+04
1.326354753909865394e+04
1.501907856549195276e+04
1.507917090632466534e+04
1.343061593797800015e+04
1.061578472555034568e+04
7.447077980508069231e+03
