3.299700616580880887e+04
5.121160280525654525e+04
7.109965617809259857e+04
8.833025246216474625e+04
9.821393064247509756e+04
9.900045794880145695e+04
8.825974880398821551e+04
7.048748383534786990e+04
5.043774821146648901e+04
3.234580407384063074e+04
5.023376980340480804e+04
7.794667315568566846e+04
1.082108635636351246e+05
1.344409540935658442e+05
1.495021181145390146e+05
1.503644753433639416e+05
1.340660048416295613e+05
1.070732133990995499e+05
7.661091332562906609e+04
4.911908764256825089e+04
6.842415972600005625e+04
1.061624861975392560e+05
1.473822633246108016e+05
1.831195455592788057e+05
2.036574461656947096e+05
2.045616722937578452e+05
1.824090547079924436e+05
1.456923014842457196e+05
1.042429653631718102e+05
6.682910764820537588e+04
8.341014001469881623e+04
1.294109187975814712e+05
1.796634684076952690e+05
2.232445084134091449e+05
2.503053161825604329e+05
2.492344764140578918e+05
2.222677287684317853e+05
1.775425347050242126e+05
1.270381402026140131e+05
8.144283794884248346e+04
9.100735523921991989e+04
1.412012674200661131e+05
1.960420690816836723e+05
2.436131838946398057e+05
2.730732830483881407e+05
2.719323917548137251e+05
2.425332145462014305e+05
1.937478931864077749e+05
1.386451854858481383e+05
8.889003628321911674e+04
8.887954216969046684e+04
1.379078487550386053e+05
1.914810614763312624e+05
2.379607150401711115e+05
2.667797878113807528e+05
2.656850554841760313e+05
2.369816018269607739e+05
1.893314448859422700e+05
1.354998177284679550e+05
8.688444989281435846e+04
7.769399905619742640e+04
1.205634096844749583e+05
1.674107251454418583e+05
2.098883953889055992e+05
2.333952722881952941e+05
2.324489022987329517e+05
2.073517569365398958e+05
1.656766627113757713e+05
1.185873726412369288e+05
7.605430646061306470e+04
6.078517857147544419e+04
9.433845915092150972e+04
1.310074548362717906e+05
1.644450414146652329e+05
1.828583906182207284e+05
1.821210871702081931e+05
1.624687383546011115e+05
1.298298869327926514e+05
9.294594565575716842e+04
5.962550825985697156e+04
4.255567799163582822e+04
6.606141641806370171e+04
9.175117594509356422e+04
1.153986416366719932e+05
1.283107797228747513e+05
1.277929328785124089e+05
1.140104851073283207e+05
9.111965801791270496e+04
6.524893717181733518e+04
4.187365481048832589e+04
2.665192559271284699e+04
4.138863426502091170e+04
5.845872104866457812e+04
7.254572338300140109e+04
8.065207286955142627e+04
8.032408413915427809e+04
7.166639901575652766e+04
5.728835751613508182e+04
4.103717525950189884e+04
2.635044942798484044e+04
