6.059757793196155973e+01
8.801831728716209113e+01
1.119579988517734392e+02
1.253274870402009498e+02
1.237188232523745910e+02
1.531993564687383298e+02
1.227845668821151435e+02
8.897589514023195534e+01
5.866895010577609781e+01
3.558102160850800999e+01
9.249908145692546668e+01
1.339855104014025642e+02
1.705349720760230525e+02
1.915155182185786771e+02
1.901185525446198596e+02
2.225175759741434547e+02
1.787161785174553472e+02
1.295372357676587853e+02
8.519148893955663482e+01
5.130095454098614738e+01
1.251129077484123542e+02
1.811833941336433327e+02
2.310368032882877287e+02
2.603789604465521847e+02
2.598062761450247535e+02
2.941903093174203150e+02
2.370491942504816336e+02
1.722105171797572893e+02
1.133336751631436954e+02
6.811065379292509192e+01
1.508350122546323178e+02
2.187257974186810827e+02
2.796340458411449958e+02
3.163063308776112876e+02
3.923406191741444786e+02
3.530542350405245884e+02
2.856157029862905574e+02
2.082560905156556998e+02
1.374666785780673592e+02
8.274927438342417929e+01
1.626135230299368004e+02
2.363848081971920294e+02
3.031450843400334634e+02
3.441784858711070001e+02
4.250481152715321969e+02
3.841107598258944336e+02
3.121373529502222937e+02
2.286629262379774161e+02
1.516512023295138363e+02
9.169126812963395423e+01
1.570231510771016588e+02
2.290350009451458675e+02
2.947474435398853529e+02
3.359010165555076242e+02
4.173659741097206961e+02
3.787837081299977058e+02
3.093120929909617871e+02
2.278456972982001218e+02
1.520425368917270248e+02
9.254895830650525568e+01
1.358436773872686558e+02
1.990193307043456912e+02
2.571328254940470970e+02
3.667578143360403828e+02
3.717123750261347368e+02
3.387983779504823474e+02
2.781115966334967311e+02
2.061579133086905813e+02
1.386099751098062995e+02
8.513024139472923935e+01
1.051631062944943977e+02
1.549638669979709960e+02
2.011363360830120541e+02
2.958104887059980683e+02
3.007284983994356367e+02
2.752813409594760969e+02
2.272504403514076330e+02
1.696707083086587886e+02
1.151141470135572433e+02
7.150566335566817600e+01
7.261186261494211180e+01
1.078467640888626136e+02
1.407778249738463785e+02
2.173716327359028071e+02
2.215784062360596920e+02
2.037156181245242124e+02
1.692153366472265077e+02
1.273947591444403571e+02
8.738056461311917644e+01
5.505624547546186420e+01
4.441257735935754880e+01
6.672721942767400094e+01
1.292392842551223566e+02
1.461206935932748650e+02
1.492800105701032010e+02
1.378661879259606451e+02
1.153198908565499323e+02
8.767946781518239163e+01
6.095242987654933131e+01
3.910198331801803562e+01
