1.437659485282732241e+00
4.578447054768653324e+00
8.654494791940276599e+00
1.121741793664190112e+01
1.033842111019453291e+01
6.695291478521347095e+00
2.823147143514705082e+00
5.736089016122331019e-01
1.239685456565975592e-04
2.396280548496330653e-01
8.209824408269781770e+00
2.022992891495536938e+01
3.453537713173155055e+01
4.304180294724671541e+01
3.973858232574101379e+01
2.701430809789108878e+01
1.308893710591791582e+01
4.083941598722666377e+00
5.398729129409489680e-01
1.575919176461491530e-02
2.496761555538947519e+01
5.611332614285844755e+01
9.166335329261532650e+01
1.118901777839271290e+02
1.028581921510388923e+02
7.092075831550569376e+01
3.598092450891473248e+01
3.097955013187851847e+01
1.307649774725786429e+01
5.365726133043029478e+00
5.210194212317329487e+01
1.118307423033720909e+02
1.780110941288528750e+02
2.140004695974422759e+02
1.952773507837144393e+02
1.852705385880000790e+02
1.068064351353906858e+02
5.000541663880859033e+01
1.997911856624504523e+01
7.520635849727869804e+00
8.021390997377692145e+01
1.674183605674527655e+02
2.615348158552257587e+02
3.101605454478073511e+02
3.512847056901183009e+02
2.520162188549319353e+02
1.431756138172615920e+02
6.572578086647641271e+01
2.549999298011958260e+01
9.174054105954933647e+00
9.352514010411918832e+01
1.915362888091451055e+02
2.946094203639531770e+02
3.447452439248338010e+02
3.821594792239682192e+02
2.713008957638214156e+02
1.525936992264245475e+02
6.937035733470084153e+01
2.664842215481864329e+01
9.484795416640379173e+00
8.325681696665122900e+01
1.684016843597566151e+02
2.556011891249598875e+02
2.950575085892941729e+02
3.284620030359161547e+02
2.310591322156833485e+02
1.292114663055433539e+02
5.871653013081715500e+01
2.275037751407749909e+01
8.283514750065407384e+00
5.637711885418381996e+01
1.135073765303628051e+02
1.704692513857163476e+02
1.940836184975855758e+02
2.240916767525791045e+02
1.565546376102036561e+02
8.754932550608246800e+01
4.024737619844275116e+01
1.608929687852753077e+01
6.226578159476720664e+00
2.846765264481474844e+01
5.785718096108038822e+01
8.643310101781001720e+01
9.708060948875808549e+01
1.227484286072043744e+02
8.554967929071084143e+01
4.831849252024767338e+01
2.289649258915138930e+01
9.753007252231682855e+00
4.204614506579840594e+00
1.011513433622929803e+01
2.144587400125832843e+01
3.227131871083221171e+01
3.581066353656201073e+01
2.954698812417220921e+01
3.879842504527419322e+01
2.253396850829800613e+01
1.135105578911459467e+01
5.392879244670147898e+00
2.728396702952057939e+00
