7.866983689612382591e+00
1.180815899405191161e+01
1.489580022938311643e+01
1.532937600573912995e+01
1.280687929929407254e+01
8.857868581404312991e+00
5.335553251684284071e+00
3.059654350606677564e+00
1.873080172208373639e+00
1.334789632291410566e+00
1.869033470066031200e+01
3.070711118371447412e+01
4.094165301962910775e+01
4.328583743585686960e+01
3.611231934459460291e+01
2.405428219655809485e+01
1.324560213611959547e+01
6.480243178262944603e+00
3.178692658683810013e+00
1.801922604189833077e+00
3.948822487066683351e+01
6.899804087443675371e+01
9.581271615851154877e+01
1.038965375933516526e+02
8.761445644469701222e+01
5.787513379191808838e+01
3.065299814315869398e+01
2.903848293165017580e+00
1.587375583760887998e-01
1.391519474141682533e-01
6.800121858924993035e+01
1.241286050377018597e+02
1.779495938300024989e+02
1.975650641505222893e+02
1.692984208147228742e+02
7.411219647855006087e+01
3.229843284097319867e+01
9.246126366050136269e+00
1.261933697110226182e+00
9.252374415033656372e-04
9.125673483304157685e+01
1.723467141444612025e+02
2.539727180398242581e+02
2.884860741835323665e+02
1.924056975219484116e+02
1.216622835028653640e+02
5.571143730820576678e+01
1.747242112350201992e+01
3.090374002252664010e+00
7.709218685992180742e-02
9.328261678191825013e+01
1.813798696425136541e+02
2.743571845752098284e+02
3.190278648756772100e+02
2.210222910111546923e+02
1.434589748804676219e+02
6.773705598772761505e+01
2.219836297712697615e+01
4.309429167394184468e+00
1.956623304645551120e-01
7.182311868227331786e+01
1.433760351604518632e+02
2.227032903456272095e+02
2.656119592374468539e+02
1.843377396401016597e+02
1.223465259339194233e+02
5.887144639279806313e+01
1.957155326983595245e+01
3.811320179269500841e+00
1.595569977641539960e-01
4.160513378399919304e+01
8.493336773033797726e+01
1.356140301097595682e+02
1.664225664961206235e+02
1.104308622588196016e+02
7.476367692150030564e+01
3.622507337129725613e+01
1.181976850643656540e+01
2.076898229966595455e+00
2.862456994512096314e-02
1.846626782208745965e+01
3.809741951749364830e+01
6.245586904776640580e+01
7.914812104410108873e+01
4.597138535639406598e+01
3.163207968081720622e+01
1.509686942627773654e+01
4.523055801238879958e+00
5.463350925762866517e-01
2.503661023774879021e-02
6.731725425172098376e+00
1.353573266476892911e+01
2.251143619241520355e+01
2.947534185074399460e+01
2.999072464839452579e+01
8.347733223930577040e+00
3.673898066683201069e+00
7.985166657817031055e-01
4.434130409373774999e-03
2.283176400509358550e-01
