4.559609485489710323e+01
7.061471327937549347e+01
8.514244882684991467e+01
7.865859316861779860e+01
5.544653766274726081e+01
3.013065338614747191e+01
1.313635596356808577e+01
5.098910095408816900e+00
2.158564690793352447e+00
1.243853456549901315e+00
1.296508731664305856e+02
2.109970668340035047e+02
2.636212218107201011e+02
2.500029450637962327e+02
1.791152528149934824e+02
9.721886157210280999e+01
4.073409669261637589e+01
1.398487088816916390e+01
4.576888820294341187e+00
1.864462770174031281e+00
2.958668143271199256e+02
4.990086290014369297e+02
6.420934548093196099e+02
6.250924770140666169e+02
4.585504738626634662e+02
2.535434723181425340e+02
1.066792268941922259e+02
1.557260073970756586e+01
1.425440880813305444e+00
4.296691496031469770e-02
5.194091069341858429e+02
9.020560536457912804e+02
1.191747565402895134e+03
1.190083602291446368e+03
8.954289988104433178e+02
4.214248728847026655e+02
1.629616574857099636e+02
4.253495243149927063e+01
6.167357981290281899e+00
1.210222455552382725e-01
6.863604760032862941e+02
1.224852522199887062e+03
1.660282923891428936e+03
1.700545084142761425e+03
1.172122783713106401e+03
6.578651417587354899e+02
2.678250279340269913e+02
7.597543645685257729e+01
1.327672070599881771e+01
7.742658657955882040e-01
6.725564864371243630e+02
1.234514370416659858e+03
1.719283789636865549e+03
1.808541148983617632e+03
1.287230545384614516e+03
7.459529417621261018e+02
3.155086278299465334e+02
9.426053618891553754e+01
1.803011297741442220e+01
1.427067059223859680e+00
4.816055877615380041e+02
9.128136722500285032e+02
1.311154424412447725e+03
1.421186243164030884e+03
1.029304626044184488e+03
6.143692912532786750e+02
2.678152434009321610e+02
8.261334735801052886e+01
1.637476879846757427e+01
1.359803808001060377e+00
2.475181698805401425e+02
4.879929538564150562e+02
7.281943415993780491e+02
8.185397270173424431e+02
5.919501689880995627e+02
3.638596540050759813e+02
1.624178244516817244e+02
5.075416812693431012e+01
9.866057103726946664e+00
6.667658046345827927e-01
8.919671614808245863e+01
1.850524797193976667e+02
2.904417712798838807e+02
3.424420349746213219e+02
2.380171335612141377e+02
1.509142304865701192e+02
6.834464608509938444e+01
2.096091682740875584e+01
3.597521665699064730e+00
8.785734780694949564e-02
2.205908166823940775e+01
4.879665959409755516e+01
8.212496401542344415e+01
1.035509725702272448e+02
9.803442702809057607e+01
4.092868430378887723e+01
1.834873666718445051e+01
5.058100463549483727e+00
5.208322007816094112e-01
4.567202612892199559e-02
