4.049553182300289791e+02
6.012719628103606055e+02
6.946462374118332264e+02
6.213701268283650734e+02
4.297337538161435191e+02
2.304997943419008379e+02
9.715169060479196617e+01
3.341706552875793790e+01
1.032371214296292194e+01
3.484735782371611190e+00
1.108583214765421189e+03
1.670282587951129244e+03
1.950821370985882822e+03
1.759702615191346467e+03
1.223670641615117120e+03
6.563826734148018431e+02
2.732698428783674558e+02
9.017887350290145321e+01
2.506364572368021371e+01
6.825089345517358908e+00
2.390737771247991532e+03
3.641552145521430703e+03
4.294242499896000481e+03
3.908836889308477112e+03
2.741529434756495903e+03
1.481064769370125077e+03
6.181997215620028783e+02
1.490727054176932711e+02
2.838719806971976922e+01
2.573641184486675115e+00
4.010471764097916548e+03
6.164888377056173340e+03
7.335458445914746335e+03
6.739538673322582326e+03
4.773475893467267269e+03
2.404711891300906245e+03
9.687012938110298137e+02
2.879985250520256272e+02
5.971288182741587747e+01
7.070985390063852627e+00
5.198384016489622809e+03
8.058088506837812020e+03
9.672517800502575483e+03
8.971341882127471763e+03
6.104195377231442762e+03
3.309902999642615214e+03
1.359544920274645619e+03
4.157494207449029773e+02
9.052216333771384882e+01
1.210082711177328108e+01
5.183204203572405277e+03
8.099828174652654525e+03
9.808952042433389579e+03
9.187181208593447082e+03
6.325279381532977823e+03
3.474962933376280034e+03
1.449908493634603246e+03
4.522892339674102686e+02
1.013005554791946565e+02
1.427519382754528543e+01
3.960101857334168471e+03
6.238765538156548246e+03
7.624976171737252116e+03
7.215731239719387304e+03
4.995537534553919613e+03
2.777068428585168022e+03
1.173465524728185756e+03
3.708671617571549746e+02
8.403189816176566751e+01
1.186225216800130688e+01
2.309898045540816383e+03
3.668817442257945913e+03
4.528253597891678510e+03
4.333860215934191729e+03
2.991252076878526168e+03
1.680538755965637847e+03
7.166839827020630764e+02
2.276140659895366696e+02
5.111063839594135771e+01
6.768279365841882722e+00
1.025705376551508380e+03
1.641880527406136480e+03
2.048196450749568157e+03
1.985689530844856336e+03
1.344670247231989151e+03
7.619753392451606260e+02
3.260814432497495545e+02
1.026113539826782386e+02
2.198803257338084904e+01
2.372428496184884938e+00
3.472067259421878589e+02
5.589216229389993487e+02
7.051632808353567725e+02
6.942672682675878377e+02
5.332320691241550321e+02
2.530705003060594720e+02
1.072787541276795622e+02
3.237319051322184293e+01
6.006766824705050745e+00
3.093458776533875021e-01
