5.953125669848108146e+02
8.990523777594924013e+02
1.060331498769078507e+03
9.734845376213172585e+02
6.956586298933968919e+02
3.883681359222130709e+02
1.712864682245212009e+02
6.140738612759366077e+01
1.916509069179585367e+01
6.023733482820493812e+00
1.621048636841626603e+03
2.471458544337324838e+03
2.932024246161911833e+03
2.700568055316431128e+03
1.930254107757718202e+03
1.072515683664383232e+03
4.661497893359860427e+02
1.612208973568752128e+02
4.639720274638111164e+01
1.238780446132901680e+01
3.477263105623944739e+03
5.335139057083981243e+03
6.359874003584155616e+03
5.880089212338350990e+03
4.214092449394846881e+03
2.343063732672555943e+03
1.014575436865627921e+03
2.756019359123757226e+02
6.068421856526799019e+01
8.039534632267354652e+00
5.818773322749426370e+03
8.971099267166830032e+03
1.074041744304426538e+04
9.970646039626519268e+03
7.173053951384772517e+03
3.752069418440312347e+03
1.572462784673515671e+03
4.967043209019784058e+02
1.141872623905376969e+02
1.705060181802101837e+01
7.560420023915824459e+03
1.170416184502724900e+04
1.406999509968486018e+04
1.311726423497484575e+04
9.093544254412745431e+03
5.024023326920555519e+03
2.124821630121016369e+03
6.802193137881347411e+02
1.600785584858800235e+02
2.525496175828590850e+01
7.607480029567396741e+03
1.182028686413828837e+04
1.426689181893255773e+04
1.336011081577275036e+04
9.312340972377924118e+03
5.175052809037897532e+03
2.203719233107335185e+03
7.113899744526253244e+02
1.692885070875916256e+02
2.720465480546729964e+01
5.918253378641716154e+03
9.226175614003712326e+03
1.118083658533808011e+04
1.051963678641370825e+04
7.334974847579257585e+03
4.096377202307769039e+03
1.752755772943683269e+03
5.679519117895036970e+02
1.351614846301521311e+02
2.142418902946402071e+01
3.556617645378864381e+03
5.560145322257024418e+03
6.765454877020230924e+03
6.397921856212986313e+03
4.430967270335429021e+03
2.483959910370558191e+03
1.065056982179565466e+03
3.443006623196861824e+02
8.070767500346751433e+01
1.205097896799363433e+01
1.652394674191744116e+03
2.587643009781093497e+03
3.160980944712471683e+03
3.006337990152653674e+03
2.041252025048205041e+03
1.146254315878161151e+03
4.901185184508680663e+02
1.563030568982844670e+02
3.506085027699453605e+01
4.467871329414897730e+00
5.966419671103673181e+02
9.333591557212372436e+02
1.143921579119189119e+03
1.095180058703716668e+03
8.191862063301471153e+02
3.967609990671607534e+02
1.673434464374423101e+02
5.131027726735963057e+01
1.024963759982024847e+01
8.072969128011602269e-01
