1.065232917715747681e+04
1.634851107335357847e+04
1.952405792987150926e+04
1.813260693351105874e+04
1.309839188080815620e+04
7.367276187150871010e+03
3.235566188324826726e+03
1.117317098429719863e+03
3.088181169476565060e+02
7.157734630370093498e+01
2.949894520581253528e+04
4.534121247736049554e+04
5.417805242679616640e+04
5.030745811131098890e+04
3.630377986118775880e+04
2.037272469184306465e+04
8.905302021688830791e+03
3.044914826507956150e+03
8.233270104380108023e+02
1.813593890772390012e+02
6.369712880166205287e+04
9.797556450022062927e+04
1.171016029283328826e+05
1.087266760874730389e+05
7.842440580691996729e+04
4.396230949904275622e+04
1.917369451117863719e+04
6.205594438313718456e+03
1.582285164188027466e+03
3.013012516117580617e+02
1.070188520154341095e+05
1.646666169095593505e+05
1.968362499038473470e+05
1.827520422329492576e+05
1.317897734529857698e+05
7.275662588785887056e+04
3.145627449836606684e+04
1.050784490550626469e+04
2.694692821524819465e+03
5.207806195661105448e+02
1.397821468791940715e+05
2.151062321239424637e+05
2.571415312087742786e+05
2.387382684756523231e+05
1.704927783068138524e+05
9.519371063190624409e+04
4.117816305646140972e+04
1.377005698858150936e+04
3.539779386123436325e+03
6.883141456716947459e+02
1.418910637048960780e+05
2.183472163327043527e+05
2.610123247043605661e+05
2.423303501414136845e+05
1.730700882312913600e+05
9.663481614068185445e+04
4.180305493835557718e+04
1.397983907590417402e+04
3.594099322454535468e+03
6.990595915041693615e+02
1.119347947939578298e+05
1.722205229193971318e+05
2.058574031555649417e+05
1.911232822692804330e+05
1.363440440476618533e+05
7.611224745574079861e+04
3.291086407648061140e+04
1.099585968783520002e+04
2.820889988256762081e+03
5.456652534858850458e+02
6.864453800015602610e+04
1.055757313799824915e+05
1.261765182222995209e+05
1.171470984615759226e+05
8.333637616604421055e+04
4.649623195719344221e+04
2.008293752098258483e+04
6.694413570748243728e+03
1.708293918177620299e+03
3.259583995577738165e+02
3.275066212536974126e+04
5.033390050276106922e+04
6.013782118089110736e+04
5.583673727969443280e+04
3.949140961766061810e+04
2.200900060007916181e+04
9.484763008163556151e+03
3.146512216540636018e+03
7.940908003292637432e+02
1.471940648504239277e+02
1.217990509412315077e+04
1.869170370684192676e+04
2.231975900905295202e+04
2.072600823519828919e+04
1.496862788352863754e+04
8.053056714755575740e+03
3.454159529161354385e+03
1.134446344926334405e+03
2.796477595897048332e+02
4.864223636338503809e+01
