6.666720272004744707e+00
3.482730124190833720e+00
3.997635816727255764e-01
5.761300290609340236e-01
3.356834754561761613e+00
5.097639559348234428e+00
4.053084259100979025e+00
1.790910841100411321e+00
3.067057196546181808e-01
1.110598838715749076e-02
1.388983730164582830e+01
7.008051211405811998e+00
5.256462617959970496e-01
2.191322176826559609e+00
1.035397015846283786e+01
1.564685388025977808e+01
1.324700488318242009e+01
6.927251934613950723e+00
2.048668667089517115e+00
1.676595194100502784e-01
2.477797666340456217e+01
1.246939019870308485e+01
8.112660875748309852e-01
4.627291936494450475e+00
2.106381499170127825e+01
3.216307336173835552e+01
2.813026732150919429e+01
1.575785929330880286e+01
5.513048169478850014e+00
9.084404612098272436e-01
3.431822671990543938e+01
1.697248775882444960e+01
9.099395370782540349e-01
7.423248255364777393e+00
3.220469233542166876e+01
4.904053360795556671e+01
4.343178524089450576e+01
2.507444038838496780e+01
9.397001415619888220e+00
1.915602741100580486e+00
3.423913917224606962e+01
1.562813522557365076e+01
3.547832801325290220e-01
1.058244797220949351e+01
6.894250746281424824e+01
9.289281020438495773e+01
8.372683304558331940e+01
5.540168768803171417e+01
2.880055531278038927e+01
1.273917826529090647e+01
2.244367679974930496e+01
7.993368208350991821e+00
1.026416203728177517e-01
1.442138440879732109e+01
7.138723751321020927e+01
9.004872327483094807e+01
7.866784346262963368e+01
5.138064758673245791e+01
2.669336651407258998e+01
1.191893204068706957e+01
7.917750749855911430e+00
1.043944125339175688e+00
2.554499046469275836e+00
1.838756781085066550e+01
6.666670398338190751e+01
7.547002973668818981e+01
6.239808584522027246e+01
3.981522224234958429e+01
2.072356234016047338e+01
9.502504966066485537e+00
6.032528279629988388e-01
6.347799663512770918e-01
7.535205761251106971e+00
2.025200927943595275e+01
5.620862228872228172e+01
5.574442939527665430e+01
4.281851748817845760e+01
2.647706645002274328e+01
1.387624879989888527e+01
6.668455444337922700e+00
4.643928440393620960e-01
3.868874081453118841e+00
1.070088298984360264e+01
1.771737406192594833e+01
4.210841805434236562e+01
3.669737007273032248e+01
2.609447110655659685e+01
1.566594562082187103e+01
8.381099445724318642e+00
4.337234327864412542e+00
1.550429766485029726e+00
4.885926078586120269e+00
9.018415245183410534e+00
1.145703239807320983e+01
1.053669639866268604e+01
2.167104031893200045e+01
1.452328150557183584e+01
8.635591080099002781e+00
4.850108357036293505e+00
2.793371627232493548e+00
