3.185039390197206277e+00
2.032933400275827029e+00
6.456893740781827207e-01
9.582543101697028193e-03
2.028526194198307375e-01
4.513453492020223501e-01
3.042405083950576183e-01
4.383244534149113164e-02
3.679104957610778576e-02
2.822611711579792737e-01
5.713770473171357445e+00
3.513844338402789980e+00
8.632273559924869000e-01
3.085945696489134429e-02
1.134864849909202222e+00
2.146951494753244205e+00
1.784172742503470355e+00
7.203503682838001687e-01
6.345012593297656711e-02
7.015842308103727165e-02
9.382111689877300265e+00
5.802515110310333846e+00
1.326801271360587453e+00
1.247628942171250255e-01
2.560628652270059202e+00
4.863287950755715627e+00
4.389407312767189318e+00
2.206739341253233899e+00
4.968357584627089985e-01
1.848352288056665806e-04
1.249480002405130818e+01
7.795033365986299145e+00
1.763723446846270138e+00
2.020890630427126244e-01
3.797375780631643494e+00
7.344345413125445532e+00
6.921925174064825548e+00
3.801848327267539851e+00
1.095026660029923438e+00
5.332751063974820738e-02
1.228634214947583914e+01
7.462469516685585447e+00
1.525066706711669440e+00
3.301141599709723762e-01
1.682249980287098268e+01
2.383018319868598667e+01
2.309498819789287438e+01
1.688209451928944205e+01
1.007367599282676807e+01
5.384327679976918191e+00
8.065088814427037178e+00
4.322340306191343906e+00
5.323545946344183655e-01
7.102586440121625433e-01
1.705773838641771434e+01
2.252636641721968402e+01
2.125616469106190110e+01
1.548065067483859103e+01
9.338019493462864418e+00
5.091086739191033494e+00
2.921345837336140505e+00
9.698740836330490556e-01
9.134102971498331280e-03
1.542481150342787766e+00
1.676233698810694150e+01
1.939473406793167598e+01
1.721264190448559717e+01
1.231388834492000051e+01
7.532738419523094642e+00
4.269733452549374420e+00
2.754638118995397233e-01
2.074180110182075043e-02
8.480772669230135508e-01
2.551993900728475761e+00
1.577661347542883696e+01
1.556497032861878793e+01
1.267742940195584644e+01
8.804792158029378868e+00
5.481561853373965398e+00
3.287398848518115813e+00
8.948843623922493606e-02
7.845001233444853783e-01
1.946241074002640348e+00
2.852850980976633366e+00
1.362331479818583801e+01
1.166915235815116247e+01
8.731574276085483532e+00
5.899148031937947678e+00
3.776320467594175057e+00
2.438157404916792448e+00
3.313242428024719688e-01
1.101931305639720415e+00
1.847619355031888011e+00
2.010676930679444752e+00
1.494950651314579826e+00
8.102993141150413692e+00
5.741495292497905467e+00
3.862230308631607656e+00
2.595811723909726254e+00
1.832307450712539199e+00
