1.782569935076316625e+01
7.550286780309377832e+00
3.234184706651950514e-02
7.706442498640604377e+00
2.660182552756927876e+01
3.911169222564103620e+01
3.527810980851601386e+01
2.143158389758260540e+01
8.737684241806743302e+00
2.067165877427203036e+00
4.173169339016470758e+01
1.737789959468612366e+01
1.100082315143675708e-02
2.129532539401833091e+01
7.151027911036536011e+01
1.056157215079650058e+02
9.721556251435937668e+01
6.159670242053202571e+01
2.744499266465279774e+01
8.151676600783513749e+00
7.871894081658174969e+01
3.249594009556421526e+01
1.387803023698899567e-03
4.304047222410820694e+01
1.428995715152390176e+02
2.115812843123523805e+02
1.966854868570894439e+02
1.271104855038911268e+02
5.890020996224269112e+01
1.911529433308577808e+01
1.116079553429121063e+02
4.393752893979969798e+01
1.081525073496673595e-01
7.043496887455397371e+01
2.237270076256131404e+02
3.273206506587379181e+02
3.775601499497403779e+02
2.578245106112809140e+02
1.357004860166993012e+02
5.780823736073212160e+01
1.122605738427670161e+02
3.823491359377332799e+01
1.857912489389432098e+00
9.923004156688844546e+01
3.552134104198966043e+02
4.845871035669575804e+02
4.463799545764454706e+02
3.020153175040985616e+02
1.578707371961169770e+02
6.674027784515392625e+01
7.373620718027365228e+01
1.668326567303513386e+01
9.974947870768817282e+00
1.239609270770828005e+02
3.722824191379989998e+02
4.783698620654668616e+02
4.270816560239856585e+02
2.841259474485671603e+02
1.473703166657927284e+02
6.224841867600806466e+01
2.599477321922261197e+01
7.899544647572621647e-01
2.788037508093013983e+01
1.365785345910611852e+02
3.350388828575505045e+02
3.935827939703333982e+02
3.345332680126583682e+02
2.167502101116431845e+02
1.113027532526781158e+02
4.727009030689930569e+01
1.923822873376868303e+00
4.969128942535750326e+00
4.774334138114677017e+01
1.284875044345729975e+02
2.600413935565681527e+02
2.734689965285839435e+02
2.178036037322121672e+02
1.361978583702526180e+02
6.916914502074784821e+01
2.981702950154754461e+01
1.730680182864081429e+00
1.734580877562258650e+01
5.391079038845131066e+01
9.881522729275499728e+01
1.733805638656133112e+02
1.622199911476562022e+02
1.200151894199155862e+02
7.212515220869849486e+01
3.639416401313849292e+01
1.621188882862238856e+01
6.008911755478439254e+00
2.024346492494566974e+01
4.146098198345482899e+01
5.939776373572383505e+01
6.291544424523168999e+01
8.298142081060996134e+01
5.725851978374515738e+01
3.330540002715301284e+01
1.698989326607432204e+01
8.081313872813598920e+00
