9.946686149843049662e+00
1.042495838125671170e+01
9.742645274623242813e+00
9.038059611481770617e+00
9.188404033801305104e+00
1.014511354403815169e+01
1.093227583259079516e+01
1.037929639114232039e+01
8.309414847980928442e+00
5.688662040344243387e+00
2.107363851733221694e+01
2.249590205992506142e+01
2.097658730459672682e+01
1.909449309952556817e+01
1.891363230442438592e+01
2.040628107450032402e+01
2.154498807890610124e+01
1.993512072768052334e+01
1.532416768959117270e+01
1.288412732065320476e+00
3.769615238502665022e+01
4.076910186981125150e+01
3.810626386340615568e+01
3.438499334747240255e+01
3.345769918791577879e+01
3.535510494108697799e+01
3.658123327095440658e+01
3.311851209244161964e+01
8.841954261416274718e+00
3.604291326098915782e+00
5.273029312334234930e+01
5.734763587973912280e+01
5.378417283185530806e+01
4.858514431387013133e+01
4.714433656440356657e+01
4.946047934025212811e+01
2.617605960355133732e+01
2.233866328799642531e+01
1.416106585788147143e+01
6.063137088785127915e+00
5.457931280283293063e+01
5.902636366917010236e+01
5.541654371900472142e+01
5.064855438025204393e+01
2.579950586441803750e+01
2.823837507089296039e+01
2.951091241509231367e+01
2.527702937459235955e+01
1.606550700186455316e+01
6.937779608321362979e+00
3.940560021403989310e+01
4.152111548903565108e+01
3.873735233758596053e+01
3.638436889442882460e+01
1.741636053302838150e+01
2.086275911531910765e+01
2.312998919554910771e+01
2.034775528959796986e+01
1.297364519298754360e+01
5.492859092278433941e+00
1.796187507499802649e+01
1.755171333892489827e+01
1.593535954735503246e+01
1.593591124928445701e+01
5.653826209958382698e+00
8.938992954270029045e+00
1.171465140513247682e+01
1.110543625253568401e+01
7.151357338463583346e+00
2.848525508832994824e+00
3.983845801315411883e+00
2.973490699342544286e+00
2.383864010042361148e+00
2.957014611719318342e+00
1.019735458640754766e-01
1.252047718368089146e+00
3.008241498654342205e+00
3.527720962505807023e+00
2.326750258859313192e+00
7.694854387389379324e-01
7.929132573139006934e-02
1.858151455737214533e-02
9.078501227750306046e-02
6.801221511987699938e-04
1.767217404791625146e+00
2.112359770484935895e-01
6.057857638434172715e-02
3.142344633905979623e-01
2.212007374364645673e-01
1.668313367992947660e-02
3.012060067831359711e-01
9.920708523959059777e-01
1.298270918587816070e+00
7.315604316105345228e-01
4.119031334976776954e-02
1.984788603342302116e+00
5.492866423788276276e-01
1.353181754103477685e-01
8.854566574464672879e-02
1.797328571195913327e-01
