2.795714240032966913e+01
3.816421829716698966e+01
4.083897338027571777e+01
3.490827126152291271e+01
2.406879438340636312e+01
1.333709331448273261e+01
5.741432689331796624e+00
1.702629016821836538e+00
2.054349968367527313e-01
2.312290754790359906e-02
6.440310508905558606e+01
8.570074176585671921e+01
9.045482305504053500e+01
7.705384636413008081e+01
5.365512993194692370e+01
3.068722654909331737e+01
1.421964622615358920e+01
5.030895270372602646e+00
1.106736848693068653e+00
4.125489467282510148e-02
1.103671796354575889e+02
1.440439753905013163e+02
1.497259140350510620e+02
1.261008786620886895e+02
8.734708375985738371e+01
5.023721981677205406e+01
2.387775204842434817e+01
9.023234998334155321e+00
1.254719533727342728e+01
6.242923362955774991e+00
1.457715017355550060e+02
1.868548595662968239e+02
1.906638759666762439e+02
1.575999617378827509e+02
1.073190671893443522e+02
9.623526823161468258e+01
5.446689188106331869e+01
2.846297448771096938e+01
1.414006397964886119e+01
6.951593153075194209e+00
1.516074675788406694e+02
1.908573912527378411e+02
1.904338100374876035e+02
1.532771034434620958e+02
1.456198624577759233e+02
8.984730499011376992e+01
5.019518912237757036e+01
2.618896910563610092e+01
1.314238555814446308e+01
6.580946294099755178e+00
1.263794572941309013e+02
1.563260163473150044e+02
1.519828469859325253e+02
1.181197379429327157e+02
1.133196188125232737e+02
6.818639035208393295e+01
3.757354857097721634e+01
1.970455469108037860e+01
1.016514186050353707e+01
5.339045099834068608e+00
8.580743741814457337e+01
1.045875700407320039e+02
9.890435240664301375e+01
7.363073708197444489e+01
7.427935471406020440e+01
4.346411940372229310e+01
2.362139736262030709e+01
1.254653171298159897e+01
6.780978539547449557e+00
3.848306103669278500e+00
4.797137016363766548e+01
5.802442543207091319e+01
5.346324969678448014e+01
3.788878004332726590e+01
4.298021663533349113e+01
2.456042483916239405e+01
1.324653655993120971e+01
7.216511789927511522e+00
4.174448035343839791e+00
2.628544697204432179e+00
2.196902850316590516e+01
2.671982362502658859e+01
2.412501373223369328e+01
1.619628064077157958e+01
2.321614573761799960e+01
1.319700830725105156e+01
7.208730330368869232e+00
4.117188949938280551e+00
2.602391618834393405e+00
1.842697834850440586e+00
7.873362403590090430e+00
9.851658871419527230e+00
8.781831242090056833e+00
5.517614222835015347e+00
2.278383622993016999e+00
7.211456910113536622e+00
4.139928779558449179e+00
2.553897456430584967e+00
1.785945230113754612e+00
1.410184701087754622e+00
