1.800739500507718276e+03
1.735191003521754965e+03
1.250359200154633072e+03
6.508983705987668600e+02
2.251443084418032470e+02
3.965974844287596568e+01
3.269148592889324911e-01
5.194253698035067757e+00
9.602886208426546943e+00
8.152917002822013259e+00
3.541300464965966057e+03
3.398832663326838883e+03
2.436123657591603660e+03
1.257755360840283856e+03
4.288260298013383363e+02
7.309401748852242520e+01
3.987722932722250202e-01
1.040435780352733275e+01
1.795513051082512135e+01
1.431052274743215413e+01
5.429238213848630039e+03
5.184488662886729799e+03
3.685433218346818194e+03
1.875310408266589320e+03
6.210331859765711897e+02
9.757804421275650952e+01
3.959196161617264259e-02
1.925245482301301081e+01
1.185441704961859521e+01
7.366380169967348124e+00
6.515127339182183277e+03
6.183781197867072478e+03
4.348745087031650655e+03
2.169109733461405540e+03
6.885450595014500550e+02
1.378076172702622557e+02
1.622310083865041053e+00
1.237314114627284845e+01
1.955480759247386402e+01
1.162826808529192846e+01
6.138493699255054707e+03
5.786623903701308336e+03
4.017173369000058301e+03
1.954119783684591312e+03
6.872918914144014479e+02
1.029063684643441405e+02
1.463495757410591611e-02
1.829676561026547787e+01
2.378534751033154393e+01
1.337158744111930098e+01
4.556508061500190706e+03
4.265131506901055218e+03
2.918251748241059886e+03
1.377958518897324211e+03
4.676095188590326757e+02
5.917482898767891442e+01
6.989052207291507335e-01
1.931551466298948228e+01
2.160555332542883988e+01
1.135190775733105717e+01
2.676015860522392813e+03
2.489324598246724236e+03
1.677886492103109049e+03
7.663108957148891704e+02
2.563705597045002378e+02
2.729272702290749208e+01
1.578720380379950106e+00
1.454959228198050525e+01
1.445057926039937612e+01
6.957544105726314321e+00
1.249658654911937901e+03
1.158209887053974626e+03
7.701252063670251573e+02
3.396775970814902053e+02
1.179783625682031811e+02
1.129136490993910513e+01
1.156251639397265718e+00
7.481982973086216404e+00
6.750246044060777884e+00
2.828862970675909416e+00
4.657361332588135383e+02
4.322756343525466036e+02
2.846044804246479316e+02
1.212958156548201316e+02
4.880274686672895967e+01
5.134587591996886857e+00
2.522642993119512123e-01
2.259186640817440583e+00
1.865610798532622905e+00
5.560002046755146976e-01
1.378683989059487374e+02
1.292287569131211171e+02
8.465346253001889920e+01
3.477763249667717105e+01
6.053869566468117469e+00
3.058388158511283983e+00
2.227396010157427220e-02
1.870897854241999059e-01
1.264566691085884653e-01
1.436273841913566531e-06
