4.876677251190822204e+01
3.496878212489546911e+01
2.482071856531398168e+01
1.826642782363502704e+01
1.766637179344830599e+01
2.612510312662598722e+01
4.209197020373979825e+01
5.966274627896174110e+01
7.405847643473063613e+01
8.357337951223034622e+01
2.597724394455630659e+01
1.337747485963262761e+01
7.045328879494746843e+00
3.833717450426604501e+00
3.533242953891104321e+00
8.969952189796089215e+00
2.199869139342791868e+01
4.068107361001101197e+01
6.060143777089865580e+01
7.669981356605229905e+01
1.103608791967631930e+01
3.079735950248519316e+00
9.931477913418831349e-01
4.294611338978597814e-01
3.909818309141712689e-01
2.411764576853897779e+00
9.811191779460813223e+00
2.546132071389534701e+01
4.791036783068899041e+01
6.958304242084086866e+01
5.443350069724175455e+00
6.667922964922041729e-01
1.183332317097693931e-01
8.891708801937170392e-02
1.016567675626589562e-01
6.681740761053305278e-01
4.431515106340427224e+00
1.667334329173763763e+01
3.930990044060666833e+01
6.425950280922482705e+01
5.536493968525959986e+00
7.559748258661471709e-01
1.026955513776073303e-01
4.486997453830099403e-02
5.245069181010819648e-02
2.662577590168950792e-01
2.542763447801831944e+00
1.261693922441064331e+01
3.461865763438684951e+01
6.105831101348971401e+01
8.350578768330521484e+00
1.456264313197323190e+00
1.494968567854328967e-01
4.254203970646130983e-02
5.344613991802305009e-02
2.556506931019271178e-01
2.313520532036093869e+00
1.193628865327923450e+01
3.377153746743467622e+01
6.050616684108157273e+01
1.222395696571774693e+01
2.516249934183562686e+00
3.333362732742131129e-01
1.028068947426703517e-01
2.076365665149779716e-01
8.172368288243916368e-01
4.181626358059418180e+00
1.591379429353527541e+01
3.861048265440695104e+01
6.399279357172049743e+01
1.776426860744886937e+01
5.351852226449508976e+00
1.501058418630492497e+00
6.987941027870760990e-01
1.644313819837179835e+00
4.339233426936786486e+00
1.113776198765427239e+01
2.657237460693470155e+01
4.953250537918168561e+01
7.111196390006017509e+01
2.912112670440657070e+01
1.429663681539926756e+01
6.819692969313152275e+00
4.547924975337181763e+00
7.983578289045496490e+00
1.554562254195164428e+01
2.689328954698292762e+01
4.397214036585556585e+01
6.369662979153450522e+01
7.910255012363779770e+01
4.787280399297812750e+01
3.265605509995819489e+01
2.165664381173544939e+01
1.785226495252966572e+01
2.390333133657146902e+01
3.591533024755179326e+01
4.938826124603824752e+01
6.364028434942076728e+01
7.666711002052622348e+01
8.530950717083149470e+01
