4.876086492484424895e+01
3.496247171857676506e+01
2.481620006604882178e+01
1.826535453248671104e+01
1.766619807156591548e+01
2.612569442215296078e+01
4.209767301789254645e+01
5.967579806009422327e+01
7.407391631253186404e+01
8.358401396250876303e+01
2.597086757192641926e+01
1.337406772658523835e+01
7.043877834963296891e+00
3.833690045749904129e+00
3.533227757586672624e+00
8.970883576597273645e+00
2.200794856409750366e+01
4.070554313665536483e+01
6.063124215327353284e+01
7.671905969267216108e+01
1.103311677171573990e+01
3.078639641794310933e+00
9.932047128560412830e-01
4.294453454856181907e-01
3.909979825206590931e-01
2.412731542234581639e+00
9.822915657393110678e+00
2.548968075301617375e+01
4.793318574823565115e+01
6.958524749640523055e+01
5.444280554117227666e+00
6.671449452164637250e-01
1.182917287939204698e-01
8.890610185078173799e-02
1.016204924282817501e-01
6.691644895888941846e-01
4.436657957970012944e+00
1.665455916858033447e+01
3.922837973374684850e+01
6.415317127116301776e+01
5.510311601188746522e+00
7.518138426241307570e-01
1.026946721618315905e-01
4.484657318207041499e-02
5.241153907564921610e-02
2.661307981123997024e-01
2.517303790255027707e+00
1.246423802720804019e+01
3.430017200228977003e+01
6.073580524943426440e+01
8.265221323309575041e+00
1.437672428400304625e+00
1.489213551666495050e-01
4.250411387563701737e-02
5.340957507748100852e-02
2.548557953056729275e-01
2.262268733590175884e+00
1.167447622741002533e+01
3.326859661545400115e+01
6.002238479163666796e+01
1.213050794502271401e+01
2.498829339781835301e+00
3.334116258071162520e-01
1.027835926665403576e-01
2.052267248499504149e-01
8.055496437954445810e-01
4.131288289775199019e+00
1.569807471763682827e+01
3.818836965373568404e+01
6.357864354681252905e+01
1.773362587602969143e+01
5.355309067747768381e+00
1.502519526720732301e+00
6.989883671292034251e-01
1.613350861017991633e+00
4.227804715480388609e+00
1.098511796451934686e+01
2.640393035232479235e+01
4.931420409131641236e+01
7.090274844176008173e+01
2.914006459024527373e+01
1.431102052443138462e+01
6.824628027398048857e+00
4.550775101150065893e+00
7.898317383776529255e+00
1.526814869137298558e+01
2.653678873205268474e+01
4.372754987824758643e+01
6.357172240676928254e+01
7.903140948557492607e+01
4.789541478934665975e+01
3.266821072619492128e+01
2.166951123611255525e+01
1.786486663634475747e+01
2.380906800631515807e+01
3.560707809359081466e+01
4.899026243489555554e+01
6.337206270844938416e+01
7.656314792745986608e+01
8.528168976374901433e+01
