4.876082142408920816e+01
3.496226751709589564e+01
2.481629775153369621e+01
1.826548461471411144e+01
1.766617307522420788e+01
2.612588554986955103e+01
4.209743627767062435e+01
5.967428042534297106e+01
7.407184584585908738e+01
8.358257999004560190e+01
2.597116286932647711e+01
1.337404414213504822e+01
7.043834861183569274e+00
3.833766899752390600e+00
3.533185763689161263e+00
8.970910510527303927e+00
2.200732342132178587e+01
4.070298708837934498e+01
6.062766148080434903e+01
7.671645482891234735e+01
1.103335056224851485e+01
3.078695161043711437e+00
9.932162806472888406e-01
4.294467847590368592e-01
3.909908996576234586e-01
2.412671251035789055e+00
9.822185047042879091e+00
2.548694973090067606e+01
4.792905758841468611e+01
6.958200358031942301e+01
5.446554412794654354e+00
6.672841460764828980e-01
1.182835955428487296e-01
8.890673477576171990e-02
1.016221308100142551e-01
6.691286377181882017e-01
4.436178695970582453e+00
1.665270712969115152e+01
3.922521790604341874e+01
6.415038549181167582e+01
5.510521769816776327e+00
7.518644013794926195e-01
1.027362860099572117e-01
4.484242085941048117e-02
5.240870805251063302e-02
2.661105049491823138e-01
2.517004737163503592e+00
1.246326912873824710e+01
3.429845751735426518e+01
6.073410035653641614e+01
8.234471168418096454e+00
1.429315300933666322e+00
1.485887577038198515e-01
4.249384171824033274e-02
5.340538247479287293e-02
2.547925657647738262e-01
2.261763966648601354e+00
1.167334821279175117e+01
3.326732325724263717e+01
6.002136355871228801e+01
1.206080241026536726e+01
2.479522803297982136e+00
3.325620985128097118e-01
1.027693679271806104e-01
2.051712356672794613e-01
8.050673296781667432e-01
4.129872849100010512e+00
1.569561686206498052e+01
3.818620784431572446e+01
6.357748738626746388e+01
1.767921736602367844e+01
5.345873534183553488e+00
1.503948999712349632e+00
6.990680213772435536e-01
1.613188015612450954e+00
4.226120037288524145e+00
1.098195071120865407e+01
2.639988881976645985e+01
4.931102379508882905e+01
7.090124309967433192e+01
2.913646054716997469e+01
1.432198148933157711e+01
6.829352466163712165e+00
4.551811153467212989e+00
7.898719704606335767e+00
1.526560008605856922e+01
2.653244485264697516e+01
4.372315467106580655e+01
6.356867510378772579e+01
7.903005434930817330e+01
4.791531566625432248e+01
3.268433193419456018e+01
2.167510630417989148e+01
1.786793225886977154e+01
2.381107037324466091e+01
3.560547288628280427e+01
4.898682763532810469e+01
6.336896516913162714e+01
7.656123757727831958e+01
8.528089376242461128e+01
