2.182313789144368243e+00
1.517818889335712740e+00
1.120868483848598274e+00
9.427600606353134793e-01
9.628901766003039597e-01
1.199503713308995856e+00
1.700788179700129632e+00
2.520326891786414336e+00
3.685828509225725469e+00
5.172958305268821277e+00
1.324337630126169785e+00
7.851307921925076982e-01
4.943443467748895870e-01
3.762229243932910805e-01
3.956471269131736079e-01
5.720186812508245566e-01
9.705072294461309923e-01
1.674138065167408485e+00
2.745282100919812507e+00
4.189649372134692129e+00
7.978355082598351800e-01
3.784212455533833008e-01
1.839866737183726286e-01
1.174365794520539907e-01
1.325120340636534166e-01
2.496153368157969510e-01
5.474627448515985151e-01
1.133335078823083819e+00
2.099447832993115881e+00
3.478950079813367680e+00
5.225608945519617521e-01
1.920262782078179242e-01
6.600614584127661999e-02
3.377408265818715449e-02
4.236174192817543371e-02
1.132221908905979291e-01
3.342469658721221037e-01
8.292686134744062798e-01
1.711416637858695466e+00
3.033743170850573989e+00
4.177570921779700797e-01
1.303167381365568644e-01
3.610315986271572797e-02
1.860019761377174063e-02
2.233831642125139183e-02
6.972893978256777814e-02
2.531998067910326000e-01
7.044075832227001399e-01
1.546247859026051330e+00
2.840984351491801618e+00
4.313114621283808958e-01
1.370489710043454323e-01
3.790622677719213129e-02
1.861864451229777728e-02
2.447649867655243838e-02
7.813012965486798578e-02
2.716213144976364902e-01
7.354208536509165839e-01
1.590401523534231032e+00
2.896297227501301919e+00
5.564875201618662004e-01
2.097587531991198517e-01
7.425134838905123047e-02
4.225889202416865942e-02
6.214860783547315748e-02
1.551463830194546034e-01
4.073130385086631833e-01
9.387559533796387967e-01
1.856956920582378601e+00
3.208260479979641033e+00
8.348160267986539651e-01
4.008819957870297657e-01
2.059475544399624880e-01
1.557968637601057083e-01
2.036734909849187147e-01
3.669088778020483943e-01
7.192822302707710946e-01
1.361453558553419541e+00
2.377516780806011809e+00
3.792055900601623009e+00
1.343657709850498705e+00
8.048911082877658885e-01
5.384058542720779883e-01
4.688623875972215416e-01
5.560086186418740084e-01
8.106588609898146558e-01
1.288170821117438081e+00
2.061852445108062426e+00
3.185054779958237603e+00
4.655983912964465787e+00
2.167815676421525950e+00
1.528918429907133003e+00
1.192278622050750414e+00
1.105314636478494705e+00
1.235689477860146823e+00
1.585847418036660628e+00
2.188364626246711353e+00
3.084288310061314320e+00
4.292992619981037095e+00
5.786207873301705717e+00
