2.012161144085641951e+00
1.417119373883641842e+00
1.056133825794058012e+00
8.924196701439655044e-01
9.112946528774923394e-01
1.129899440508907560e+00
1.587821598159894876e+00
2.323381783900712705e+00
3.345563669470781321e+00
4.613742373117694306e+00
1.233450006306636482e+00
7.420997621080012152e-01
4.729619203713575359e-01
3.622536703881120701e-01
3.807125903917079057e-01
5.470423487101143678e-01
9.183993742752303291e-01
1.562266035023036181e+00
2.519918287929630907e+00
3.775805583877721361e+00
7.467474363679862392e-01
3.602304566476082215e-01
1.783318525586405912e-01
1.151249824173579128e-01
1.296436994354515093e-01
2.418755760334736493e-01
5.234845847706157684e-01
1.066918424080038008e+00
1.942470545817652550e+00
3.158815522936960107e+00
4.895834293227991907e-01
1.829816496196965403e-01
6.452079145663880411e-02
3.368394918367734192e-02
4.210724234268781174e-02
1.109083729202566815e-01
3.217431244915349708e-01
7.845418331403450907e-01
1.590545531620920272e+00
2.766641938960447078e+00
3.922205065009229941e-01
1.242984942744431720e-01
3.534586219783797389e-02
1.847457090685544756e-02
2.227978356651405534e-02
6.867091741696107476e-02
2.441473325811873707e-01
6.670046971609551179e-01
1.438499651552652026e+00
2.594185126250680540e+00
4.073794015939000701e-01
1.317973142578150458e-01
3.738834468981089287e-02
1.855054513514176051e-02
2.436814401809961339e-02
7.657299213073542887e-02
2.609346737253499526e-01
6.944422466575801423e-01
1.476472041073639829e+00
2.640414560605549354e+00
5.281928741005703642e-01
2.029556134851251414e-01
7.339764559251982234e-02
4.208606017870053506e-02
6.118738694751613139e-02
1.503927229440993329e-01
3.885784051377196846e-01
8.816890086198778675e-01
1.715842509178999720e+00
2.912378864961722158e+00
7.913072306799371347e-01
3.862959315576155461e-01
2.009571463631818489e-01
1.522602683833298443e-01
1.974658891550582496e-01
3.516891610405821211e-01
6.803555713903453039e-01
1.269164883378167019e+00
2.181425930687266757e+00
3.419305275562853907e+00
1.263422482179365147e+00
7.667666343081407376e-01
5.168783604150775091e-01
4.503408794580945340e-01
5.312208979614556625e-01
7.675957819637897472e-01
1.205566914865448425e+00
1.903260545316980412e+00
2.894894335328865864e+00
4.160363838281805116e+00
2.012086873553071698e+00
1.434419734524153611e+00
1.125185493492873334e+00
1.043718730234610703e+00
1.162198370709884188e+00
1.480230188525073487e+00
2.021107027601750872e+00
2.811771476009406356e+00
3.855695456243566355e+00
5.111917910925421360e+00
