2.008253607124242279e+00
1.413594887888827145e+00
1.052931218279288927e+00
8.895402472370346203e-01
9.085298299007789069e-01
1.126544015546206978e+00
1.582656295703946725e+00
2.315058907054099890e+00
3.333240143426943192e+00
4.597598360658982308e+00
1.231348194443855348e+00
7.406373009057301005e-01
4.718158578959368299e-01
3.613155945634538568e-01
3.797615380040859634e-01
5.453170473500836835e-01
9.144712463321926776e-01
1.554445078225185739e+00
2.507036656537492192e+00
3.757919666039713391e+00
7.453451658919920675e-01
3.597223518100260975e-01
1.781112777633691024e-01
1.149877779220460638e-01
1.294214689676582708e-01
2.408523839500897878e-01
5.201233350286624812e-01
1.059247375634832622e+00
1.928995207172096826e+00
3.139407723484943347e+00
4.877658998193652451e-01
1.824858781045275435e-01
6.442278249494926001e-02
3.363409587331922523e-02
4.196836247911761575e-02
1.100436005747269519e-01
3.185881446843961129e-01
7.769338487819936745e-01
1.576715974104871520e+00
2.746261402327327517e+00
3.892234539612786648e-01
1.233515715875341812e-01
3.515947119507778496e-02
1.844061070980451689e-02
2.218444616632098132e-02
6.792125172136387334e-02
2.412135284203031915e-01
6.596573094172626384e-01
1.424811315072513906e+00
2.573664355533235693e+00
4.026167659488049111e-01
1.300255677063937298e-01
3.692314455140000007e-02
1.841648084587355072e-02
2.416064761374236980e-02
7.570858269931690643e-02
2.580037181109435807e-01
6.873213345310063005e-01
1.463246495711485906e+00
2.620510669820491856e+00
5.207219895067893844e-01
1.992700782592393693e-01
7.146396648115604933e-02
4.055891497186259187e-02
5.946817791514646956e-02
1.479704745834453661e-01
3.843258507762978837e-01
8.738151569437526689e-01
1.702646803882313264e+00
2.893290660784986201e+00
7.795118033624159892e-01
3.784508770357213336e-01
1.948370986359666546e-01
1.463185868940062306e-01
1.910862759238227682e-01
3.446388223964724773e-01
6.720343469944562997e-01
1.258365399050592970e+00
2.166849430132160137e+00
3.400439909245092096e+00
1.245405960156318770e+00
7.519073681523931185e-01
5.030095640508776000e-01
4.360249191417651105e-01
5.161368308724227916e-01
7.520786680507214328e-01
1.189800661133412873e+00
1.886828730008124566e+00
2.877025195697346049e+00
4.140615831750137588e+00
1.986697257647771053e+00
1.410489258388578193e+00
1.100874144677677080e+00
1.018030606549293893e+00
1.135416185283592228e+00
1.453490047055609580e+00
1.995527244963305691e+00
2.787808716808083176e+00
3.833132781326968441e+00
5.090362819681105044e+00
