2.005156638126790014e+00
1.412255336082550272e+00
1.052712115942101789e+00
8.897462682594881045e-01
9.086978771211047246e-01
1.126552428347936896e+00
1.582633649380486673e+00
2.315194327188081047e+00
3.333628892820058809e+00
4.598196901884062271e+00
1.228036013983111019e+00
7.391017985549286351e-01
4.714231572222349342e-01
3.613833322235766587e-01
3.798449710286639913e-01
5.453053886079555213e-01
9.144848062558832424e-01
1.554644641878336842e+00
2.507480445806217872e+00
3.758534756050318393e+00
7.423521305524509728e-01
3.583039621418251386e-01
1.776961500836637953e-01
1.149806919147007278e-01
1.294513682636804219e-01
2.408395781347838494e-01
5.201711272477780312e-01
1.059470224073940869e+00
1.929405754521580363e+00
3.139912098733324441e+00
4.855513323016023008e-01
1.814522867348706825e-01
6.411769774134157274e-02
3.361296970527405392e-02
4.197554435175554488e-02
1.100401602467808715e-01
3.186482221350228627e-01
7.771114709753295102e-01
1.576977481171960349e+00
2.746507652872065108e+00
3.880075204379291876e-01
1.228206804715998857e-01
3.502050027457315196e-02
1.843486750941636387e-02
2.218574258988859071e-02
6.792433858916879785e-02
2.412482903531980583e-01
6.597097391220287932e-01
1.424809017789600674e+00
2.573522543558551590e+00
4.023239669115969974e-01
1.299376574066783974e-01
3.691991932899796325e-02
1.842197077179719145e-02
2.415992580656656230e-02
7.570749502912121898e-02
2.579737965634816277e-01
6.871819438304243022e-01
1.462901060699856259e+00
2.619907588770612250e+00
5.210566005272010415e-01
1.994478597579583123e-01
7.152006865959847914e-02
4.056093003187477564e-02
5.946945392850189194e-02
1.479587129894124331e-01
3.842072933767717302e-01
8.734542840727677060e-01
1.701941478086483883e+00
2.892235777070755631e+00
7.801134778322822427e-01
3.787045808601412489e-01
1.948896205723933406e-01
1.463198177523281629e-01
1.911063287480150308e-01
3.446235959982697494e-01
6.718300587803103241e-01
1.257802457704890742e+00
2.165838719144877800e+00
3.399027306340814292e+00
1.245995550111892669e+00
7.521201054211346104e-01
5.030470794005292845e-01
4.360557937095226322e-01
5.162054767311055059e-01
7.520805184156742484e-01
1.189540002223637316e+00
1.886127391482038007e+00
2.875821299687324029e+00
4.139000975456692544e+00
1.987144758918445220e+00
1.410640915756621538e+00
1.100932705547750246e+00
1.018134901293050731e+00
1.135562886343363331e+00
1.453532670881713784e+00
1.995254392202175708e+00
2.787057517391321682e+00
3.831875257365727094e+00
5.088722961761708241e+00
