2.004273536034958170e+00
1.411920595471313433e+00
1.052729011856200714e+00
8.898789965083597764e-01
9.087950644353703922e-01
1.126626688705707480e+00
1.582853941194281688e+00
2.315795345586282750e+00
3.334786618765857469e+00
4.599935073097331184e+00
1.227415620700261556e+00
7.389014664537096877e-01
4.714468792409132192e-01
3.614422946992927876e-01
3.798624420819436409e-01
5.453681120853328679e-01
9.148124251186082745e-01
1.555489916512099668e+00
2.509008015017949234e+00
3.760736385429130024e+00
7.420242981144635763e-01
3.582229180808926827e-01
1.777134208191384346e-01
1.149896085187016581e-01
1.294493200394501997e-01
2.409458290628752053e-01
5.205915184560367948e-01
1.060420293807636583e+00
1.931020363235152359e+00
3.142177993620450138e+00
4.854859668705095999e-01
1.814546675139769860e-01
6.412550528252225490e-02
3.360910461518429315e-02
4.199141453308996574e-02
1.101487607660569523e-01
3.189566321263512805e-01
7.777466613349766078e-01
1.578052564130361546e+00
2.748070665884341679e+00
3.881313160070032353e-01
1.228642231135044227e-01
3.502217032710319700e-02
1.843920275768873296e-02
2.218563016261754228e-02
6.785175203727611404e-02
2.410329779295530273e-01
6.593633305489632335e-01
1.424462797957179561e+00
2.573380105973658516e+00
4.025533348065870598e-01
1.299931889206789037e-01
3.692510380177793650e-02
1.842819626030589575e-02
2.404083393784617328e-02
7.517592416225582497e-02
2.567376550818529779e-01
6.851454514733639201e-01
1.460272676772932599e+00
2.617137203399288126e+00
5.213335389963980049e-01
1.995187743892419263e-01
7.155502290819804045e-02
4.055818645246134224e-02
5.912569233625930565e-02
1.467357551972181540e-01
3.815962957534981825e-01
8.692884816745358734e-01
1.696557449856909372e+00
2.886377517201356824e+00
7.804277744547629680e-01
3.788363092146980193e-01
1.950103091968156122e-01
1.463335507822485226e-01
1.905213609896012628e-01
3.426779551317391537e-01
6.678496259159487636e-01
1.251595891476391387e+00
2.157886231179448444e+00
3.390344252322012863e+00
1.246381579670179818e+00
7.523894021831445400e-01
5.033376509644664765e-01
4.361700021277439276e-01
5.155023554017237331e-01
7.496515812645832000e-01
1.184624993603682341e+00
1.878547121508185924e+00
2.866167725266477007e+00
4.128467186572491343e+00
1.987653832605500881e+00
1.411123973297483403e+00
1.101478533618319489e+00
1.018469154477035232e+00
1.134970066891490603e+00
1.451059793492563088e+00
1.990137701445879870e+00
2.779146650620923253e+00
3.821804875904213361e+00
5.077727572984262139e+00
