2.004519701537773813e+00
1.412144105428444263e+00
1.052827431222643995e+00
8.898734926663447453e-01
9.088199876720626236e-01
1.126848595056149094e+00
1.583373233982801054e+00
2.316592759874840368e+00
3.335741071611115771e+00
4.600890214243809062e+00
1.227541092700379366e+00
7.390347660919776018e-01
4.714954361576779718e-01
3.614311657196545013e-01
3.799015691517926285e-01
5.455573169188454585e-01
9.151546796047025367e-01
1.555876103644388664e+00
2.509280104006714751e+00
3.760778950625658368e+00
7.420437833420248097e-01
3.582811043095333048e-01
1.777296330888589182e-01
1.149837905939268268e-01
1.294842801737292604e-01
2.410231954055905845e-01
5.205884739888411161e-01
1.060125912119406877e+00
1.930251910444750862e+00
3.140895478518359596e+00
4.854427882995917543e-01
1.814682030788450362e-01
6.412751430086593984e-02
3.361024852319971501e-02
4.199886332660085486e-02
1.100571946317057126e-01
3.185138006168859448e-01
7.766445654697911039e-01
1.576096176115887815e+00
2.745311505742558111e+00
3.880820397594817450e-01
1.228662500463197915e-01
3.502151676247677869e-02
1.844284110286054101e-02
2.215750197736809923e-02
6.760016593264950302e-02
2.402011485078201503e-01
6.575663169593166657e-01
1.421498782002350580e+00
2.569378467621833195e+00
4.025484444258893291e-01
1.300082136343352346e-01
3.692518328464622357e-02
1.843221771373926288e-02
2.400075667257617340e-02
7.485900890650576400e-02
2.557299055374961938e-01
6.830148271491314205e-01
1.456805987860915863e+00
2.612498705187089598e+00
5.214021614938157967e-01
1.995570929771606217e-01
7.155431738977924283e-02
4.056929145525423053e-02
5.912766423347903810e-02
1.465102260005917145e-01
3.807280433964823629e-01
8.673307211369110092e-01
1.693274282250309071e+00
2.881909538211990807e+00
7.805717691040499062e-01
3.788948222781698405e-01
1.950065746414466616e-01
1.463658314447915387e-01
1.906276684892453943e-01
3.427014550889939670e-01
6.674229132426141575e-01
1.250286475883072512e+00
2.155425717876385150e+00
3.386796930385447268e+00
1.246579654105806512e+00
7.524565678428132287e-01
5.033298972112483227e-01
4.362362878152179491e-01
5.157524252357621464e-01
7.500151129746637224e-01
1.184813220346388363e+00
1.878164438527281987e+00
2.864913369566776780e+00
4.126301254076873093e+00
1.987872348169297254e+00
1.411185886859300354e+00
1.101466524045628503e+00
1.018571637248230743e+00
1.135358917347780050e+00
1.451749898668975192e+00
1.990928016809810686e+00
2.779693740862418494e+00
3.821789038251685255e+00
5.077009205196954866e+00
