2.005225626015944229e+00
1.412539507822875962e+00
1.052929499239109390e+00
8.898166410252770220e-01
9.087659367891198769e-01
1.126883217066509957e+00
1.583457952246568823e+00
2.316598413105355192e+00
3.335534757243006965e+00
4.600414934064713357e+00
1.228000003272024188e+00
7.393610399883137063e-01
4.716194579729151570e-01
3.614141018488492563e-01
3.798658126726301987e-01
5.455799302183823585e-01
9.152016757709233730e-01
1.555821442076604555e+00
2.508989010650360285e+00
3.760193104226011940e+00
7.420258258126537498e-01
3.584034521523911110e-01
1.778159968971166904e-01
1.149909203512713418e-01
1.294672262352296599e-01
2.410353596268617338e-01
5.206000492543800817e-01
1.060021795854083848e+00
1.929902937567867127e+00
3.140243419290831284e+00
4.848295769908617103e-01
1.813047800633764695e-01
6.412931416684486408e-02
3.362027595488115139e-02
4.199465464627039069e-02
1.100637475552108668e-01
3.185078645736645342e-01
7.765279459810532359e-01
1.575749046394848918e+00
2.744673140653185683e+00
3.869514191757250643e-01
1.224455281095799819e-01
3.493726838532396073e-02
1.844383726301757065e-02
2.215918760728463610e-02
6.761004078176036103e-02
2.402099305738154555e-01
6.574966363393492941e-01
1.421239224815852964e+00
2.568859066862961171e+00
4.011789200715227821e-01
1.294784756477600496e-01
3.680980864332106250e-02
1.843081539823820947e-02
2.400525748484660937e-02
7.488440418871000759e-02
2.557925213598259973e-01
6.830599846896827643e-01
1.456726104609243677e+00
2.612205678043473256e+00
5.201815165647740713e-01
1.991346926962833663e-01
7.149824766877976856e-02
4.058742204781218277e-02
5.913727489253695069e-02
1.465636958904568132e-01
3.808788193500109998e-01
8.675464347344288285e-01
1.693445415285493638e+00
2.881922431010872643e+00
7.798504283855898223e-01
3.787752891475371086e-01
1.950936481488447782e-01
1.464275319895467220e-01
1.906479171851245269e-01
3.427920891785092294e-01
6.676799800285628805e-01
1.250697014173786314e+00
2.155874186322016328e+00
3.387141865996802892e+00
1.246542702144093795e+00
7.527359604444381347e-01
5.035986482380412355e-01
4.363539204575221930e-01
5.157886941992497754e-01
7.501457227511814096e-01
1.185172184733097822e+00
1.878752965425439569e+00
2.865609539909261372e+00
4.126940750698212312e+00
1.988491158580181661e+00
1.411832045171511396e+00
1.101896018801266308e+00
1.018740066885767348e+00
1.135414208382147905e+00
1.451916361391075938e+00
1.991363137098336011e+00
2.780406357932800887e+00
3.822654678845021081e+00
5.077852153945790370e+00
