2.004705135379740710e+00
1.412314376196441401e+00
1.052852143139947572e+00
8.897934559391131870e-01
9.087644066075917237e-01
1.126898297983894182e+00
1.583476612918495618e+00
2.316592007290559252e+00
3.335477734129394634e+00
4.600306048382215351e+00
1.227472659537246713e+00
7.392425185360806950e-01
4.716616422680317555e-01
3.614530214737463609e-01
3.798533062562814422e-01
5.455466862353350876e-01
9.151971120232555990e-01
1.555875341969334968e+00
2.509107327122023889e+00
3.760370788349209903e+00
7.413320555355848995e-01
3.582308291481997031e-01
1.778507856946909271e-01
1.150233027295790578e-01
1.294414601785227603e-01
2.410113891078005111e-01
5.206758192117373341e-01
1.060271127763277477e+00
1.930351521696254125e+00
3.140872477593559253e+00
4.838961775902053120e-01
1.809824729408191502e-01
6.408616849907566859e-02
3.362755402553574413e-02
4.198640279224541416e-02
1.101040653395308766e-01
3.187128704547035341e-01
7.769959484202182409e-01
1.576523128837672871e+00
2.745731514829351738e+00
3.858611055823857328e-01
1.220050272352768417e-01
3.483466206440333224e-02
1.844463448868616240e-02
2.216860918445817674e-02
6.765914466836342456e-02
2.404011638520433536e-01
6.579459086442138727e-01
1.422029854743277255e+00
2.570008615507768823e+00
4.001586620064720989e-01
1.290683532513661191e-01
3.672955621882501021e-02
1.843065946694899537e-02
2.393068262042952199e-02
7.469806140702317521e-02
2.555668181566144170e-01
6.829465632081301862e-01
1.456900154375023959e+00
2.612793630039648818e+00
5.195138780554291458e-01
1.989488015883384975e-01
7.152773812689616761e-02
4.053951115585974208e-02
5.876661781827685616e-02
1.457452492830668689e-01
3.796623293531720122e-01
8.661588758009379774e-01
1.692218637390656255e+00
2.881165768999951027e+00
7.797593667318469812e-01
3.789674182464732866e-01
1.952825991900581926e-01
1.462475355130816723e-01
1.897461508731463908e-01
3.409595706837453832e-01
6.649689036916992535e-01
1.247450710111971617e+00
2.152629243226002131e+00
3.384437034033886960e+00
1.247114589146956831e+00
7.533683982622410014e-01
5.039563804456150820e-01
4.359843244195129586e-01
5.142388136479905114e-01
7.471461164471158156e-01
1.180803989802400977e+00
1.873492803779583937e+00
2.860201665340495580e+00
4.122147136446779214e+00
1.989661483753240034e+00
1.412872797821266957e+00
1.102416062630755533e+00
1.018212782573925779e+00
1.133317738867564373e+00
1.447953590535435708e+00
1.985656017174084909e+00
2.773542214843214282e+00
3.815532700790177145e+00
5.071394117939076907e+00
