2.005013699370811864e+00
1.412548342134076762e+00
1.052930452653162874e+00
8.897709227905163942e-01
9.087975020095644396e-01
1.127142991380541304e+00
1.583986978436268345e+00
2.317286528287809233e+00
3.336189158085270279e+00
4.600873139984373417e+00
1.227656051678426508e+00
7.393920127027886480e-01
4.717030645838526937e-01
3.614379212908769290e-01
3.799017021816748496e-01
5.457320273283343681e-01
9.154604225698736997e-01
1.556035626967700480e+00
2.508961831754421112e+00
3.759813101966344107e+00
7.413966216764968920e-01
3.583051643642569672e-01
1.778670175467524928e-01
1.150188120425958971e-01
1.294779782540018687e-01
2.410528182908695527e-01
5.205283560728197756e-01
1.059648070907782014e+00
1.929028791575353452e+00
3.138829910065307871e+00
4.838798269425730325e-01
1.810073361834980687e-01
6.408988601320508849e-02
3.362995887495046077e-02
4.198718592455108478e-02
1.099574253818893510e-01
3.180962186497833244e-01
7.755280350996400784e-01
1.573970473042056284e+00
2.742168059628028232e+00
3.858206003077597757e-01
1.220124847928687473e-01
3.483500420310114976e-02
1.844844135392520457e-02
2.213273816418315221e-02
6.735889541647388512e-02
2.394205196546224101e-01
6.558352929147552857e-01
1.418549983141163651e+00
2.565303448504355543e+00
4.001506322615622224e-01
1.290859309523995080e-01
3.673038255570659771e-02
1.843457153333005749e-02
2.388896555909880703e-02
7.436096993825458412e-02
2.544808535962754803e-01
6.806288420975068476e-01
1.453099819809310134e+00
2.607673511585629100e+00
5.195769902035394239e-01
1.989915611507075965e-01
7.152798867743648259e-02
4.054790037834798966e-02
5.877077867034152803e-02
1.455299818229498499e-01
3.787974393523523275e-01
8.641644716886389688e-01
1.688822335349733805e+00
2.876488579660918532e+00
7.799041150976684378e-01
3.790351852678988109e-01
1.952773771108073930e-01
1.462658843143778142e-01
1.898428145015369495e-01
3.409999762070192730e-01
6.645953805914768253e-01
1.246217683595299164e+00
2.150237173838901228e+00
3.380917213936076138e+00
1.247323677295764099e+00
7.534483172126460460e-01
5.039382950371020797e-01
4.360124588302856097e-01
5.144438538990048215e-01
7.474938103362571695e-01
1.181036007870552851e+00
1.873220491068108728e+00
2.859103667677496574e+00
4.120146401453885332e+00
1.989899436506709307e+00
1.412945779660104151e+00
1.102377338622588354e+00
1.018241747781393869e+00
1.133606736128378145e+00
1.448560150437362637e+00
1.986423429498614723e+00
2.774151320005298516e+00
3.815657428744772872e+00
5.070863144283264567e+00
