2.028414414880002070e+00
1.427682347657757589e+00
1.063894855299906794e+00
8.989965292721251444e-01
9.182585901839726006e-01
1.139506355632409651e+00
1.603478481218630236e+00
2.350160976735143237e+00
3.390666332703750285e+00
4.686380375324400660e+00
1.238090943381063624e+00
7.446660898293995245e-01
4.749946464568619575e-01
3.641157072973122411e-01
3.828199068531823457e-01
5.503850282999263044e-01
9.249021098392002926e-01
1.575545113338217007e+00
2.546296616153181702e+00
3.824741211856627743e+00
7.455874641780564360e-01
3.593866872435462767e-01
1.782838271451279155e-01
1.154461799084920415e-01
1.300890988935012871e-01
2.425679499569284303e-01
5.250974711903797498e-01
1.071653900582523633e+00
1.955637992696916072e+00
3.189843070768299427e+00
4.859938242099204331e-01
1.809590031211243399e-01
6.388188995100207990e-02
3.362212255697194507e-02
4.206775982571109296e-02
1.104479842186769645e-01
3.205687784293811404e-01
7.837022087757787858e-01
1.594501794573515596e+00
2.784763995676039272e+00
3.880301247692017341e-01
1.221248963820737998e-01
3.473218711729764152e-02
1.847523648244298045e-02
2.216129333600314055e-02
6.758553218707952226e-02
2.411482133261841909e-01
6.624403964000098455e-01
1.436415827922267852e+00
2.604083795109611188e+00
4.034441723821959869e-01
1.297304017204936599e-01
3.679541771542460538e-02
1.846946056885379051e-02
2.391296150188892966e-02
7.463545053691156284e-02
2.563198371533008668e-01
6.874168198544783337e-01
1.471259069930024310e+00
2.646920899819066975e+00
5.246545399845956581e-01
2.003814390969544945e-01
7.177702536307606351e-02
4.060672795401032431e-02
5.895494975516157865e-02
1.463525892527446359e-01
3.818616081411185803e-01
8.732013820490003297e-01
1.710573972146747224e+00
2.920808341330783264e+00
7.881509281240397513e-01
3.820355272075133257e-01
1.963278824793235344e-01
1.469583026606180454e-01
1.910162901376111222e-01
3.436756096871942390e-01
6.709598974143382577e-01
1.260626337808480102e+00
2.179904555732814941e+00
3.435756567230095371e+00
1.261838471806184359e+00
7.605599458086818032e-01
5.079260560612759434e-01
4.394045751491777452e-01
5.189323130199969825e-01
7.549403460691106460e-01
1.194494294946453650e+00
1.897827144087273155e+00
2.902502242757297068e+00
4.192034299047996626e+00
2.016353350738345540e+00
1.429310065686284048e+00
1.114044343418850502e+00
1.028956242968810386e+00
1.146266586508525975e+00
1.466193432769371086e+00
2.013144564848602158e+00
2.815859864228011489e+00
3.880171466358325105e+00
5.167225035146910450e+00
