2.029160407330403260e+00
1.428593342982303227e+00
1.064546262925066600e+00
8.992620995404987383e-01
9.183797030046978449e-01
1.139962185372777270e+00
1.604742485751398107e+00
2.352484136433899309e+00
3.393988325379240223e+00
4.690380964220826954e+00
1.238035411077049730e+00
7.450011085888341711e-01
4.753032281285758387e-01
3.642349578965493606e-01
3.829054411808261449e-01
5.507906233637651638e-01
9.259688218755801614e-01
1.577432524749585951e+00
2.548933203812111969e+00
3.827881911683945759e+00
7.448835411966978626e-01
3.592462104858213934e-01
1.783305878775909292e-01
1.154854259188660137e-01
1.301537329323210201e-01
2.428192899737435795e-01
5.256787824805311260e-01
1.072604268101454039e+00
1.956900501888721777e+00
3.191322344352828466e+00
4.850334201250987576e-01
1.805882827178315608e-01
6.380109997924954257e-02
3.363583797497682326e-02
4.209469691861400520e-02
1.104428012434741646e-01
3.204559270055149511e-01
7.833925402360648604e-01
1.593970353562349729e+00
2.784105573718710147e+00
3.873191643436921794e-01
1.218222830781421351e-01
3.465312317324098501e-02
1.848556859965633237e-02
2.212990322836461132e-02
6.731184431787085032e-02
2.403689006741043244e-01
6.609473945785246940e-01
1.434206647756884223e+00
2.601421505054323902e+00
4.034340819032173897e-01
1.297486503492724097e-01
3.680989920707844476e-02
1.848835193607989424e-02
2.386061067178602002e-02
7.425849307145071521e-02
2.552374812921449632e-01
6.853178884082300470e-01
1.468119025122627264e+00
2.643081334024136808e+00
5.256098149305792333e-01
2.008722248573562297e-01
7.195104600945612106e-02
4.068769142390316063e-02
5.903159251673884000e-02
1.462347511595645244e-01
3.811336587694356126e-01
8.714623843532791625e-01
1.707708484901521828e+00
2.917104199727576841e+00
7.901042799896202951e-01
3.830512640982242090e-01
1.967369674729368967e-01
1.472340286646502960e-01
1.914808974476986947e-01
3.442886268395461968e-01
6.713381039784529491e-01
1.260288807372170083e+00
2.178579150378308071e+00
3.433549991008030489e+00
1.264630238432337350e+00
7.620864255321873060e-01
5.086721841382075837e-01
4.400685516025024668e-01
5.200709331676041103e-01
7.566914978329322139e-01
1.196543072100109129e+00
1.899625256130727635e+00
2.903588967848593327e+00
4.192260240844722929e+00
2.019711744528461139e+00
1.431291326581979106e+00
1.115227692982800889e+00
1.030184678019018918e+00
1.148264930917324733e+00
1.469246887138648816e+00
2.017011345186537241e+00
2.819947621033264795e+00
3.883850626230337610e+00
5.170092396536306367e+00
