2.028874103421195230e+00
1.428513782566554369e+00
1.064610839234651607e+00
8.993736546937949328e-01
9.184638734454715348e-01
1.140019443511988584e+00
1.604862303399301027e+00
2.352808209607694323e+00
3.394640178967067712e+00
4.691400220608077376e+00
1.237882172989825946e+00
7.449733087453189739e-01
4.753497584593784353e-01
3.642868869669726450e-01
3.829272988607783645e-01
5.508260071736437169e-01
9.261482005240235793e-01
1.577928965599202371e+00
2.549883356752825847e+00
3.829313640298167343e+00
7.448717599934600031e-01
3.592627672044255149e-01
1.783578033337729352e-01
1.154981706881184067e-01
1.301553071652001847e-01
2.428795586232670445e-01
5.259438334808397286e-01
1.073257331071923559e+00
1.958084226361815894e+00
3.193061987254013800e+00
4.851441608545989936e-01
1.806354038034090337e-01
6.381574385077826150e-02
3.363730011930421426e-02
4.210525567696521421e-02
1.105234034344881877e-01
3.207319881850665411e-01
7.840364400191699445e-01
1.595134922252407605e+00
2.785841576269199038e+00
3.875144456530801307e-01
1.218842899847363270e-01
3.466330269612960535e-02
1.849020177452764813e-02
2.213437758052450022e-02
6.732414367550809686e-02
2.404580206658675223e-01
6.612625973402170843e-01
1.434928746611003447e+00
2.602669685917508247e+00
4.036738879276509095e-01
1.298168995557649197e-01
3.682424136037454332e-02
1.849167704471810225e-02
2.380128101254719297e-02
7.405335736942753044e-02
2.548756162493308608e-01
6.849253815726239480e-01
1.467929478816854427e+00
2.643325665779061140e+00
5.258715252621932734e-01
2.009568970283943656e-01
7.198809640292935796e-02
4.068482335629219904e-02
5.885079806111903622e-02
1.456829047733183558e-01
3.801151157021589455e-01
8.700884494321705631e-01
1.706283915797829565e+00
2.915996176394205719e+00
7.903946617560588805e-01
3.831887292901239306e-01
1.968373967179584128e-01
1.472490463033100383e-01
1.911788038310575644e-01
3.433730115466371302e-01
6.696413636638745004e-01
1.257916053871900530e+00
2.175905232247169252e+00
3.431069796521803994e+00
1.264981843282271257e+00
7.623331814753093738e-01
5.088990369329042807e-01
4.401682023931829946e-01
5.197350592751899256e-01
7.555494460085494524e-01
1.194378836282730560e+00
1.896539495154202726e+00
2.900001508792680482e+00
4.188750673181022677e+00
2.020163512949743279e+00
1.431702143195826338e+00
1.115646148511219238e+00
1.030458888546402108e+00
1.148044601954405053e+00
1.468128455047198244e+00
2.014756634128305635e+00
2.816646332722131163e+00
3.879925314233105382e+00
5.166142708160354147e+00
