2.029599001670012726e+00
1.429477824043003054e+00
1.065302140376621409e+00
8.995325475235187440e-01
9.181530491659319893e-01
1.139479101262093508e+00
1.604278277522299234e+00
2.352171535070798569e+00
3.393784610661114698e+00
4.690159663186618033e+00
1.237390018089636001e+00
7.451413883355613166e-01
4.756519914831223161e-01
3.643987473091812035e-01
3.828253360744238165e-01
5.506512454501990561e-01
9.259710059001555749e-01
1.577616190422354236e+00
2.549163981742232465e+00
3.827971092778877704e+00
7.433752965152002901e-01
3.587642610663319687e-01
1.783255591968764264e-01
1.155390143094283673e-01
1.301481233686168082e-01
2.428619612698685870e-01
5.258874599025435970e-01
1.072944267350489866e+00
1.957188831616180735e+00
3.191360220088897748e+00
4.830823575192759733e-01
1.797610035563863562e-01
6.360684231936808430e-02
3.364075967261648259e-02
4.210426068835460001e-02
1.104621096604567754e-01
3.205163878786958520e-01
7.834207997301234627e-01
1.593803082778014968e+00
2.783609686852127396e+00
3.852572015969411012e-01
1.208549515115500128e-01
3.438952594264854667e-02
1.849102660437118573e-02
2.211391649353444677e-02
6.714570722008694759e-02
2.399872661276738484e-01
6.602683683663084224e-01
1.433150293091824068e+00
2.599991307813160901e+00
4.012644880803684089e-01
1.285823782577359964e-01
3.641205189847518398e-02
1.845174867994359147e-02
2.378906388032397956e-02
7.385842832744238251e-02
2.543233631432197939e-01
6.838026832091621543e-01
1.466034126902824752e+00
2.640601025917389322e+00
5.229949905699022850e-01
1.991801471836982529e-01
7.116267827850641936e-02
4.046528407861949006e-02
5.888430690129986544e-02
1.456883470135572622e-01
3.798544099562466414e-01
8.693309530284558662e-01
1.704845393471382309e+00
2.913834437524300824e+00
7.866080256840977114e-01
3.804477666141501402e-01
1.952613553858135731e-01
1.466616983803863405e-01
1.912622146243343479e-01
3.437838458840865030e-01
6.700523380609730850e-01
1.258029579401235054e+00
2.175495245789782928e+00
3.430049560505436190e+00
1.260053321204274823e+00
7.584124438928423473e-01
5.063818771220507386e-01
4.390778685261267356e-01
5.198251707579242265e-01
7.564376681447697592e-01
1.195645599731044229e+00
1.897791129215736561e+00
2.900926078982278611e+00
4.189172659935422871e+00
2.014291820003553113e+00
1.426779303060223825e+00
1.112286331850073751e+00
1.028868188853312660e+00
1.148069893911440431e+00
1.469387110804287744e+00
2.016768623560260210e+00
2.818934476917711152e+00
3.882087950675686017e+00
5.167906639840698979e+00
