2.058026791391551313e+00
1.448517528076605387e+00
1.079072453495195205e+00
9.108225163960401716e-01
9.294573527734595331e-01
1.154014068234159751e+00
1.626648008234530707e+00
2.388519332912961701e+00
3.451343929492884044e+00
4.776214147053883252e+00
1.251652863075117139e+00
7.529147223424885738e-01
4.804213484014354663e-01
3.679361303207269174e-01
3.864215472584380251e-01
5.563030106839885747e-01
9.372527138554751502e-01
1.600094772306476898e+00
2.590187384747416388e+00
3.895692806408172615e+00
7.500981110237674443e-01
3.611755831961520613e-01
1.793513934348975880e-01
1.162083285789865528e-01
1.309015650199718550e-01
2.447755301241194559e-01
5.316489756782125653e-01
1.087491259188185566e+00
1.987757228701289236e+00
3.246643603429927083e+00
4.868259926745306387e-01
1.803382668926687415e-01
6.359680025308556139e-02
3.369156255596728045e-02
4.222145846255997981e-02
1.111873226526327585e-01
3.239425130406985431e-01
7.939951280740871198e-01
1.618594580885648782e+00
2.831601607637994178e+00
3.887314044558234372e-01
1.213199979991159694e-01
3.435640748412183143e-02
1.855624711941494809e-02
2.218268374853415992e-02
6.756542247015850933e-02
2.425928644790964483e-01
6.692898980550125998e-01
1.455598310732005629e+00
2.645005702509708456e+00
4.059701222585072600e-01
1.296504138905341108e-01
3.657464428032142223e-02
1.851608777646518433e-02
2.379504161359058401e-02
7.422370299594760468e-02
2.569476014363711869e-01
6.930185896802445455e-01
1.488978492711021673e+00
2.686501644540069123e+00
5.300847838940416779e-01
2.013735619882233152e-01
7.168258427952345357e-02
4.056997469990442085e-02
5.896697306859266519e-02
1.464850359913647537e-01
3.836242380770169547e-01
8.807839884709078859e-01
1.731374827752823364e+00
2.964641416206426072e+00
7.978918804165964218e-01
3.850122297543876471e-01
1.970432420625627401e-01
1.476361794591802834e-01
1.924608155952078903e-01
3.465517915635150104e-01
6.772661925074032752e-01
1.274927348802496141e+00
2.209690808944978713e+00
3.490465826124877324e+00
1.278993749750746645e+00
7.683514654586360848e-01
5.120998434519652420e-01
4.435318876233544927e-01
5.250194834628487683e-01
7.646345807069927503e-01
1.210518474911966180e+00
1.925082980761695595e+00
2.948233515894346013e+00
4.264746883639302766e+00
2.046593607276514959e+00
1.447637066543940421e+00
1.127297404033692274e+00
1.042128570877059346e+00
1.162810603121521069e+00
1.488995568515948165e+00
2.045745475197429997e+00
2.863326667139180159e+00
3.949091388505486577e+00
5.264659704671236007e+00
