2.058207020409136945e+00
1.449181080376860109e+00
1.079698860521993709e+00
9.111057218223894694e-01
9.294119597428540658e-01
1.153885228548503505e+00
1.626706499867802691e+00
2.388886054996929076e+00
3.451943338287183138e+00
4.776853347701274899e+00
1.250737839004731455e+00
7.528985076403760246e-01
4.807137493708619758e-01
3.681192171831106918e-01
3.863999345377209238e-01
5.562378488352699435e-01
9.373587430179668445e-01
1.600457059366586776e+00
2.590710090875759875e+00
3.896179681433054043e+00
7.482610418637349881e-01
3.605535446279581890e-01
1.793255090153333953e-01
1.162857038443885216e-01
1.308940326226259998e-01
2.447561292398514610e-01
5.317617839408299574e-01
1.087774756553178790e+00
1.988097149255473539e+00
3.246854270384263330e+00
4.845641892005172480e-01
1.793963316182303203e-01
6.338038359124453791e-02
3.369867219835853689e-02
4.222188364441059605e-02
1.111898500023702496e-01
3.240235732923615330e-01
7.941433916855533681e-01
1.618679394616455269e+00
2.831457637426435525e+00
3.866921561554406139e-01
1.204412990117020854e-01
3.412609502854024868e-02
1.854394959130623022e-02
2.218649778643921877e-02
6.757208959544236393e-02
2.426268888179272665e-01
6.692920540557825149e-01
1.455421519162058530e+00
2.644507448449123999e+00
4.046991855152057838e-01
1.291516126739082893e-01
3.646928237503921366e-02
1.851864808369363402e-02
2.379795785052607471e-02
7.423406172717150753e-02
2.569563464550181919e-01
6.929218790422240204e-01
1.488609958015889134e+00
2.685736664138776320e+00
5.298281563197075883e-01
2.013837238705615817e-01
7.174727125684299267e-02
4.059184938979853996e-02
5.897090617597555706e-02
1.465233578074069953e-01
3.836661665766119000e-01
8.806836314637589425e-01
1.730942789581797925e+00
2.963761948870407892e+00
7.985493770586167273e-01
3.854575311833183804e-01
1.972359290330558679e-01
1.476673204388170291e-01
1.924854316691249068e-01
3.466664953374820612e-01
6.774205733928759798e-01
1.274936487852730949e+00
2.209341619231851794e+00
3.489643476305905878e+00
1.280228856384900027e+00
7.690390021979567337e-01
5.123468005646305556e-01
4.435766348549456950e-01
5.251084832679833170e-01
7.648861836750668886e-01
1.210858659607046306e+00
1.925294516900272868e+00
2.948085570692017043e+00
4.264122903407216114e+00
2.048016580123389829e+00
1.448372463427004320e+00
1.127552071940431944e+00
1.042221419565331431e+00
1.163021747263632832e+00
1.489434187882263672e+00
2.046310932761317147e+00
2.863782193960776823e+00
3.949201575575226997e+00
5.264310083451746003e+00
