2.025607536823335053e+00
1.430102503435408678e+00
1.070104410168044140e+00
9.072127427751031092e-01
9.281719979641422924e-01
1.152891135770573783e+00
1.624145884519203165e+00
2.383809099537815612e+00
3.444568071881306537e+00
4.768468715836915450e+00
1.219858514283012951e+00
7.370534249591269571e-01
4.738700510641358221e-01
3.657969164690069164e-01
3.859609375338042270e-01
5.559961324557125550e-01
9.357778290340821314e-01
1.596202157002592159e+00
2.583299162709870700e+00
3.886421656658251678e+00
7.182093437220071763e-01
3.474518621724502765e-01
1.748674242726089290e-01
1.151375615491581073e-01
1.308463623714892776e-01
2.449619586051792197e-01
5.310398267756522017e-01
1.084350580175552636e+00
1.980612820037706001e+00
3.235442912919909375e+00
4.524252779697714999e-01
1.670694939966868020e-01
6.020550194291374169e-02
3.317213243643735154e-02
4.219512237348155281e-02
1.113972976452846098e-01
3.235462311406394065e-01
7.907898758734450695e-01
1.610269682014036974e+00
2.817482638305499165e+00
3.484730717753112827e-01
1.061138202228857352e-01
3.084604510736532745e-02
1.821838310620726986e-02
2.200796194746601486e-02
6.723585178999513801e-02
2.412254054785680779e-01
6.643536549668311864e-01
1.444286651509413488e+00
2.626348890752963072e+00
3.567405277323381085e-01
1.100920264231408652e-01
3.173365302458641679e-02
1.807608663733972776e-02
2.333761285136937147e-02
7.261475560226138271e-02
2.529633414095275867e-01
6.840496600204062361e-01
1.472292801228743286e+00
2.661378273734971600e+00
4.700457878931203481e-01
1.755337931956617581e-01
6.426077293175147531e-02
3.945304221431378267e-02
5.774113607293607231e-02
1.425467527906238985e-01
3.751626938282406343e-01
8.654123903739847634e-01
1.707062687182148153e+00
2.931495438380029128e+00
7.270776695010763291e-01
3.517262292841500937e-01
1.856423979463777130e-01
1.446340605110236766e-01
1.893444909767083573e-01
3.389605261847510320e-01
6.627131053021404483e-01
1.251509073335508759e+00
2.176546396324329891e+00
3.448919797424823130e+00
1.199417556047345457e+00
7.274241875812954561e-01
4.953352616148887222e-01
4.369174099312829185e-01
5.184312856679103021e-01
7.521566564333568294e-01
1.189095534199983817e+00
1.893434754016436017e+00
2.906817926667169871e+00
4.216152535024901837e+00
1.961973708259625582e+00
1.400077607393644286e+00
1.104347250351345622e+00
1.030332280620674723e+00
1.151382395523954827e+00
1.471084555546514849e+00
2.017993957598903876e+00
2.825064168348736970e+00
3.901896098162495718e+00
5.212074658527766857e+00
