1.851056954058167392e+00
1.308220871528385842e+00
9.866001847732146501e-01
8.488205757982552058e-01
8.808378626042614457e-01
1.100054826479405889e+00
1.545548801730019406e+00
2.255240358297074366e+00
3.239047501434546561e+00
4.459167552930897394e+00
1.110108763167872326e+00
6.681032493764043068e-01
4.322369394688561073e-01
3.410624372067943000e-01
3.684668315109203007e-01
5.343237727707457196e-01
8.944607609812802451e-01
1.514260996623029598e+00
2.434450546992216857e+00
3.641665114166784178e+00
6.529851486809903349e-01
3.119837215223810745e-01
1.567407839274039816e-01
1.065892791800173711e-01
1.260512293793549787e-01
2.369294866920519382e-01
5.085366425806565616e-01
1.029501315371913250e+00
1.868263052487268538e+00
3.035327929608085284e+00
4.147331276798862376e-01
1.505138074164698025e-01
5.356478811323128753e-02
3.088653442396527282e-02
4.127276653850131538e-02
1.079306058817426361e-01
3.092054251873186388e-01
7.499055654190520670e-01
1.518661603882060618e+00
2.644284885387666151e+00
3.253070318340345324e-01
9.858238580657641137e-02
2.879842741017313301e-02
1.766092163587451580e-02
2.162710209933393912e-02
6.466744347941322246e-02
2.294274027549452200e-01
6.285955914420799928e-01
1.360841030016693765e+00
2.464173149387232087e+00
3.390176766407453357e-01
1.056877214416527266e-01
3.105602319665301536e-02
1.783652069037877652e-02
2.271521082090011134e-02
6.935187151883859258e-02
2.398161136294358897e-01
6.460161866338456349e-01
1.385538262318807057e+00
2.495021237213705945e+00
4.512298240428886942e-01
1.707596908861859220e-01
6.355271570403786541e-02
3.907799007199486141e-02
5.613700357175765987e-02
1.363166598370906257e-01
3.557095218528978364e-01
8.166056170875659603e-01
1.604660054633907151e+00
2.745234375498460722e+00
7.001429414125261985e-01
3.424270241028413153e-01
1.824083968556013957e-01
1.419017975252625519e-01
1.835045889152304710e-01
3.243945052962704523e-01
6.286931566857365539e-01
1.180395054013597900e+00
2.043822213629463036e+00
3.225666395096673966e+00
1.152794991391429491e+00
7.045475439404924600e-01
4.819268395618081513e-01
4.242169145363252625e-01
4.995240385367818448e-01
7.183034003645438759e-01
1.127018348045188745e+00
1.784076384105389934e+00
2.725971243596772453e+00
3.937232888351243076e+00
1.876263885303425027e+00
1.345868321605051321e+00
1.064075555431385212e+00
9.911111427581573707e-01
1.102090616190851691e+00
1.399311751389603842e+00
1.907885761443271377e+00
2.656650466932143573e+00
3.652183417142905952e+00
4.857899302239292894e+00
