1.884619414605840149e+00
1.331204652802668420e+00
1.003280081803625379e+00
8.625428936446262185e-01
8.949508607504554902e-01
1.118810725176302867e+00
1.574410301318973637e+00
2.300380663009875093e+00
3.306134753508498392e+00
4.551805839502073958e+00
1.127545734406352196e+00
6.776449041378711513e-01
4.379908740243418919e-01
3.454171521061084604e-01
3.733530440073877799e-01
5.425187492432623770e-01
9.103733560995852514e-01
1.543901331642597796e+00
2.484438445771870008e+00
3.717430382651462750e+00
6.612583998632590720e-01
3.147833521380931643e-01
1.577979506201767634e-01
1.073828275750194905e-01
1.272682112804499610e-01
2.399890584032657870e-01
5.167296017349247705e-01
1.048428131386225814e+00
1.905173596924768731e+00
3.097225384681719262e+00
4.191640349152621070e-01
1.509488221660877372e-01
5.337980350625315396e-02
3.095145339443661214e-02
4.147319955862904806e-02
1.087502431711513395e-01
3.130770890304646059e-01
7.620250019681300557e-01
1.546649207345152988e+00
2.696283764233092128e+00
3.291123885664930526e-01
9.876063781446831058e-02
2.860224196288996268e-02
1.776350469169862833e-02
2.160711470222942410e-02
6.457898671038364569e-02
2.312640224768074404e-01
6.373323806672139824e-01
1.384293411663904294e+00
2.511097083657720219e+00
3.438001080552108846e-01
1.062543047813964137e-01
3.090604455828227515e-02
1.789006536368731304e-02
2.270012806144272588e-02
6.936261629885187574e-02
2.418363758944241937e-01
6.550236123490922324e-01
1.409376461936629354e+00
2.542464955113583613e+00
4.580710615395133800e-01
1.720092845035097184e-01
6.335441339053637932e-02
3.906080749692719678e-02
5.663776046035984280e-02
1.379149879020076241e-01
3.607444376198092328e-01
8.301841205987550154e-01
1.634384994935128788e+00
2.799230477854973032e+00
7.109570564716261032e-01
3.456077851495287234e-01
1.830293277824655007e-01
1.427416751657624161e-01
1.860006217324947642e-01
3.300511340273786232e-01
6.404675928566412324e-01
1.203476673874272151e+00
2.085154142479064276e+00
3.292020605857004512e+00
1.171444287958774311e+00
7.131177204346244025e-01
4.864500482094253897e-01
4.289016046304503504e-01
5.073121853699120720e-01
7.319662215495714719e-01
1.150235515798764041e+00
1.821899374092499357e+00
2.784188633853990069e+00
4.020667305753452325e+00
1.908733258706623914e+00
1.365983600852766600e+00
1.078518208110128995e+00
1.005451172886179023e+00
1.120861956886871624e+00
1.426611938449543260e+00
1.947994838437745457e+00
2.714157500948060076e+00
3.731319063409083370e+00
4.961239161295265099e+00
