1.883157455562839644e+00
1.330129275200427230e+00
1.002680666767179929e+00
8.623126757462369341e-01
8.948413432663837597e-01
1.118537095357265088e+00
1.573753075439858762e+00
2.299244610451623316e+00
3.304556793209917132e+00
4.549925418224808560e+00
1.126579677854705253e+00
6.768417728949565060e-01
4.375190121925367492e-01
3.452459814017903028e-01
3.733075890689363519e-01
5.423935766056295904e-01
9.100303729145267084e-01
1.543304941868978375e+00
2.483633397951109600e+00
3.716498668315606935e+00
6.610257323548669461e-01
3.144092741604307406e-01
1.575370112221428087e-01
1.072872919509606504e-01
1.272499738748891218e-01
2.399522580275714745e-01
5.166660179466866509e-01
1.048415515984347124e+00
1.905301676873810024e+00
3.097522021518841484e+00
4.196718515196806720e-01
1.510048944345534494e-01
5.333394573577976416e-02
3.093291891998539711e-02
4.146851097093318117e-02
1.087698087550599269e-01
3.132584155458992825e-01
7.625907895312753482e-01
1.547766087477143060e+00
2.697940550902542256e+00
3.300678046163678658e-01
9.902740120239350574e-02
2.864248474890551677e-02
1.777642012296531959e-02
2.162619321353353996e-02
6.468544799082742713e-02
2.317131665727512058e-01
6.384809849173791463e-01
1.386390689855851122e+00
2.514106608143322319e+00
3.447021473302331884e-01
1.063511665611649448e-01
3.079350395161384313e-02
1.783874145084496377e-02
2.276565197531787987e-02
6.964700813644952859e-02
2.426498319706826834e-01
6.568010327954070249e-01
1.412418536396126356e+00
2.546710770264549950e+00
4.584442830498591803e-01
1.715746585491793041e-01
6.285143756276134752e-02
3.884120135739088653e-02
5.677221322512515655e-02
1.384866004883757995e-01
3.620466820537924235e-01
8.326485835331034480e-01
1.638304597077805624e+00
2.804505682941710987e+00
7.105979464604779139e-01
3.445006469568880902e-01
1.820374587462989524e-01
1.423046551588811326e-01
1.862171871557904979e-01
3.309741409457842565e-01
6.423234794005683312e-01
1.206619432720916762e+00
2.089806186589969528e+00
3.298024640751586745e+00
1.170524969319632902e+00
7.115090617195729550e-01
4.850811075393846039e-01
4.282899240263979834e-01
5.076066978222062431e-01
7.332080823310374029e-01
1.152572632538008790e+00
1.825569029288203637e+00
2.789303377520283789e+00
4.027002886583581187e+00
1.907696074551854082e+00
1.364274191395816516e+00
1.077046232515760593e+00
1.004779699051571384e+00
1.121205108766512026e+00
1.428032956876538861e+00
1.950587032455564085e+00
2.718046392841424463e+00
3.736505490355808590e+00
4.967442495662514723e+00
