1.883378350640933618e+00
1.330284322454387436e+00
1.002823446942343821e+00
8.624586558665612301e-01
8.949752647199176181e-01
1.118656484716543886e+00
1.573914163853530113e+00
2.299568903719249491e+00
3.305183304976758052e+00
4.550935135523925368e+00
1.126987898270396471e+00
6.770560007373997990e-01
4.376392592194378039e-01
3.453284607535440642e-01
3.733661890245976167e-01
5.424560566712255394e-01
9.102006482625988326e-01
1.543769883128623732e+00
2.484592322579562307e+00
3.718055157506249486e+00
6.615265719815948131e-01
3.146147570803936588e-01
1.576053567739421624e-01
1.073130238049806451e-01
1.272648062914303324e-01
2.400045300261979264e-01
5.169073577044827061e-01
1.049107542073098642e+00
1.906714677464211860e+00
3.099784503176456596e+00
4.201726225536681625e-01
1.511674509009850453e-01
5.336546912655570907e-02
3.094301308053282185e-02
4.148264655177058557e-02
1.088449570892624507e-01
3.135987186597013476e-01
7.635481014963687585e-01
1.549696004289017992e+00
2.701000163794391895e+00
3.305101137952117796e-01
9.915134165630767882e-02
2.866937814523851102e-02
1.779130591298638819e-02
2.162242713118800452e-02
6.472656308938873337e-02
2.320736933648621658e-01
6.396270378621782271e-01
1.388779384521749094e+00
2.517926056654824052e+00
3.450784890749911682e-01
1.064668478672956553e-01
3.083098773872094966e-02
1.781587929357897337e-02
2.262930095456816559e-02
6.948237430659709446e-02
2.428319137003605022e-01
6.579360686954061066e-01
1.415075624285192291e+00
2.551105963611165706e+00
4.588027285744420425e-01
1.717323804076915650e-01
6.289829762904375343e-02
3.869814425665829560e-02
5.634355894153841859e-02
1.379063805240381413e-01
3.618186348657825846e-01
8.335309402927055800e-01
1.640972174127071526e+00
2.809190675474852128e+00
7.110389174150206770e-01
3.447815729474523749e-01
1.821205472599842778e-01
1.420072476214020440e-01
1.854191281203760866e-01
3.298808485457254136e-01
6.415726188341714931e-01
1.207101974288216084e+00
2.092271745175628084e+00
3.302701804205657510e+00
1.171184371604065078e+00
7.120350617125819070e-01
4.853039747903160617e-01
4.279397514307152761e-01
5.065590196947944435e-01
7.317398144291260564e-01
1.151422238674497223e+00
1.825702932831006819e+00
2.791491864810659251e+00
4.031448568861550896e+00
1.908706239502700797e+00
1.365186661496291975e+00
1.077585506699417550e+00
1.004619826139611760e+00
1.120228553880863842e+00
1.426559124860277805e+00
1.949386064453948464e+00
2.718075129827315806e+00
3.738489858004621524e+00
4.971541539396735487e+00
