1.856808190085985188e+00
1.313562361659068145e+00
9.932778581015266894e-01
8.576687346456477457e-01
8.928560021249385414e-01
1.117231761233563603e+00
1.571378595354135044e+00
2.294771167001993462e+00
3.298113166239794225e+00
4.542713315022172793e+00
1.102080049980038723e+00
6.636389568717664389e-01
4.313135382982835608e-01
3.427909989452722073e-01
3.724651812146113627e-01
5.415072135775922391e-01
9.075909847392704677e-01
1.538296599862446712e+00
2.476115146850657922e+00
3.707725124607017975e+00
6.372696046264128000e-01
3.036052586971553779e-01
1.536243546896383094e-01
1.061800655972096052e-01
1.268918430973773326e-01
2.391908097419044310e-01
5.143667639257092361e-01
1.043570320821203268e+00
1.897738379223572025e+00
3.088299943656204860e+00
3.947838656531690305e-01
1.410374992057761290e-01
5.056806968099181177e-02
3.042831552892977243e-02
4.121455541448959536e-02
1.081332074503205121e-01
3.115326588241078554e-01
7.587900496221973157e-01
1.541393819762154394e+00
2.689660320816733119e+00
3.023008836342668815e-01
8.844990466565150200e-02
2.613344489912350355e-02
1.749208391617784741e-02
2.139841623372618074e-02
6.424419634610956109e-02
2.307724555214534234e-01
6.361692384314761028e-01
1.381951450498361211e+00
2.507754864744518031e+00
3.130074795567594492e-01
9.410318215205393244e-02
2.785775602074380686e-02
1.744328774141656879e-02
2.230690998587547824e-02
6.896983631001951665e-02
2.418631610872363780e-01
6.553352125534974704e-01
1.409498379480181640e+00
2.542232486999440155e+00
4.224632496790867719e-01
1.567293762469930130e-01
5.851204862750591928e-02
3.741880938822639280e-02
5.503306787018225066e-02
1.361679890312839092e-01
3.596374286844046253e-01
8.301130771342197789e-01
1.635186406873337717e+00
2.800636901736066164e+00
6.703504201629897352e-01
3.259296246081007098e-01
1.746523807432183162e-01
1.380352088256824317e-01
1.812214613167384414e-01
3.247775584427063933e-01
6.357825068109104194e-01
1.200404508103940060e+00
2.084067387803402838e+00
3.292788209361065199e+00
1.126283149321485766e+00
6.880023159425565638e-01
4.726436646439626799e-01
4.189179823338236019e-01
4.971174792442276669e-01
7.209490176289605756e-01
1.139723812923486790e+00
1.813520125376538061e+00
2.778917266521396812e+00
4.018645941948591371e+00
1.860250231664059228e+00
1.335213697999177995e+00
1.058139582711195459e+00
9.887204467289425480e-01
1.103889225266929230e+00
1.408751617889514307e+00
1.930740011632442688e+00
2.699565793611553133e+00
3.720847479985735617e+00
4.955298739974246303e+00
