1.799606841139079094e+00
1.272740294845105424e+00
9.624323379361054975e-01
8.314328956770076218e-01
8.661079522000800779e-01
1.083993518921076316e+00
1.524556356925387490e+00
2.227333410416010295e+00
3.205657132145233845e+00
4.426544514890691673e+00
1.070270582462409692e+00
6.452827838138990302e-01
4.198397765120898129e-01
3.341170351647395620e-01
3.634021473907615984e-01
5.278460301338583349e-01
8.829947301250449243e-01
1.494725765054324640e+00
2.406221283884370621e+00
3.608769729114101210e+00
6.209608412866902682e-01
2.970341199714479075e-01
1.507958747438156166e-01
1.044815563940115766e-01
1.249321987423606117e-01
2.345108075153543581e-01
5.018117092303882032e-01
1.014963883147354196e+00
1.843785500419906853e+00
3.002911331862058830e+00
3.858393855687651808e-01
1.389903810166064346e-01
5.020440110135915290e-02
3.021195503885110156e-02
4.084377690019458385e-02
1.062518334717026391e-01
3.039290578342477289e-01
7.375181480633781206e-01
1.496134882199001481e+00
2.612133782415977379e+00
2.955810105400988874e-01
8.737991332232475372e-02
2.600104241167677799e-02
1.722782968840874673e-02
2.104849044703271943e-02
6.279690003666260623e-02
2.243644916641418519e-01
6.169604020747172513e-01
1.339194329886437274e+00
2.432212001035038540e+00
3.054768062870021339e-01
9.260451788224166592e-02
2.760593267600164324e-02
1.721133455438739190e-02
2.192879831089733500e-02
6.717565764352784186e-02
2.345064027612817625e-01
6.343442063373476714e-01
1.364068528026422200e+00
2.463334454807275975e+00
4.113222920854155973e-01
1.535110827347452300e-01
5.773126496292668719e-02
3.703801109981164075e-02
5.413524775718414617e-02
1.327140146471101900e-01
3.487202018741317744e-01
8.032626387507590948e-01
1.582030984393689721e+00
2.713533330621141104e+00
6.510884442278879192e-01
3.177630874876520295e-01
1.709961737106979740e-01
1.353786496258262417e-01
1.772300018649062281e-01
3.161300671970899145e-01
6.166075895944196361e-01
1.162127058606369445e+00
2.017617240874491458e+00
3.193143597134659117e+00
1.091576794898401204e+00
6.680861501512929124e-01
4.599400608190027384e-01
4.080467069197339924e-01
4.837586432019254090e-01
7.001655343619770377e-01
1.104882832383582425e+00
1.756740933793118131e+00
2.693590391381151861e+00
3.903439366409173772e+00
1.800936807135537165e+00
1.293388680662515000e+00
1.025993492864158085e+00
9.592911772698453632e-01
1.070920411289472796e+00
1.365924134224188791e+00
1.871359930964162643e+00
2.617520728697405374e+00
3.613005754644840195e+00
4.824482091183492471e+00
