1.729862708979002406e+00
1.219863556419985784e+00
9.213688717035939391e-01
7.971275035619314053e-01
8.331056655646662534e-01
1.045801124081025435e+00
1.474063903666150921e+00
2.158892023581366004e+00
3.118580360824182662e+00
4.328811058304644632e+00
1.029601460726484063e+00
6.197003052471323770e-01
4.029613966333904784e-01
3.214839473607575826e-01
3.511977471262603956e-01
5.112033902962380694e-01
8.552689568727949165e-01
1.448607800325417472e+00
2.337088552777062844e+00
3.519534709022188679e+00
5.989533650169640566e-01
2.867127508012430326e-01
1.456275888315001765e-01
1.012183700336901637e-01
1.216423253347738154e-01
2.282444509806325073e-01
4.870401602820511044e-01
9.837239490800655517e-01
1.788551113273483040e+00
2.922136935252117595e+00
3.728658651768146370e-01
1.348681962959137337e-01
4.882705551602484206e-02
2.940254671218767157e-02
3.997510036476015216e-02
1.036805917877039462e-01
2.950113687298561160e-01
7.140500026184817273e-01
1.448726125551017319e+00
2.536095678838339751e+00
2.854838650389108778e-01
8.489631529187491310e-02
2.535646148615100515e-02
1.672138028505898433e-02
2.050382952540097392e-02
6.096785746046329280e-02
2.168208513543117277e-01
5.952280625244856793e-01
1.292911822521009668e+00
2.355213081139224229e+00
2.950704236574122064e-01
9.018629013240797576e-02
2.712223932523549763e-02
1.661861262335584399e-02
2.068868724257733049e-02
6.365628904302589319e-02
2.238793057011498888e-01
6.078246711598325192e-01
1.311252914838272332e+00
2.378432981132933222e+00
3.979809196593464549e-01
1.497324010734466526e-01
5.638667985233780655e-02
3.481365275861847408e-02
4.935126599206185460e-02
1.227838905158193938e-01
3.281742578395956400e-01
7.633910621022881315e-01
1.513663002123760037e+00
2.613262239769889916e+00
6.299616660581150995e-01
3.083662753121316769e-01
1.646107068692561626e-01
1.265956500785225813e-01
1.624904824029353989e-01
2.915318730929374880e-01
5.762818628611956484e-01
1.098442806016281637e+00
1.924343619696477603e+00
3.071242818688601162e+00
1.054223296454683378e+00
6.441772344126768246e-01
4.394045272296569493e-01
3.831116705888817364e-01
4.486250583734108233e-01
6.496453881143224862e-01
1.033454471499245741e+00
1.659312423143100901e+00
2.568662654819034330e+00
3.757832154320526641e+00
1.737205166869706829e+00
1.242776927485003569e+00
9.782972883846028367e-01
9.051470936290524349e-01
1.002834287988809692e+00
1.278156876342166015e+00
1.759916391337815966e+00
2.481310479653606293e+00
3.456474183909401532e+00
4.660676227495706314e+00
