1.730417570509631631e+00
1.220121013325673687e+00
9.215246850395697464e-01
7.972709853944621727e-01
8.332887658402619024e-01
1.046141347668724464e+00
1.474792719902783489e+00
2.160300749054483660e+00
3.120890082371939656e+00
4.332046575738617733e+00
1.029907061834260062e+00
6.196986441579692695e-01
4.029168694822207186e-01
3.215049275078545321e-01
3.513170144331976275e-01
5.115118449176954130e-01
8.559929996220052573e-01
1.450064323862152449e+00
2.339540510689671393e+00
3.523038641722072484e+00
5.991040510738638858e-01
2.865652195567651717e-01
1.454892111953434153e-01
1.011920386101614611e-01
1.217207106918412052e-01
2.284759653981218719e-01
4.876371678975175428e-01
9.850294419367244814e-01
1.790881857804594190e+00
2.925603899388301343e+00
3.729618314023959158e-01
1.346807953527857649e-01
4.867847008823744659e-02
2.937334410160197251e-02
4.001111172802751526e-02
1.037855056619676475e-01
2.953809649488920996e-01
7.150502447899071967e-01
1.450727881567344113e+00
2.539272739724557582e+00
2.856118679384351822e-01
8.474448188774985624e-02
2.524066531208113418e-02
1.670016812437857823e-02
2.049105738726453296e-02
6.093777518236365154e-02
2.169561626667242393e-01
5.959063927327505894e-01
1.294538959152589541e+00
2.358010218273513203e+00
2.953071688423563046e-01
9.012220155109851305e-02
2.705793043629611816e-02
1.660971904973962410e-02
2.065201852277631644e-02
6.356638319241625368e-02
2.239125528679739574e-01
6.083493044775156733e-01
1.312670450313278891e+00
2.380972348980414210e+00
3.984044685405869757e-01
1.498072013134343905e-01
5.639989990566718348e-02
3.484824729138580324e-02
4.937098433807918241e-02
1.227981842928205225e-01
3.283593229888666087e-01
7.640782167654194268e-01
1.515199081574559514e+00
2.615830601828573521e+00
6.306498405926728168e-01
3.086414341319567711e-01
1.647528142534522289e-01
1.267428586651799804e-01
1.626905074709199539e-01
2.918564071570060037e-01
5.769091750061026147e-01
1.099640632903559734e+00
1.926357718908144889e+00
3.074161837221335958e+00
1.055230945138035281e+00
6.447108684629530018e-01
4.397403728452733418e-01
3.834560135507292244e-01
4.491258622913232301e-01
6.504470317009616309e-01
1.034734494552390416e+00
1.661257345063580360e+00
2.571389824754092501e+00
3.761307684936824103e+00
1.738532587179085098e+00
1.243593300780071687e+00
9.788716581342171708e-01
9.057460991697023900e-01
1.003696202423880024e+00
1.279489331125139628e+00
1.761889348179453307e+00
2.484025870984204687e+00
3.459920848915388092e+00
4.664700088226592101e+00
