1.730030367068215114e+00
1.219651413294780440e+00
9.211673189172202569e-01
7.971103271763926301e-01
8.333131317809616689e-01
1.046299416134750970e+00
1.475048498663726448e+00
2.160653776530091719e+00
3.121358131360070232e+00
4.332633466587274995e+00
1.029969876586669386e+00
6.195034878211682638e-01
4.026990356186352926e-01
3.213840358414365994e-01
3.513164755587734334e-01
5.116263116193806582e-01
8.562458274867434938e-01
1.450515248089031317e+00
2.340246790291807599e+00
3.524005824368481754e+00
5.996052300585308359e-01
2.866510269622786211e-01
1.454334941147266136e-01
1.011387311165616865e-01
1.217146608674610775e-01
2.285490837647721207e-01
4.878733843323264097e-01
9.855592191704030114e-01
1.791816189269674453e+00
2.926961034940374518e+00
3.737110087201056530e-01
1.349194233424082512e-01
4.872010109110114229e-02
2.937305491742314700e-02
4.001283358383034283e-02
1.038352223517193806e-01
2.956069148417910242e-01
7.156480692090863016e-01
1.451866273612715474e+00
2.540991484438011483e+00
2.863106365331553604e-01
8.492237698274962554e-02
2.525298015062382717e-02
1.670182304673240026e-02
2.050254473244983444e-02
6.099046026063348336e-02
2.171947458299001710e-01
5.965714694525896533e-01
1.295848381289774309e+00
2.360028404342708441e+00
2.956985501797895211e-01
9.005555083534666494e-02
2.692666367858542742e-02
1.656128613501550717e-02
2.067019376887557769e-02
6.364673883312121916e-02
2.241891035139182975e-01
6.090810051137864889e-01
1.314106523892434097e+00
2.383198379935558719e+00
3.984224505227480506e-01
1.494606987142024224e-01
5.610439471664641076e-02
3.473978401918742520e-02
4.939841580709014579e-02
1.229183597655385540e-01
3.286817618892801107e-01
7.648584334238961446e-01
1.516697775922702718e+00
2.618146723066416826e+00
6.304769175283180260e-01
3.081746022915563543e-01
1.643993885657977216e-01
1.266249199016513671e-01
1.627383520471443745e-01
2.920061664531683476e-01
5.772515584826791724e-01
1.100418691084563250e+00
1.927828675446086493e+00
3.076429586086748103e+00
1.055221265787398721e+00
6.444154823670711352e-01
4.395201400015658066e-01
3.834164821155656711e-01
4.492032516294184319e-01
6.505886757650394259e-01
1.035033690142515894e+00
1.661948983745380914e+00
2.572720828818130911e+00
3.763380759885908589e+00
1.739040422465402358e+00
1.243753828693067831e+00
9.789648133601467350e-01
9.058585820902838037e-01
1.003793507191758749e+00
1.279562554253269369e+00
1.762059908424479460e+00
2.484531506103985876e+00
3.460997691279073862e+00
4.666446509920342933e+00
