1.812488706344614897e+00
1.280756551378134489e+00
9.679994063336430088e-01
8.359538128293824144e-01
8.700061553352949062e-01
1.087386068900560332e+00
1.527985840943298257e+00
2.231972618154578925e+00
3.212682008353640484e+00
4.435903702169437857e+00
1.078142999038975702e+00
6.487651044889855001e-01
4.214308935106476639e-01
3.348155015912670507e-01
3.630217819153411796e-01
5.259787572550091994e-01
8.800323681641000206e-01
1.492306805772054545e+00
2.406640389802692681e+00
3.613439710327600807e+00
6.252165087492755902e-01
2.978930285488825547e-01
1.506289901346704596e-01
1.038679339355770281e-01
1.231699255102292057e-01
2.306918176598831138e-01
4.959889316269165960e-01
1.008829397028520702e+00
1.840250553884642315e+00
3.004459576141554678e+00
3.877523741952639824e-01
1.385417289895372051e-01
4.956112018624203586e-02
2.965937961921660815e-02
3.939747542706584227e-02
1.026976231618839108e-01
2.979950268852658013e-01
7.307114697253851432e-01
1.491531742492041346e+00
2.612772730547529676e+00
2.963317235186213594e-01
8.649596001388282218e-02
2.542266981114593705e-02
1.705542070281040878e-02
2.021084520085025815e-02
6.001458220005062572e-02
2.192457379977827969e-01
6.108727198678476356e-01
1.335171626969879455e+00
2.433420347595742328e+00
3.064346841093730234e-01
9.204173288457973001e-02
2.718850203209477456e-02
1.688909049014419850e-02
2.066806406547350150e-02
6.389206055757590264e-02
2.290536156777474019e-01
6.282606417310923064e-01
1.360406347085096002e+00
2.465128306681323878e+00
4.141110785817812001e-01
1.539716413050697952e-01
5.716568731980942175e-02
3.527573484839052753e-02
5.033950312546231487e-02
1.263259803174232587e-01
3.403008423956528361e-01
7.949429162433041540e-01
1.577053222657417209e+00
2.714638164010173327e+00
6.573976326312251928e-01
3.198716233968763589e-01
1.697390496648072400e-01
1.305762746166809762e-01
1.685224877710069791e-01
3.038826857579817187e-01
6.025112306452289346e-01
1.149207994334554783e+00
2.009369119287612193e+00
3.191827521502684561e+00
1.102895245869911278e+00
6.725723116047692685e-01
4.578698702427210776e-01
3.993989398437012284e-01
4.689673185190770255e-01
6.808379343970756281e-01
1.084027015850747233e+00
1.738268103184857694e+00
2.681063514361746059e+00
3.898396406494399002e+00
1.818189168509935172e+00
1.301253849159527576e+00
1.024106121612360809e+00
9.478733652656323727e-01
1.051329363859416333e+00
1.341017166331674559e+00
1.845255455991877014e+00
2.594639430777847977e+00
3.596596966781921978e+00
4.815149136864401491e+00
