1.807835738658328140e+00
1.277880794822122468e+00
9.666495640704866332e-01
8.356149473628207147e-01
8.700379901030181884e-01
1.087178208372682420e+00
1.527092525194118977e+00
2.230195837402265013e+00
3.210084258926167777e+00
4.432751600235025791e+00
1.074064841239490420e+00
6.462604097189466046e-01
4.202717158390854024e-01
3.345306649448254177e-01
3.630389483875422485e-01
5.257920808995759643e-01
8.793357333934093134e-01
1.491044180055194346e+00
2.404962595258737679e+00
3.611600313346809088e+00
6.222079782183591590e-01
2.960725938521644451e-01
1.498273221999610882e-01
1.036959382148268105e-01
1.231653783371680078e-01
2.305098982282380859e-01
4.955379399383232908e-01
1.008273948415066457e+00
1.839883399238404493e+00
3.004523691650724970e+00
3.860398857202405054e-01
1.375138211445730008e-01
4.915382001125223610e-02
2.960398790194673779e-02
3.937151127972526865e-02
1.025485626552473661e-01
2.978856276300927419e-01
7.310693443345890330e-01
1.492818219549709724e+00
2.615214116544152034e+00
2.958143991916912796e-01
8.612098422036496004e-02
2.528464592697687863e-02
1.704775173365291607e-02
2.017480791006320828e-02
5.999724112520254948e-02
2.196586299478706650e-01
6.123908872479155718e-01
1.338401669614915690e+00
2.438543798064062074e+00
3.068037968133090487e-01
9.204209193993406757e-02
2.711716858557444709e-02
1.684254596010426042e-02
2.067506583250455776e-02
6.419055763623937594e-02
2.302568380087564037e-01
6.312163261915308965e-01
1.365789183739574142e+00
2.473023071606927914e+00
4.150815698284731070e-01
1.541395424043674467e-01
5.704311868370481875e-02
3.518823186893094146e-02
5.052300002106768773e-02
1.271920435810489636e-01
3.425926191624455441e-01
7.995686745823054054e-01
1.584645789682214811e+00
2.725124948748353759e+00
6.588959605680599907e-01
3.202339210238491773e-01
1.696579373475497476e-01
1.305995353064748343e-01
1.690964301161397287e-01
3.055685062346498171e-01
6.061062861955459624e-01
1.155566874963740887e+00
2.018977908503334362e+00
3.204413548144655621e+00
1.105071583177284822e+00
6.733887002423379897e-01
4.581196520998798150e-01
3.998032688873855989e-01
4.701567999996818514e-01
6.834897186588317908e-01
1.088929098068295076e+00
1.746137942370532770e+00
2.692176871879345512e+00
3.912279135900563531e+00
1.821249102714912027e+00
1.302842217045199646e+00
1.025013941022558939e+00
9.489117171024421538e-01
1.053254792888241198e+00
1.344576811120266058e+00
1.851183426990834491e+00
2.603479950283784206e+00
3.608410575724816383e+00
4.829306918079367961e+00
