1.809781250042325595e+00
1.279115042851760364e+00
9.672383964909823106e-01
8.357047153268339912e-01
8.698616294752543610e-01
1.087025508941973584e+00
1.527235875144178578e+00
2.230801963245877317e+00
3.211161024730817104e+00
4.434160154504243501e+00
1.075427219546222446e+00
6.471210889853438175e-01
4.207185581992440859e-01
3.346520609022629600e-01
3.629722685294147766e-01
5.257457446007798296e-01
8.795461469994556580e-01
1.491686237512061197e+00
2.406072946386906608e+00
3.613063855024298832e+00
6.228195002096246213e-01
2.964213893585068149e-01
1.500287845893115701e-01
1.037775130304243731e-01
1.231579996148912670e-01
2.305257409868861629e-01
4.957641496100322342e-01
1.008886564531406904e+00
1.840948700057591481e+00
3.005957237222963485e+00
3.860254262606943598e-01
1.374207379757432790e-01
4.912451452952026898e-02
2.962122670782463274e-02
3.938214505311954383e-02
1.025856396972280038e-01
2.980933153485345599e-01
7.316220473463932450e-01
1.493805994739052068e+00
2.616579741629177391e+00
2.955515532452412941e-01
8.583886473690327534e-02
2.514765786852279916e-02
1.702775583347637678e-02
2.018637573579518119e-02
6.003920516059224610e-02
2.198545313868560669e-01
6.129125173617406830e-01
1.339348728962010071e+00
2.439871397527243246e+00
3.067500292867588740e-01
9.188104418142373220e-02
2.703030825172803020e-02
1.683367687531678314e-02
2.069149716080787016e-02
6.425277288339259485e-02
2.304943462934474496e-01
6.317942512755685414e-01
1.366795080991421329e+00
2.474401226574261869e+00
4.155638893716400162e-01
1.543160372257617041e-01
5.711116025583962141e-02
3.522222802300234434e-02
5.055842959034606565e-02
1.273156250572924364e-01
3.429566093446450026e-01
8.003207801127949494e-01
1.585836164156830819e+00
2.726662833653117346e+00
6.599826771354830868e-01
3.207856264922614997e-01
1.698899943769234255e-01
1.306779075812602997e-01
1.691709742916263082e-01
3.058083636590271936e-01
6.066848388593530927e-01
1.156597938652655699e+00
2.020452838434490417e+00
3.206190167625820209e+00
1.106587776208170837e+00
6.741967395950698716e-01
4.584534862409004319e-01
3.999156112639425942e-01
4.703010158478129199e-01
6.839010596839631972e-01
1.089783366456867242e+00
1.747498713712078100e+00
2.693966894580146487e+00
3.914303067925755997e+00
1.822903510842280639e+00
1.303728275595060992e+00
1.025378029426260440e+00
9.490641068091818511e-01
1.053511268666408540e+00
1.345199688490691159e+00
1.852324893924077287e+00
2.605144633496257356e+00
3.610458710172263608e+00
4.831504226830721116e+00
