1.809920743346149052e+00
1.279078326463109150e+00
9.673218632677951234e-01
8.359879219739259071e-01
8.702459191639206892e-01
1.087402521125365951e+00
1.527653249889514342e+00
2.231498216923125000e+00
3.212443664153509459e+00
4.436216427676253460e+00
1.075433637898663974e+00
6.468110646252256402e-01
4.204798871991144438e-01
3.346399940210869062e-01
3.631387670278360957e-01
5.260201284514511855e-01
8.800172569540833933e-01
1.492638527325976128e+00
2.407845571532069684e+00
3.615835688732699893e+00
6.229503490918446573e-01
2.961145944190199941e-01
1.497175791798550648e-01
1.036604176398636667e-01
1.232253122719733085e-01
2.307492218087343616e-01
4.962869702836325558e-01
1.010052684870789363e+00
1.843139652067801393e+00
3.009352401484200357e+00
3.864254650098946087e-01
1.373072829107560011e-01
4.892378058038993061e-02
2.953374591208124400e-02
3.941544087807002938e-02
1.027506546611789418e-01
2.985935204600060899e-01
7.328688282138333676e-01
1.496231605294404687e+00
2.620375692281223579e+00
2.961756974771425632e-01
8.593825099431740000e-02
2.509995603858250490e-02
1.700047577768870610e-02
2.018296759698046117e-02
6.009930581994638032e-02
2.202348637151825272e-01
6.140844408142438482e-01
1.341790544791374273e+00
2.443791767642061075e+00
3.074001249866320506e-01
9.206774231094705385e-02
2.706355341842936468e-02
1.683031774094878585e-02
2.063681252963434076e-02
6.419942714500237457e-02
2.307294846086360707e-01
6.328204757627222676e-01
1.369111765643520329e+00
2.478225275155086393e+00
4.160132566264387322e-01
1.544303597826548469e-01
5.713650475026277320e-02
3.522697119487538941e-02
5.050577413750367839e-02
1.272534695374609726e-01
3.431669450265442123e-01
8.012901567879602283e-01
1.588041331452052063e+00
2.730305611295811730e+00
6.601055074945119117e-01
3.207489589038790001e-01
1.698941842305146110e-01
1.307588176235974231e-01
1.692743246675441071e-01
3.059611852238308671e-01
6.071246696401786380e-01
1.157741437507029403e+00
2.022703184816005972e+00
3.209703870791942748e+00
1.106415060296935593e+00
6.740561649150773604e-01
4.585199917309559225e-01
4.002122070593632230e-01
4.707647370881105076e-01
6.845275207631793535e-01
1.090734447439386301e+00
1.749077484431779794e+00
2.696461428348433387e+00
3.917799401554340477e+00
1.822584437335688534e+00
1.303613804101027895e+00
1.025630838259312227e+00
9.497091209549424207e-01
1.054485612724633370e+00
1.346465166741539932e+00
1.853954055031795889e+00
2.607307101637134750e+00
3.613309221205044608e+00
4.835048490665215581e+00
