1.812540295467430340e+00
1.280986190909015221e+00
9.685166005399068467e-01
8.365463030743534034e-01
8.701555459972372120e-01
1.086434509897193479e+00
1.525382346818634716e+00
2.227490491971837017e+00
3.206517651039792582e+00
4.428625288304421481e+00
1.077134071974834129e+00
6.479811513412840895e-01
4.211694311746647656e-01
3.349761754860320906e-01
3.631212297817505430e-01
5.253540280414217278e-01
8.781246322558331485e-01
1.488885118513193717e+00
2.401874320429783438e+00
3.607816463362460979e+00
6.237776908500602957e-01
2.966500368051008252e-01
1.499798450237630476e-01
1.037715758729369497e-01
1.231919807807315692e-01
2.302558475542344496e-01
4.946759023216333873e-01
1.006557465493692405e+00
1.837263840177708829e+00
3.001176229257282557e+00
3.865998896403706198e-01
1.374855644652885900e-01
4.899621967056511096e-02
2.954753329864168165e-02
3.937238464857806264e-02
1.023654822858652835e-01
2.972196136965568058e-01
7.296987570472825979e-01
1.490684594307058575e+00
2.612442838688750157e+00
2.957126705560799707e-01
8.584659166598562763e-02
2.508548575065994157e-02
1.699057662304781502e-02
2.016661683778231406e-02
5.985939407444540450e-02
2.192054689850824190e-01
6.114874165878916301e-01
1.336998803507821520e+00
2.436694660448100791e+00
3.057842971822442024e-01
9.128607237914820871e-02
2.667001583110995000e-02
1.664485715282459921e-02
2.063861299146196870e-02
6.424582439258585964e-02
2.303483717941929854e-01
6.312735712992463277e-01
1.365717377081011819e+00
2.472732243679784503e+00
4.122355145086480377e-01
1.520641122647994337e-01
5.570987221437384562e-02
3.452316770078311947e-02
5.050283412491296531e-02
1.278463018468691814e-01
3.439201070006365768e-01
8.014459982684698502e-01
1.586807157353938180e+00
2.727232855546155577e+00
6.531504868382960183e-01
3.158933094992573132e-01
1.668108833324186691e-01
1.292872176136050655e-01
1.693882785385465439e-01
3.075153777889951812e-01
6.096106947206383353e-01
1.160280563880210281e+00
2.024318126990694466e+00
3.209703245927972404e+00
1.095941583078371195e+00
6.664347035362858662e-01
4.537058289801461086e-01
3.981633017873686953e-01
4.714204278053717445e-01
6.876035153780151177e-01
1.095531215783235979e+00
1.754503385693213957e+00
2.701311327803477269e+00
3.921140235542647901e+00
1.809353259620410270e+00
1.293957559734417728e+00
1.019828275346316815e+00
9.478336921783689917e-01
1.056386430945302379e+00
1.351633416581536906e+00
1.861423499255272063e+00
2.615741489687485100e+00
3.621299042670187873e+00
4.841484493350542984e+00
