1.827250364926619852e+00
1.289266088818090239e+00
9.734638049201986831e-01
8.405070673996082320e-01
8.747925657070414474e-01
1.093085544980322510e+00
1.535675502630915901e+00
2.243984499583669745e+00
3.233019319748944298e+00
4.469917994580200116e+00
1.085540530987117336e+00
6.515017148314186102e-01
4.224079560968636571e-01
3.356831054515474477e-01
3.643360243713402724e-01
5.278150458549220048e-01
8.829427812969665723e-01
1.498271385165985237e+00
2.419563202091135068e+00
3.638872829321911695e+00
6.287690832084571468e-01
2.981094749141046663e-01
1.499924168236965727e-01
1.035446070770547067e-01
1.232829371279713371e-01
2.310082519441589710e-01
4.968849529693368794e-01
1.012199802907041146e+00
1.849964187371000435e+00
3.026086114823764106e+00
3.898128328614962612e-01
1.382369065478901149e-01
4.889449878138663053e-02
2.935250004511047450e-02
3.932919897548536881e-02
1.026579560931786261e-01
2.985745325171915709e-01
7.340344782396446277e-01
1.501544883568481481e+00
2.634917315681734706e+00
2.979475776094204775e-01
8.636971385124958545e-02
2.512247201281070375e-02
1.697321422086517373e-02
2.019603361620703197e-02
6.018063647097271485e-02
2.207167051897833687e-01
6.162409064856291252e-01
1.348529584811105408e+00
2.459938429883875344e+00
3.074955535122683159e-01
9.167652081181287826e-02
2.672109507252073968e-02
1.660594375723967175e-02
2.063032003510301138e-02
6.476285589620900396e-02
2.326588824614113094e-01
6.377321475855417532e-01
1.379933932341158354e+00
2.499441413009977353e+00
4.139821254546394158e-01
1.524619174712338321e-01
5.567823975941976755e-02
3.431105748230933727e-02
5.041887574428471908e-02
1.287893931200319031e-01
3.476690124632959566e-01
8.107726453452883675e-01
1.605457286280746132e+00
2.759711273108631957e+00
6.560160264452719048e-01
3.169093502066804291e-01
1.670491507993983049e-01
1.292142387147965366e-01
1.696780787604339480e-01
3.095924310068696172e-01
6.158383300719894038e-01
1.173888569539560223e+00
2.049195848713422308e+00
3.250084772309740799e+00
1.101942457776662110e+00
6.696223897421198501e-01
4.555175592966556053e-01
3.995103970039330932e-01
4.735121251694458522e-01
6.924697363479364043e-01
1.106120067229936055e+00
1.774455957319879928e+00
2.734595465712688522e+00
3.971645039684695178e+00
1.821748867366906666e+00
1.302236676269346916e+00
1.025950573895917373e+00
9.533374959787028757e-01
1.063138891688309329e+00
1.362287905208708239e+00
1.879433469603672080e+00
2.645025836558900778e+00
3.665766493883124255e+00
4.904571606081709945e+00
