1.828279675888756728e+00
1.289464606691144155e+00
9.732152665078466214e-01
8.402134297008299058e-01
8.747958950378134091e-01
1.093665982606122355e+00
1.537081475396268715e+00
2.246427064011287555e+00
3.236602905057912594e+00
4.474548175267715422e+00
1.086754109781034927e+00
6.519107545665736581e-01
4.223990913781907608e-01
3.355911287103356955e-01
3.643998511896064940e-01
5.282412045892783681e-01
8.839923910667426554e-01
1.500265182017141541e+00
2.422768525756758606e+00
3.643339200640568265e+00
6.298979819548549131e-01
2.985380055299220459e-01
1.500928379568318149e-01
1.035553396747790345e-01
1.233119098967154770e-01
2.311712887216401668e-01
4.974511302321875661e-01
1.013602711518839072e+00
1.852639581280419279e+00
3.030232479816252322e+00
3.906247380742779995e-01
1.385036962706482910e-01
4.896621948662804868e-02
2.937179312732673964e-02
3.928462061818294160e-02
1.025885644499311411e-01
2.987591975076728801e-01
7.349997817579492221e-01
1.503856295619215189e+00
2.638879043905914656e+00
2.983817422260823804e-01
8.641183321397072348e-02
2.509904951499741799e-02
1.696217163637037117e-02
2.011977608141179985e-02
6.004893091057716958e-02
2.208298906730057354e-01
6.171807838285303660e-01
1.350915760560544854e+00
2.464097644534257725e+00
3.077232983033102443e-01
9.160034301480202146e-02
2.664282787044847112e-02
1.658883478793349298e-02
2.061137145029334761e-02
6.479294447339434271e-02
2.330807439251589841e-01
6.391396263075623807e-01
1.382911272268639635e+00
2.504240914704832122e+00
4.143439392508536656e-01
1.524974689392823990e-01
5.565897799540486801e-02
3.433603091922599049e-02
5.052200601392620172e-02
1.291342512115196683e-01
3.486643810098737362e-01
8.129889828983500877e-01
1.609368467352300769e+00
2.765417391411949311e+00
6.568608202758490222e-01
3.172900829560010294e-01
1.671968261876948247e-01
1.292972791952973211e-01
1.698837702132465211e-01
3.102448538671023215e-01
6.174275565070388438e-01
1.176940988417559453e+00
2.054035290932027635e+00
3.256625494933446774e+00
1.103457357702469110e+00
6.704613619496360144e-01
4.558615790324402894e-01
3.996047841789263089e-01
4.737104633692119648e-01
6.932630352001183383e-01
1.108075866053528813e+00
1.778049166457625674e+00
2.740000578176374546e+00
3.978607503774904686e+00
1.823873129866788290e+00
1.303470492264414915e+00
1.026421433435315222e+00
9.533504564400843151e-01
1.063182029030127040e+00
1.362981600495713153e+00
1.881395726030762106e+00
2.648679172323095798e+00
3.671167056473993995e+00
4.911351284360019775e+00
