1.821742865833559932e+00
1.284526430829926014e+00
9.685851140502172996e-01
8.350031934260062627e-01
8.689053515309606013e-01
1.087738206365392202e+00
1.532101469137296945e+00
2.243219410076058296e+00
3.235491865893322938e+00
4.475303228816317258e+00
1.081118566757568900e+00
6.482649571589043092e-01
4.193133725095172792e-01
3.321851758108689268e-01
3.606181820022964502e-01
5.246459337190927386e-01
8.812759933456923989e-01
1.498814124833792505e+00
2.422505726244265745e+00
3.643852829288446671e+00
6.252462679434653836e-01
2.961326389864673558e-01
1.483852627485902076e-01
1.017172748041605956e-01
1.213580427523819338e-01
2.295547028714679527e-01
4.964906134911952762e-01
1.013152289853222143e+00
1.852170023302004864e+00
3.029182489828558644e+00
3.864002112947577672e-01
1.368224951749148488e-01
4.815400574226202934e-02
2.859977081324238668e-02
3.855048282843398511e-02
1.021430466289832140e-01
2.984839793822242626e-01
7.342119349783313709e-01
1.501638151109830233e+00
2.634637048123654068e+00
2.932679359879379888e-01
8.445734307150587483e-02
2.448197746891267457e-02
1.669090625591351795e-02
1.994675240616672340e-02
5.983482999360489885e-02
2.199548402596551711e-01
6.145031252932060539e-01
1.345305011623336711e+00
2.455123316023213320e+00
2.998131904620890964e-01
8.801985141094981202e-02
2.541483466034399896e-02
1.633101901330746841e-02
2.050393097310099222e-02
6.404810917610603838e-02
2.305074844482923879e-01
6.332686122394228789e-01
1.372642182177315817e+00
2.489534794134035778e+00
4.016570471518896568e-01
1.458947562601888848e-01
5.304373894813352308e-02
3.373115924579828118e-02
5.021963253638972446e-02
1.274513522269167254e-01
3.437870938653553310e-01
8.032670363246197098e-01
1.593970266229698396e+00
2.744885974952435248e+00
6.380779598207979575e-01
3.066784192044487156e-01
1.626294494603541807e-01
1.281165071928143107e-01
1.693210972396226310e-01
3.075954319610492149e-01
6.102629819289866475e-01
1.163563066048398653e+00
2.034044502582659675e+00
3.231229970644168503e+00
1.078567381431824401e+00
6.556948785352165743e-01
4.491879389957862401e-01
3.977711589643249113e-01
4.729486816325536580e-01
6.899204960586313717e-01
1.099213334170915601e+00
1.762025169925175661e+00
2.716893847999436673e+00
3.950230461363053891e+00
1.794400165837972239e+00
1.285436928089522368e+00
1.018020358734938569e+00
9.509761738437632062e-01
1.062364192256206152e+00
1.359402722811468678e+00
1.871808214277910665e+00
2.631572598924924122e+00
3.647028363950177265e+00
4.882405882528943586e+00
