1.822589980305012958e+00
1.285043309704235526e+00
9.689267304670252656e-01
8.352650929145131187e-01
8.690623669851795796e-01
1.087650065823467571e+00
1.531582531744790643e+00
2.242135442670599943e+00
3.233834506634790884e+00
4.473207823226327484e+00
1.081898989885118567e+00
6.486580323730759545e-01
4.195128269868764193e-01
3.323093219212740479e-01
3.606537104368729985e-01
5.244665082439574633e-01
8.807198028098923714e-01
1.497775435483458040e+00
2.420994539662048695e+00
3.641999524703065205e+00
6.258845855302137551e-01
2.963858760370552403e-01
1.484672131336992607e-01
1.017506928248916864e-01
1.213400233761170455e-01
2.293953638178649612e-01
4.960899601538439896e-01
1.012466163030675048e+00
1.851234363629801649e+00
3.028095886614487142e+00
3.868683210037886511e-01
1.369716157910438881e-01
4.818320405693121700e-02
2.860933189739434113e-02
3.854800754645104632e-02
1.021067683470402443e-01
2.984246475968355128e-01
7.341873021673546162e-01
1.501718868205902169e+00
2.634859386701672079e+00
2.935715632323869784e-01
8.455049734326358646e-02
2.450557978674261506e-02
1.669620563848539518e-02
1.995859850588210804e-02
5.993866375088252596e-02
2.203249198293342204e-01
6.153392440067104729e-01
1.346720224984915504e+00
2.457063066083474467e+00
2.999720734362991692e-01
8.808413464212172528e-02
2.542864211775786032e-02
1.628010167407190067e-02
2.044409531873547792e-02
6.420839629023156192e-02
2.312663909418599673e-01
6.349942326475979115e-01
1.375491970314701717e+00
2.493343501140021345e+00
4.017060857423508935e-01
1.459458766706269728e-01
5.302376506609718376e-02
3.355896317713202848e-02
4.999551207995622804e-02
1.275643925883418461e-01
3.448282770167114819e-01
8.057697478812961833e-01
1.598127757042012931e+00
2.750417150300645375e+00
6.380928461723964773e-01
3.067709956907087587e-01
1.626137367762279240e-01
1.278557765574515059e-01
1.689620926531478773e-01
3.076677125588798134e-01
6.115310551320547461e-01
1.166684519054227209e+00
2.039227529655443405e+00
3.238090791345697994e+00
1.078686062024310388e+00
6.559659803160506897e-01
4.493394838361162158e-01
3.976273186629395440e-01
4.726851455466221097e-01
6.901477869416847710e-01
1.100784946964058264e+00
1.765648735328102958e+00
2.722763423453857357e+00
3.957890453429239841e+00
1.794804127687845252e+00
1.286089862145475493e+00
1.018603334354635237e+00
9.512889365994610102e-01
1.062576777889933766e+00
1.360121037265932031e+00
1.873865687438838634e+00
2.635639009506986596e+00
3.653255177745837301e+00
4.890308739777916358e+00
