1.823135713538221125e+00
1.285211718752872656e+00
9.688672280711561058e-01
8.351711465510547328e-01
8.691406040460059046e-01
1.088124400120520363e+00
1.532703460667139694e+00
2.244147689589096828e+00
3.236888968639370034e+00
4.477260182804326583e+00
1.082380692340104034e+00
6.488209863295981705e-01
4.195140567951884947e-01
3.323005548500148620e-01
3.607648890616346193e-01
5.248532161954013731e-01
8.816200053902978340e-01
1.499496853901197468e+00
2.423803103060214070e+00
3.645964246759758609e+00
6.262632529558818106e-01
2.965126083270206436e-01
1.484928386233974607e-01
1.017709670349411510e-01
1.213982878604475957e-01
2.295751624338553398e-01
4.966181229386119611e-01
1.013717751807446277e+00
1.853596508455085612e+00
3.031759304791718179e+00
3.871424475066174153e-01
1.370516285449170368e-01
4.820579568470328979e-02
2.861965458270709917e-02
3.852068114060891446e-02
1.020735174368159193e-01
2.986099929945176257e-01
7.350229931745779766e-01
1.503686511625188515e+00
2.638241562121825368e+00
2.937816995142945586e-01
8.460075080630069522e-02
2.451891512506954030e-02
1.669223740952574531e-02
1.988609811031771812e-02
5.981721638309878131e-02
2.203891928013579360e-01
6.160509024442326620e-01
1.348597728888828229e+00
2.460416627551934354e+00
3.001860297338119210e-01
8.813967945903300460e-02
2.544175939798165587e-02
1.628107123213951013e-02
2.041066077235598186e-02
6.419516428474203451e-02
2.315297100081821213e-01
6.359891696092656588e-01
1.377701061003900662e+00
2.497025265300816699e+00
4.019896416021424557e-01
1.460378846273062692e-01
5.304109975781656772e-02
3.357621776415697923e-02
5.006783064057351851e-02
1.278209214145267225e-01
3.455538533379094446e-01
8.073778235377346846e-01
1.601000279826394035e+00
2.754693557327897224e+00
6.384796127091494355e-01
3.069051384575391950e-01
1.626168370004315022e-01
1.278653742147319861e-01
1.691368294862645172e-01
3.082306654030109172e-01
6.127952710454476204e-01
1.168998705106499614e+00
2.042836525794974989e+00
3.242981918240731787e+00
1.079161589335537741e+00
6.561146643706194936e-01
4.492851791102907555e-01
3.975684691438292617e-01
4.728805851001087746e-01
6.909085303929867194e-01
1.102444172876003492e+00
1.768483649441888517e+00
2.726881230564650593e+00
3.963135589664833702e+00
1.795312016541416256e+00
1.286203274657479412e+00
1.018441267781625470e+00
9.510908946712461898e-01
1.062672909329956283e+00
1.360882314057390019e+00
1.875630607179617826e+00
2.638620237328211715e+00
3.657451352568726222e+00
4.895464285849691066e+00
