1.735861913579576310e+00
1.219515079355037557e+00
9.179555125128686655e-01
7.916377560385168266e-01
8.247750731864602614e-01
1.033376059187650853e+00
1.457671222519838494e+00
2.141989140202664288e+00
3.109297551759469869e+00
4.340089496994426810e+00
1.031915381503962337e+00
6.176703016211906316e-01
3.991718711588898572e-01
3.165491163683906706e-01
3.440746612756964140e-01
5.001779763805611623e-01
8.395885516344048227e-01
1.430346135066299595e+00
2.322685111738239883e+00
3.520445492711884228e+00
6.001456634771571430e-01
2.849163177193254626e-01
1.428610705937476411e-01
9.791476750748273616e-02
1.168218331962567191e-01
2.202611418611208904e-01
4.749010003411555658e-01
9.686830385496492113e-01
1.775629709790214505e+00
2.921145683305416796e+00
3.731795515720612855e-01
1.335009485457643308e-01
4.720860864560094683e-02
2.771138061925348950e-02
3.733749763716609493e-02
9.878460999180482816e-02
2.871041141165644461e-01
7.041415283478684728e-01
1.440905451546974803e+00
2.538741619689378837e+00
2.835370897042999161e-01
8.295874521419754899e-02
2.417140742388568242e-02
1.600366532070296444e-02
1.934709288870273269e-02
5.844397424283442888e-02
2.126903154755819259e-01
5.907158565987593590e-01
1.291713545919199291e+00
2.364726180707291903e+00
2.884682429909943835e-01
8.580879478459912946e-02
2.499705032983534636e-02
1.581467313491735638e-02
2.007802372515676836e-02
6.260116071515753333e-02
2.227260222887466057e-01
6.082977435488494677e-01
1.317134007546012953e+00
2.396682320002696542e+00
3.842228611133400307e-01
1.408101110268287215e-01
5.177379796003833690e-02
3.289415750023039209e-02
4.862170871524540416e-02
1.227210011362167563e-01
3.296259738586737598e-01
7.687061109796999858e-01
1.527087143705054828e+00
2.641846544239534467e+00
6.077262468662425476e-01
2.935838731383171307e-01
1.566041292321163070e-01
1.232304195313602690e-01
1.618360408762740121e-01
2.930012337415046630e-01
5.810725501325304521e-01
1.109557160621401195e+00
1.946764789936858975e+00
3.112534470715610624e+00
1.024800715724223821e+00
6.241888410998637227e-01
4.286287946694180562e-01
3.792966440856133659e-01
4.495523422168830052e-01
6.546105500450423165e-01
1.043909436091995602e+00
1.678920863660241736e+00
2.603301572449497669e+00
3.815797696083572887e+00
1.705769653504509265e+00
1.221349235520500898e+00
9.677994928990223400e-01
9.038270499316620743e-01
1.008593382150317908e+00
1.290367607426885499e+00
1.780351248912474205e+00
2.514317434908146964e+00
3.508823780669533932e+00
4.741327931580338273e+00
