1.740472943355300117e+00
1.222266597358284912e+00
9.188472858216751860e-01
7.910573314761126795e-01
8.233173799018054240e-01
1.031628616584939095e+00
1.456065460648924059e+00
2.140761248324350774e+00
3.108532555000698139e+00
4.339787886325378707e+00
1.035280875575899984e+00
6.195343968402937662e-01
3.996016165250502183e-01
3.158921456388856797e-01
3.428034658028114023e-01
4.987376420947118305e-01
8.383156489125518362e-01
1.429465364532960692e+00
2.322339850497355584e+00
3.520713715134849764e+00
6.022477785080120327e-01
2.860134186240586018e-01
1.430401883923337891e-01
9.741872738309353963e-02
1.159500789481882066e-01
2.193053428111593206e-01
4.741358671527073909e-01
9.683795613758441334e-01
1.776040431647142981e+00
2.922443097495415643e+00
3.741941484646567062e-01
1.340267767681968536e-01
4.729688339699222865e-02
2.746199499559409674e-02
3.688099356885388147e-02
9.831166011250402903e-02
2.869097850790307547e-01
7.046201748981264501e-01
1.442456982538580235e+00
2.541616502549253198e+00
2.837510456238625522e-01
8.310864914621340915e-02
2.422874055244861324e-02
1.592884626881563292e-02
1.916216755518540538e-02
5.833967156445929447e-02
2.130864815545496782e-01
5.921969876562300783e-01
1.294831141474871217e+00
2.369752444368286248e+00
2.881893149653258490e-01
8.573768143338256209e-02
2.501016250880638836e-02
1.577718222484669752e-02
1.999838399951592294e-02
6.278197264594176374e-02
2.237964982577356210e-01
6.110568393339796955e-01
1.322242785763112494e+00
2.404348317860488748e+00
3.837150014434858036e-01
1.406350089792685054e-01
5.173154718110239969e-02
3.282328346036500477e-02
4.861053854190977574e-02
1.232619396593435113e-01
3.315840963872496161e-01
7.730575037934848126e-01
1.534518785224781467e+00
2.652408667300660383e+00
6.071828575866291544e-01
2.934082484283297987e-01
1.565648423708516646e-01
1.232077270098397292e-01
1.620562709130091150e-01
2.941597729229723512e-01
5.842227048363746178e-01
1.115757605713262990e+00
1.956625054412144848e+00
3.125878365357056765e+00
1.024347792141558244e+00
6.241190336138693340e-01
4.287324261733793662e-01
3.795417843545170200e-01
4.503088330367130965e-01
6.567216078598487883e-01
1.048508696569392384e+00
1.687025229751290212e+00
2.615351054492235150e+00
3.831367566299391569e+00
1.705481069816329409e+00
1.221486336105481740e+00
9.682171438565880806e-01
9.045939061206524912e-01
1.010180515295651560e+00
1.293665861394060812e+00
1.786443014641911020e+00
2.524062089486539762e+00
3.522438357595062186e+00
4.758171637384943864e+00
