1.742072798051269800e+00
1.223383103124742632e+00
9.195310553107312046e-01
7.913517782575674175e-01
8.233084494668112541e-01
1.031504112176385490e+00
1.456126258119152084e+00
2.141354441333414016e+00
3.109929789739984685e+00
4.342072137420347033e+00
1.036310706511965662e+00
6.201613775403433948e-01
3.999614528818895565e-01
3.160519107644699233e-01
3.428224254339884425e-01
4.987609775580654770e-01
8.386200455455927738e-01
1.430405249577674454e+00
2.324212072522280792e+00
3.523616162502655413e+00
6.027961158296601951e-01
2.862354773285762377e-01
1.431423659332597964e-01
9.747857960944372735e-02
1.159903364511887247e-01
2.194238038271123514e-01
4.745865440644827515e-01
9.695321530279148448e-01
1.778230081007187380e+00
2.925798281965237280e+00
3.744775051743864935e-01
1.340256847579137656e-01
4.726073901663596644e-02
2.746560177813073267e-02
3.691174234498362239e-02
9.843067332784016799e-02
2.873623885447873505e-01
7.058044802505989423e-01
1.444757953090816116e+00
2.545204508008332311e+00
2.840130965791729523e-01
8.307949840427397703e-02
2.417173867072186511e-02
1.591078461545691880e-02
1.914967211890328258e-02
5.837958321468406098e-02
2.134330648966624722e-01
5.932833899729423877e-01
1.297090070826703467e+00
2.373393009911357154e+00
2.885949997466852324e-01
8.580821470905597437e-02
2.500450688092215046e-02
1.576162180823459380e-02
1.994367700173960145e-02
6.274572345311746346e-02
2.240514058573843670e-01
6.120598564578703105e-01
1.324449810173355502e+00
2.407983777836335548e+00
3.842950929547956918e-01
1.408309426401253006e-01
5.179586647768452679e-02
3.284012101255306959e-02
4.858198377632660936e-02
1.232737678981408180e-01
3.319204716839703195e-01
7.741662664277590977e-01
1.536832617464778394e+00
2.656126690432159876e+00
6.078529595452941692e-01
2.936775413869430196e-01
1.566900220138816024e-01
1.233116225652199915e-01
1.621919751429867773e-01
2.944442724362765773e-01
5.849281286414047543e-01
1.117275294973028466e+00
1.959308102632403958e+00
3.129854881006924217e+00
1.024980816131270345e+00
6.243914657367355403e-01
4.289179377103220503e-01
3.798146190854296833e-01
4.507779983950257474e-01
6.575237646885074838e-01
1.049872376178894839e+00
1.689239055607128392e+00
2.618640720405872813e+00
3.835755587536430866e+00
1.705984601752881247e+00
1.221726907304704568e+00
9.684898578627336718e-01
9.051217678626226615e-01
1.011117211045130304e+00
1.295147475275452820e+00
1.788627405981380036e+00
2.527106669772264169e+00
3.526418735358074485e+00
4.762993991726432341e+00
