1.741212743101042904e+00
1.222742487956489654e+00
9.190384900340866636e-01
7.907373983584271571e-01
8.223988873999665827e-01
1.030546379020139014e+00
1.455910657356900728e+00
2.143008657996087862e+00
3.114458826416633741e+00
4.349883586399762692e+00
1.035964832947861680e+00
6.199017612389887688e-01
3.997394446114590494e-01
3.156086505793087582e-01
3.419964564454911482e-01
4.978377138918954614e-01
8.384716929344016023e-01
1.432274779976925316e+00
2.329215073309260475e+00
3.532218937318496899e+00
6.028476245967340219e-01
2.862208178318788043e-01
1.430847404113873012e-01
9.718632393670922909e-02
1.153465402256710348e-01
2.187350860126695551e-01
4.747346539838357415e-01
9.717697488161434194e-01
1.783684550575729943e+00
2.934941281084928022e+00
3.747892121109366315e-01
1.341241202519896092e-01
4.727241757035116621e-02
2.730417182842259649e-02
3.652329883967198043e-02
9.811747928901404237e-02
2.879405550252300827e-01
7.084323315869180959e-01
1.450481093986011771e+00
2.554455172979992028e+00
2.844832768529546030e-01
8.321366848950084716e-02
2.419843749090588858e-02
1.585385486775159336e-02
1.901455695301734750e-02
5.843545812155426233e-02
2.143716230925782895e-01
5.960940543521413559e-01
1.302675249942438995e+00
2.382126129261614267e+00
2.891784545808775420e-01
8.596698623078680157e-02
2.503319796412384335e-02
1.576396124542434052e-02
1.995971073249336314e-02
6.298653527803921293e-02
2.250550710410124111e-01
6.146180068151760878e-01
1.329305899695993887e+00
2.415463635632665529e+00
3.849804949313320179e-01
1.410377753644667109e-01
5.182709774506299993e-02
3.282659188323577837e-02
4.856262174575753932e-02
1.233866631523206081e-01
3.325529154523376718e-01
7.759274768693771307e-01
1.540331649715145801e+00
2.661674429856550006e+00
6.086149722480840296e-01
2.939365690298068046e-01
1.566997017284901261e-01
1.231760683129330403e-01
1.619169887368236971e-01
2.940939119599637053e-01
5.847660381215895598e-01
1.117771652086542389e+00
1.960982558628016292e+00
3.133038908799278488e+00
1.025741500703000852e+00
6.246463898356324762e-01
4.288338612585000931e-01
3.794338746301537668e-01
4.500573575403272741e-01
6.564659601974085490e-01
1.048655700904713939e+00
1.688244151943287363e+00
2.618339826684087157e+00
3.836520983294525067e+00
1.706612271148545190e+00
1.221860279752787548e+00
9.682011305600752848e-01
9.043847925327366255e-01
1.009844481239850822e+00
1.293302831333502212e+00
1.786340585100022693e+00
2.524707001528643247e+00
3.524354023854430196e+00
4.761673170848679248e+00
