1.741953639634544970e+00
1.223245821754661122e+00
9.193780774441719927e-01
7.909473590198103921e-01
8.224665750377564422e-01
1.030442515320272534e+00
1.455633853888532059e+00
2.142612775906048483e+00
3.114044866843880044e+00
4.349562186959303745e+00
1.036539795445690970e+00
6.202151909671780317e-01
3.999049228858293503e-01
3.156861749317592114e-01
3.419908747594639919e-01
4.977409356212660896e-01
8.383142492002377821e-01
1.432147075452578022e+00
2.329241900847682345e+00
3.532504031500845798e+00
6.032685253872056563e-01
2.863914917453076470e-01
1.431441532419999163e-01
9.720482303764654830e-02
1.153388224806981555e-01
2.187198290762992769e-01
4.747912820166018122e-01
9.720451351293686315e-01
1.784339551211818531e+00
2.936070186129413173e+00
3.750905538704483178e-01
1.342147692109207924e-01
4.729248300998811771e-02
2.731315888347474186e-02
3.653732421834909871e-02
9.819025196619257656e-02
2.882212864513142847e-01
7.091479390653656623e-01
1.451844074755099356e+00
2.556551691187484820e+00
2.846986122598931246e-01
8.327180128449995777e-02
2.421381709646652780e-02
1.585561474409757921e-02
1.901513476772009881e-02
5.853340502666526390e-02
2.148046943357950767e-01
5.971880585704241184e-01
1.304706081552467367e+00
2.385173905597065769e+00
2.893295356418139619e-01
8.601626849191745805e-02
2.504930185167353329e-02
1.573482847752316616e-02
1.989415324342758140e-02
6.303476308265665295e-02
2.255505280301104420e-01
6.159884572155078786e-01
1.331889634062967787e+00
2.419333204531538328e+00
3.850870370166479262e-01
1.410975912050567160e-01
5.185631199314144624e-02
3.277319463350814033e-02
4.843536745774379426e-02
1.233850706145567244e-01
3.330930443265316399e-01
7.775179875201949642e-01
1.543353499184309641e+00
2.666184696118605757e+00
6.087156585296238376e-01
2.940529291768498865e-01
1.568035014257471715e-01
1.231868379345506526e-01
1.618465573209899588e-01
2.941754886383662893e-01
5.854625745295631845e-01
1.119627350375075991e+00
1.964383825840943842e+00
3.138014115833687612e+00
1.025906089349197359e+00
6.249062275006007638e-01
4.291346803572171353e-01
3.796828515576482488e-01
4.502685466115483592e-01
6.568786392061660706e-01
1.049728007796529639e+00
1.690496109329579610e+00
2.622117866228391492e+00
3.841811148651787633e+00
1.706929727211434766e+00
1.222371647895059255e+00
9.688467472623703003e-01
9.050738972077496669e-01
1.010587771936879875e+00
1.294313140883494029e+00
1.788017545463317148e+00
2.527489034009276381e+00
3.528507683984596355e+00
4.767134568647581006e+00
