1.768856187342541020e+00
1.241968119242720547e+00
9.329215984714593901e-01
8.019792819147593121e-01
8.336074792699132985e-01
1.044732352025199873e+00
1.476649238488148441e+00
2.173911160098430884e+00
3.157939023291273628e+00
4.405631957686276579e+00
1.052440010015393668e+00
6.292818410949791996e-01
4.052735548200612214e-01
3.194668284062860408e-01
3.458894582730707157e-01
5.039270295864426430e-01
8.499560533202785706e-01
1.453187661946145681e+00
2.363240957900909933e+00
3.580818065824969310e+00
6.120346244344379016e-01
2.900338887177316138e-01
1.446459034011038369e-01
9.801532342386032326e-02
1.162520733723706456e-01
2.210047455976695829e-01
4.810330142184753299e-01
9.862405090621599868e-01
1.810901603892565603e+00
2.977828601422228161e+00
3.800554072531312499e-01
1.354327174009153367e-01
4.749449086184043267e-02
2.742183691642097187e-02
3.670430464575957785e-02
9.904630471768882671e-02
2.918816556108652094e-01
7.195356007099871221e-01
1.473862076004678556e+00
2.594018322743886884e+00
2.882318274641466616e-01
8.374194416060376511e-02
2.416861610604748023e-02
1.594775887813426607e-02
1.911600424533865805e-02
5.901441461989165305e-02
2.175904455450279329e-01
6.061730615647764608e-01
1.325010867963989369e+00
2.421061605979781817e+00
2.930942739183066692e-01
8.662507639146177496e-02
2.505002095090880232e-02
1.581580009787586505e-02
2.000549735304524290e-02
6.366155455602040547e-02
2.287358697625236914e-01
6.257037777298943837e-01
1.353247717361618641e+00
2.456489803535170324e+00
3.906208289053054727e-01
1.426505616170246071e-01
5.220062802425928794e-02
3.296437177486488679e-02
4.885693620089348599e-02
1.249680844215230735e-01
3.382399312759805099e-01
7.903086530693919087e-01
1.568614737280570992e+00
2.707398700606310271e+00
6.180858263653288276e-01
2.980339398510292170e-01
1.585580712819876226e-01
1.244527755173443495e-01
1.637848328405837606e-01
2.984342287803141147e-01
5.949096805386968612e-01
1.138315101813192953e+00
1.996456764880973012e+00
3.185715139697720133e+00
1.042139950661807646e+00
6.341201773703062372e-01
4.348754691141287765e-01
3.845497498009748938e-01
4.564292133758627301e-01
6.668257567013657905e-01
1.066711423192989727e+00
1.718222541310186813e+00
2.663576297183192665e+00
3.897535171593963454e+00
1.733747404382924628e+00
1.240939509342016578e+00
9.828367465669103353e-01
9.178351472778079057e-01
1.025236382718611949e+00
1.314046266684519182e+00
1.816165273798551638e+00
2.566986816171036523e+00
3.580781967600254134e+00
4.830791962390300398e+00
