1.773567966011775354e+00
1.244528409730643048e+00
9.340781450872626124e-01
8.024382199748458788e-01
8.339433264058566664e-01
1.045496310947200413e+00
1.478519482067939705e+00
2.177689525715450714e+00
3.164322672183329743e+00
4.414876438722236784e+00
1.056131659772475473e+00
6.310455795820324454e-01
4.059975248926246394e-01
3.197916101988429460e-01
3.461882353855170180e-01
5.045703647354908838e-01
8.516074979768148978e-01
1.456841394438331605e+00
2.369904045694825712e+00
3.591010437706497527e+00
6.146309963327958314e-01
2.910244134830382023e-01
1.449728150127835846e-01
9.818050955333390561e-02
1.163993607795337226e-01
2.213499985300249051e-01
4.822870698779642140e-01
9.896543537689019843e-01
1.817829284235324749e+00
2.989052008841039054e+00
3.817939091360198489e-01
1.358966151844391845e-01
4.758183393044390641e-02
2.746431372184510167e-02
3.666697304824495518e-02
9.909454461095279498e-02
2.928746921165874539e-01
7.230263531150882272e-01
1.481520008704562130e+00
2.606797951895007515e+00
2.895186161897989052e-01
8.400562518509602228e-02
2.418539720095758128e-02
1.590992539105151593e-02
1.893910018776878701e-02
5.897558973596339627e-02
2.188064084957499489e-01
6.104957394405072790e-01
1.334309612984451832e+00
2.436288968057377602e+00
2.943096946450918239e-01
8.693658330979481264e-02
2.507994090023402123e-02
1.570631743956774073e-02
1.979723706353375690e-02
6.391458886724166177e-02
2.308982872180909141e-01
6.318570696134475639e-01
1.365274567106959935e+00
2.475117863373537119e+00
3.919892118884895638e-01
1.431094266051680108e-01
5.223673097406766885e-02
3.278650067381150279e-02
4.879257555428928583e-02
1.259785920764624478e-01
3.421053314279891566e-01
7.992063770964943359e-01
1.584224735314053945e+00
2.730015601930396940e+00
6.196710896579240568e-01
2.986439918724901332e-01
1.585952736119775608e-01
1.242903063591054291e-01
1.641261801214568550e-01
3.006589717745473678e-01
6.010414800757839515e-01
1.150455024750247190e+00
2.015893058277361760e+00
3.212181857859567558e+00
1.043935496242012206e+00
6.349059770264027236e-01
4.350240630160264743e-01
3.846377205515523201e-01
4.575179630763575034e-01
6.706153529992064932e-01
1.075308154335814947e+00
1.733480912304917965e+00
2.686281059125153803e+00
3.926853952863767816e+00
1.735769367798324581e+00
1.242022401474972781e+00
9.833557390844127610e-01
9.185361615953357983e-01
1.027419944258497253e+00
1.319549492836584292e+00
1.826986185363047355e+00
2.584606499278985225e+00
3.605471491517466376e+00
4.861267980706923453e+00
