1.774859178259575287e+00
1.245165900227782174e+00
9.343779586989082730e-01
8.025919086826931448e-01
8.340397021328733729e-01
1.045614087313099461e+00
1.478803290011564187e+00
2.178344695230316930e+00
3.165532008977690381e+00
4.416700053702662387e+00
1.057330580381265150e+00
6.315310437447170244e-01
4.061699037006754054e-01
3.198706033940190707e-01
3.462488079480756653e-01
5.046713532358069187e-01
8.518981697322001168e-01
1.457561469771553320e+00
2.371280355119422367e+00
3.593128035471480075e+00
6.156905620543255964e-01
2.913495129651959559e-01
1.450301883543918535e-01
9.820120787619934788e-02
1.164331408839345272e-01
2.214306628727147341e-01
4.825676749589575820e-01
9.904099724154065143e-01
1.819332126834249053e+00
2.991413837581667678e+00
3.826907229048330805e-01
1.360757193432942103e-01
4.754930473212226616e-02
2.744658363533858392e-02
3.668498452881863159e-02
9.916014715147447589e-02
2.931468771111642724e-01
7.238124992554464399e-01
1.483130650981529186e+00
2.609365217187967545e+00
2.902684914108171199e-01
8.407987426856955437e-02
2.409811623581248341e-02
1.587263761530799400e-02
1.895156474359183107e-02
5.904060017372714242e-02
2.190940488983752488e-01
6.113378733068586257e-01
1.336038762586747808e+00
2.439042500724946549e+00
2.949823988194495428e-01
8.698151172033519174e-02
2.498840921365896861e-02
1.567227115971014939e-02
1.981721147380710590e-02
6.400292450745581618e-02
2.312430856128546708e-01
6.328028815772803739e-01
1.367152864356633302e+00
2.478050427604788553e+00
3.927078911734316335e-01
1.432358390611074839e-01
5.221290195007277646e-02
3.279197110791542968e-02
4.884327861905646273e-02
1.261228641117817517e-01
3.425553823972258272e-01
8.003056504316283792e-01
1.586279252208004920e+00
2.733111050173709700e+00
6.205851539582720733e-01
2.989807878563546240e-01
1.587278900095245859e-01
1.243886701243859250e-01
1.642446388673715063e-01
3.008964627036192496e-01
6.016363000010258588e-01
1.151735950907232464e+00
2.018120867505343696e+00
3.215392452866996820e+00
1.045170821225765323e+00
6.355639074462047233e-01
4.353975688790345799e-01
3.848893710757188558e-01
4.577487538582367677e-01
6.709792694735963181e-01
1.076064874817523886e+00
1.734932898189942563e+00
2.688632860747825148e+00
3.930088969266503085e+00
1.737376520898861187e+00
1.243052458738485910e+00
9.840195087805323482e-01
9.189866681419633920e-01
1.027799419034964856e+00
1.320057178423919453e+00
1.827891319628550448e+00
2.586176358559063360e+00
3.607853282896114067e+00
4.864401005900790054e+00
