1.833619035353432736e+00
1.286652657615055872e+00
9.643980179592723800e-01
8.269453879384602857e-01
8.592125405144557249e-01
1.079740004155482325e+00
1.531277185431932253e+00
2.257279376547460359e+00
3.273458898989984434e+00
4.546204799636363703e+00
1.091799311743264056e+00
6.508573550741267866e-01
4.170897679232048461e-01
3.271345207567701863e-01
3.542333807552928704e-01
5.195245513409432192e-01
8.824156274484433737e-01
1.513605712532937630e+00
2.459527998750987265e+00
3.711455974419846982e+00
6.346532380565150788e-01
2.986413526088398385e-01
1.473963805025668705e-01
9.892787450038298402e-02
1.176310763916639246e-01
2.269358176588642806e-01
4.997891549006610035e-01
1.029776469051881804e+00
1.890488720087494912e+00
3.096870487687768403e+00
3.940708884251069577e-01
1.386239985034105615e-01
4.763183817837735035e-02
2.717392696768250460e-02
3.655358523958440742e-02
1.012590618590714087e-01
3.035636764879594551e-01
7.528981126565383875e-01
1.542264966257123504e+00
2.704308193817983152e+00
2.994157785684503637e-01
8.563915390135434791e-02
2.416364836151529971e-02
1.601447818533330292e-02
1.896435311755872988e-02
6.019136718594353397e-02
2.267409566678360022e-01
6.356307383758394991e-01
1.389062372122312539e+00
2.528110379526374629e+00
3.052477430851538998e-01
8.915569000774858921e-02
2.532233767188962759e-02
1.593727037161407623e-02
1.997961357976230090e-02
6.542313418256462398e-02
2.392760878433115579e-01
6.574994427706268851e-01
1.420416995734473886e+00
2.566970261464115666e+00
4.071303332006355191e-01
1.474708355757581302e-01
5.317557882760226562e-02
3.324103424353097580e-02
4.977038457140281480e-02
1.298008603489968493e-01
3.549086614577081633e-01
8.312263589815476195e-01
1.646494307225342624e+00
2.827683501373885022e+00
6.437377287288974514e-01
3.086352817400861426e-01
1.627459027850424178e-01
1.272368697899501910e-01
1.687829875091484411e-01
3.109880538482006074e-01
6.239948566569317734e-01
1.195596492281136847e+00
2.091765988959954470e+00
3.320151492221969036e+00
1.084104899420420764e+00
6.574527300120642792e-01
4.487856761212896117e-01
3.962614228927385795e-01
4.723549781395330882e-01
6.945555568504762078e-01
1.115812056497416549e+00
1.798462226723124502e+00
2.780405471031961895e+00
4.046420241514262273e+00
1.800256389916139454e+00
1.286848118439156252e+00
1.016974448109239759e+00
9.490635891163279325e-01
1.062316389550806761e+00
1.366127778098363166e+00
1.892299600464601994e+00
2.673722795819942988e+00
3.718149290237469984e+00
4.988374972722479761e+00
