1.834846245044504442e+00
1.287422700919973906e+00
9.647953370525641503e-01
8.270554514339725216e-01
8.591360580153271087e-01
1.079615617881199086e+00
1.531277957845615489e+00
2.257570357046343901e+00
3.274136576298804613e+00
4.547256133089168983e+00
1.092740058371825640e+00
6.514027919369844710e-01
4.173720128944786723e-01
3.272373649612845270e-01
3.542193624558613863e-01
5.194862724591615688e-01
8.824978358465287442e-01
1.513971550244402664e+00
2.460289367566302232e+00
3.712615749710991508e+00
6.352482678173689834e-01
2.989108003006943903e-01
1.475177112374090882e-01
9.898185889807464832e-02
1.176411311639871116e-01
2.269467128113227261e-01
4.999141252825261006e-01
1.030172983409492815e+00
1.891281575695574091e+00
3.098078783483012799e+00
3.943984170370367082e-01
1.386776094755663991e-01
4.762086450073965693e-02
2.717613343224911659e-02
3.656356609090316567e-02
1.012865957076414247e-01
3.036986834928079304e-01
7.532932989513554389e-01
1.543054013710781547e+00
2.705522210058248334e+00
2.996477676999163009e-01
8.561387513386797821e-02
2.410219063388296945e-02
1.599397584686279572e-02
1.896983009348574001e-02
6.022091307892019074e-02
2.268765062165147839e-01
6.360227144670691501e-01
1.389846216877502982e+00
2.529319935447846390e+00
3.055554003091085491e-01
8.918789510587998848e-02
2.529290076790324804e-02
1.592790056922943620e-02
1.998818365815324682e-02
6.546110536164917448e-02
2.394320247148691294e-01
6.579209352757420248e-01
1.421229936743584332e+00
2.568198054573644029e+00
4.075958572455942175e-01
1.476253188099097002e-01
5.321413650102613246e-02
3.325670978911432485e-02
4.979203932246711872e-02
1.298705975740599428e-01
3.551281182401915260e-01
8.317336311659460080e-01
1.647391287331540610e+00
2.828969288624360701e+00
6.443250830031583831e-01
3.088849582090968937e-01
1.628322573825062847e-01
1.272694041832487244e-01
1.688291409058972903e-01
3.111239251667541339e-01
6.243302303056452729e-01
1.196247910601728748e+00
2.092797376340737259e+00
3.321527572450374777e+00
1.084700983353949155e+00
6.577162408024470608e-01
4.488740493101595064e-01
3.963004996484542630e-01
4.724453795118481736e-01
6.947967172751265963e-01
1.116308161749881123e+00
1.799295233418725104e+00
2.781592717180346952e+00
4.047889711694500292e+00
1.800747623632807048e+00
1.287052682985212471e+00
1.017036928458095346e+00
9.491191129783587144e-01
1.062482884499909019e+00
1.366508881739918024e+00
1.892977922666274182e+00
2.674737395525019323e+00
3.719471264297821378e+00
4.989902268003823416e+00
