1.826695011633434618e+00
1.281771378444707565e+00
9.609269326133151878e-01
8.242619963861148591e-01
8.564522820480320320e-01
1.075344931864369968e+00
1.522845045144375575e+00
2.242097629227767897e+00
3.249616575584695966e+00
4.513685344901377405e+00
1.086671356562764146e+00
6.478222979379602009e-01
4.153077686607495878e-01
3.259862066611045606e-01
3.529246305693618524e-01
5.163850518650647814e-01
8.745844267126621219e-01
1.497644023713780470e+00
2.432842714645138571e+00
3.673758594123519572e+00
6.310662739214514261e-01
2.969571209937527101e-01
1.466442280657513919e-01
9.858463036883335917e-02
1.170535703008059869e-01
2.243972869504506917e-01
4.920078720859457633e-01
1.012620066576740641e+00
1.860713377818735026e+00
3.053936514282957759e+00
3.915426656406957306e-01
1.377128848669979533e-01
4.731843309743233306e-02
2.705663010940995150e-02
3.611236742982804060e-02
9.867909793115536843e-02
2.951677533533256792e-01
7.339679623621950810e-01
1.509063215795169555e+00
2.656177475454198245e+00
2.973721213531419494e-01
8.502637889443676045e-02
2.397092140931889048e-02
1.589131197517268390e-02
1.836269808232771084e-02
5.708977295411976627e-02
2.170889711255981069e-01
6.143149725078593804e-01
1.352134165207232286e+00
2.475031748586534519e+00
3.030670087315172623e-01
8.846131614438945689e-02
2.512957577266128339e-02
1.579864926882379450e-02
1.909205691635129654e-02
6.140830530536334209e-02
2.277645444161464638e-01
6.332533604384842363e-01
1.379644591486744787e+00
2.509538443281979170e+00
4.041491411722066829e-01
1.462870416411696795e-01
5.281514576692636354e-02
3.299332570285606892e-02
4.836683742335878833e-02
1.244092857353340520e-01
3.409648810770686822e-01
8.036930380670455065e-01
1.602116321809864630e+00
2.766980435160489193e+00
6.393275847815704793e-01
3.064716284170163618e-01
1.618397971849461214e-01
1.265022578417660526e-01
1.663842598379865478e-01
3.036644911219728016e-01
6.071928906008974280e-01
1.164806122492711538e+00
2.044570688916543588e+00
3.257849142267241760e+00
1.077862569566761408e+00
6.538629405701357200e-01
4.468329513453479507e-01
3.944748612177484404e-01
4.683861472856865049e-01
6.848779728716998250e-01
1.096137880576296908e+00
1.765069967010804319e+00
2.731867433711064663e+00
3.984768841491902691e+00
1.792219907595368866e+00
1.281674264475107350e+00
1.013636595858413258e+00
9.458038561088191187e-01
1.056465610682556289e+00
1.354148656198809419e+00
1.870412298641779714e+00
2.639131876571134683e+00
3.670384328664765050e+00
4.929999804330637225e+00
