1.826534855794694323e+00
1.281404186698798853e+00
9.605540262782295002e-01
8.240166670607589339e-01
8.564040283013145682e-01
1.075537603520061225e+00
1.523326873646247748e+00
2.242915592828385485e+00
3.250781711471672608e+00
4.515140077830652743e+00
1.086975893235516466e+00
6.477796743687438408e-01
4.151467917301143729e-01
3.258513769866908660e-01
3.528912161762427502e-01
5.165182657618654360e-01
8.749813580159919724e-01
1.498418918176687598e+00
2.434066746854702146e+00
3.675401657598374783e+00
6.317275987105599455e-01
2.971576495222247871e-01
1.466508619839430594e-01
9.854964449964143114e-02
1.170431862765184405e-01
2.244798574937778568e-01
4.923163056220509759e-01
1.013332612711389302e+00
1.861966781707677043e+00
3.055737359107776996e+00
3.923415163246808390e-01
1.379825628856679032e-01
4.737719271163598478e-02
2.706555622272865946e-02
3.611715761302214389e-02
9.873139883252868287e-02
2.954148950586006350e-01
7.346357065178672485e-01
1.510345828382261502e+00
2.658118436272150831e+00
2.981046815931645000e-01
8.520324553296454440e-02
2.396775183167676460e-02
1.588200234631820251e-02
1.837061911667525749e-02
5.713910885115147664e-02
2.173223140726143754e-01
6.149830431307137246e-01
1.353469987396128005e+00
2.477106361618615082e+00
3.036831620397855147e-01
8.851211292629557192e-02
2.503694123120503434e-02
1.575233262807174128e-02
1.910386711297107354e-02
6.148157401697140756e-02
2.280309050821323069e-01
6.339698106026308011e-01
1.381060386812828611e+00
2.511736585274082501e+00
4.048116719237508931e-01
1.463582014595044001e-01
5.273144453210676375e-02
3.295863297050516394e-02
4.840222355953294198e-02
1.245218345578607000e-01
3.412863985991716476e-01
8.044790822368437233e-01
1.603613537500304886e+00
2.769267394558125872e+00
6.403435156951857721e-01
3.068316759061762156e-01
1.619497502440694348e-01
1.265724325439112619e-01
1.664686251490543611e-01
3.038079866505398741e-01
6.075508705092591555e-01
1.165636150459885556e+00
2.046105800621276671e+00
3.260151279411712011e+00
1.079519421215538344e+00
6.547636846523303689e-01
4.473084757361291963e-01
3.947304808384508590e-01
4.685262618933538903e-01
6.850149664777784864e-01
1.096473994906032701e+00
1.765872931981894212e+00
2.733352937188087139e+00
3.986976638620175706e+00
1.794622480792748220e+00
1.283212660872921518e+00
1.014538921571626062e+00
9.462591622557159354e-01
1.056633438437563299e+00
1.354221186166954638e+00
1.870649165765460253e+00
2.639815106076577322e+00
3.671711994321404049e+00
4.931990103543015813e+00
