1.769175469331994321e+00
1.237828927498242138e+00
9.262719317993344248e-01
7.941773114019650137e-01
8.259090399059854093e-01
1.038750676564475839e+00
1.474557998647526347e+00
2.178363291275683622e+00
3.171870959115350885e+00
4.432128475253733768e+00
1.054664102644277790e+00
6.276619720636578137e-01
4.017133572199806935e-01
3.150374341970980652e-01
3.413093062206371542e-01
5.001406472755860477e-01
8.484922996826611552e-01
1.456190799265572267e+00
2.373339256673851594e+00
3.601046701969314867e+00
6.158033983390271970e-01
2.901598062357422236e-01
1.432130292572608710e-01
9.597273113884341456e-02
1.138590767076390620e-01
2.185547735519257628e-01
4.794212551594068117e-01
9.871505708547303470e-01
1.816742951283220719e+00
2.991682584346712304e+00
3.844458386214384404e-01
1.361506569727133353e-01
4.693764310889214642e-02
2.652613898406031012e-02
3.533842585588686802e-02
9.688557534247799197e-02
2.892131525354741939e-01
7.176357676352758119e-01
1.475018211998779805e+00
2.601474192549042996e+00
2.926405067034192342e-01
8.436343441303328916e-02
2.371090861412916695e-02
1.538175197362789959e-02
1.801065419368441667e-02
5.652548575929827734e-02
2.134783408127542970e-01
6.013771138519654613e-01
1.321774007748096835e+00
2.422873714125101330e+00
2.975743172314988527e-01
8.716976318545732738e-02
2.454664504874592978e-02
1.527076485425560293e-02
1.882103168236604063e-02
6.066813011100080644e-02
2.233427919468624623e-01
6.186333569102515639e-01
1.346769710827395272e+00
2.454374121178270585e+00
3.957097148268573505e-01
1.435938650505583780e-01
5.186478576974273835e-02
3.236572090126088597e-02
4.739574748402120008e-02
1.214237647976172951e-01
3.319431222424835681e-01
7.819595865985977667e-01
1.560605038256637656e+00
2.703777929698391702e+00
6.244209330165304550e-01
2.998830297586536631e-01
1.585847329199108202e-01
1.236631304073849691e-01
1.617495220100053643e-01
2.941857020948948076e-01
5.880289122346145092e-01
1.129737830340729943e+00
1.988826391782488656e+00
3.183344044196269707e+00
1.050248321943396235e+00
6.371997550830972301e-01
4.353048540635988672e-01
3.833496793726620666e-01
4.535065424945958767e-01
6.617458993912652687e-01
1.059623930339430586e+00
1.710562512309154570e+00
2.658370884556727987e+00
3.899318720207556765e+00
1.744276615663702401e+00
1.245653531822247473e+00
9.838843867176052527e-01
9.163489108732907340e-01
1.021616782118709210e+00
1.308607567436030905e+00
1.809862283280372353e+00
2.561942795411043861e+00
3.580475552822344198e+00
4.839883430108715245e+00
