1.773311670444311261e+00
1.240542762335529403e+00
9.279598005621672030e-01
7.951192075725224129e-01
8.262102225175684822e-01
1.038408465934974600e+00
1.473582458369595116e+00
2.176863868130691770e+00
3.170062491155483997e+00
4.430269914920748064e+00
1.057642530901988565e+00
6.293279398278013304e-01
4.026223705429572419e-01
3.155257156062187818e-01
3.414467403104470833e-01
4.998441164764102496e-01
8.476963873419407491e-01
1.454961062342970735e+00
2.371874854525897192e+00
3.599598565250452964e+00
6.177142713029191157e-01
2.909352429559355357e-01
1.434992408757960192e-01
9.611883868699422351e-02
1.138990860759943047e-01
2.183642331652002611e-01
4.789162767142514099e-01
9.863994388210137743e-01
1.815944523570072633e+00
2.991058974393755676e+00
3.856477481340032654e-01
1.364143831361221970e-01
4.690271832665970919e-02
2.650836857615956887e-02
3.535663024954160960e-02
9.684673100803919965e-02
2.891032018779853274e-01
7.175904070517056255e-01
1.475253285512343027e+00
2.602152251497631852e+00
2.935334422911086705e-01
8.449465045215021064e-02
2.361961818240132516e-02
1.532104229548991725e-02
1.802660227367347545e-02
5.664594201505401827e-02
2.138524288983596477e-01
6.022658814473071942e-01
1.323414419769212813e+00
2.425325704412889749e+00
2.983795109276830004e-01
8.735599891099887770e-02
2.449527742017920673e-02
1.517169305004628654e-02
1.879987221133561093e-02
6.094978340494705549e-02
2.243025989016054211e-01
6.206813275381648509e-01
1.350143207187320726e+00
2.458979873089067070e+00
3.963966561388474474e-01
1.437951386073788029e-01
5.179836185638997392e-02
3.218327245714291962e-02
4.734237169666855038e-02
1.219521225042683454e-01
3.336576696411874821e-01
7.853914311894634181e-01
1.565945936773905700e+00
2.710736773706528879e+00
6.248206519600216780e-01
2.999696683162778044e-01
1.584516723927062998e-01
1.234565015586550629e-01
1.618389549100065494e-01
2.952173662033406032e-01
5.907695464481239611e-01
1.134763307520767484e+00
1.996224921062744073e+00
3.192606086766026863e+00
1.050261444122234877e+00
6.371550608802767357e-01
4.352290690876063906e-01
3.834025356696013631e-01
4.541421930557945075e-01
6.637092498151755393e-01
1.063724603562411275e+00
1.717319816172343749e+00
2.667721448500707027e+00
3.910552235909968033e+00
1.744023131056430032e+00
1.245687406412315568e+00
9.842150300666467899e-01
9.171433405373310421e-01
1.023338253579444412e+00
1.311973139866962512e+00
1.815590319800607588e+00
2.570403729265120063e+00
3.591436297314084314e+00
4.852491040174808035e+00
