1.788003843535198811e+00
1.249727990837090630e+00
9.330112347204018164e-01
7.976000964352980560e-01
8.280333075009167487e-01
1.041959963547542500e+00
1.481610687292130635e+00
2.192046376210994296e+00
3.194325491181212229e+00
4.464091150048059120e+00
1.067318019818026542e+00
6.342442938008225894e-01
4.042549871666452077e-01
3.152029611597857439e-01
3.406469782675642932e-01
5.005243923709361553e-01
8.523921894257284748e-01
1.466493399386619600e+00
2.392664908645709687e+00
3.630799734522403455e+00
6.239725816244430234e-01
2.934507584393166724e-01
1.437533025202970549e-01
9.512054987061269173e-02
1.126136525662957411e-01
2.182326708937250004e-01
4.821579453518811675e-01
9.958652688666465025e-01
1.834448369782473165e+00
3.020367258947253220e+00
3.897575549690692753e-01
1.377395783291834874e-01
4.687917565129851027e-02
2.583457656850285389e-02
3.453835227727886092e-02
9.687737179760347317e-02
2.919293329370216128e-01
7.260756984058609476e-01
1.492514687215942715e+00
2.630431256050766109e+00
2.964004073696546726e-01
8.524436592220752118e-02
2.363728434830569824e-02
1.507527193452595782e-02
1.771053559939694821e-02
5.698072720170799244e-02
2.166576003243090298e-01
6.104694636292222754e-01
1.340355945425807604e+00
2.453527483389228436e+00
3.007533171635508040e-01
8.787513247724199061e-02
2.453121488538023698e-02
1.509899311812823441e-02
1.870277102042194883e-02
6.150121500139960062e-02
2.273713213680839118e-01
6.293149134798703415e-01
1.367796916961838249e+00
2.488213414717289851e+00
3.991342647018285561e-01
1.445226691807448560e-01
5.194184611207042224e-02
3.220056212139787988e-02
4.744271845205538796e-02
1.229830966930887115e-01
3.376744097956390078e-01
7.955512867270790878e-01
1.585647088440016006e+00
2.742290689012465421e+00
6.290935173413085835e-01
3.017384302048569111e-01
1.592698589919105956e-01
1.240526788520384116e-01
1.627735936744532097e-01
2.976875970105279379e-01
5.970649888342673961e-01
1.148038827490825753e+00
2.019575390577463381e+00
3.227796716979218772e+00
1.057633571689745366e+00
6.413711481860993047e-01
4.380042787001912075e-01
3.858718895019830342e-01
4.573714957776573442e-01
6.693215843008069044e-01
1.074179955982014434e+00
1.735567372188199897e+00
2.696276805571775625e+00
3.950386668476143726e+00
1.756303551137369467e+00
1.254267429620416152e+00
9.909249550664593897e-01
9.235378097385744667e-01
1.030998940290945853e+00
1.322886008797453883e+00
1.832217882781998597e+00
2.595250879964053681e+00
3.626214490568303361e+00
4.897256554996923583e+00
