1.881946569288086124e+00
1.318614931468511386e+00
9.846450287163150961e-01
8.403405378232164935e-01
8.708824912473627222e-01
1.095505392878845186e+00
1.557179482287553540e+00
2.297649745640558905e+00
3.327973402314380991e+00
4.607264325197880872e+00
1.125341707064084318e+00
6.684381408830315507e-01
4.249947070872313049e-01
3.300515666788097491e-01
3.559601643855874187e-01
5.244289550287284385e-01
8.960747970099856019e-01
1.541657842863834560e+00
2.504682183148107200e+00
3.769789746558883436e+00
6.573081422294624332e-01
3.074036448137782429e-01
1.494100963302571472e-01
9.817670209309525831e-02
1.162066691189433953e-01
2.273007771003836552e-01
5.063831389117954274e-01
1.048729446503113394e+00
1.926860552112223957e+00
3.150172038279928088e+00
4.100321063719736259e-01
1.429173995082404502e-01
4.769275336264122700e-02
2.620280775318661881e-02
3.520081848403577851e-02
1.004092806699325990e-01
3.066063492520108014e-01
7.661110151140366753e-01
1.572317919813094989e+00
2.753287116006285729e+00
3.119588851755388248e-01
8.800925361223477239e-02
2.377096620771368407e-02
1.545171141188461661e-02
1.799471988554479651e-02
5.886096762124459758e-02
2.279944428707434412e-01
6.459839470180313015e-01
1.416154292759674860e+00
2.575397294033843210e+00
3.169712584139094957e-01
9.115887072280237646e-02
2.489515845751277823e-02
1.539497016203483781e-02
1.884741075603457716e-02
6.375128776701721733e-02
2.403121178472531483e-01
6.682082280431895782e-01
1.448758742103727570e+00
2.616379652951939860e+00
4.208217451331623948e-01
1.508205375500057954e-01
5.339725346260237870e-02
3.286662089743153103e-02
4.883613799084152163e-02
1.291635734559726245e-01
3.586739665160703083e-01
8.467436788762796596e-01
1.681154257001049146e+00
2.883394799497260408e+00
6.632764215818180986e-01
3.163871068402706044e-01
1.658613051698143437e-01
1.290308179597712268e-01
1.705888369233878876e-01
3.150941793158299475e-01
6.354846199513133342e-01
1.221614820985539751e+00
2.137911558443713389e+00
3.385359368988014594e+00
1.114720928678472944e+00
6.748236380627279374e-01
4.597435600352000051e-01
4.052104092185953021e-01
4.824069795524472681e-01
7.096029738195106518e-01
1.141459207178588287e+00
1.840582683620448634e+00
2.841493545228487960e+00
4.121417309147698660e+00
1.847146848983397760e+00
1.320411160945381468e+00
1.043041932450542220e+00
9.727688790178987688e-01
1.088262549816391811e+00
1.399238617498093973e+00
1.937695080079022247e+00
2.734798521951727679e+00
3.793386433714033501e+00
5.068569864688128312e+00
