1.882791242877985383e+00
1.318636560502676858e+00
9.841519392708164560e-01
8.395300453742748914e-01
8.700199769978134157e-01
1.095126437728060509e+00
1.558098118786750419e+00
2.300695915749786380e+00
3.333596335194261684e+00
4.615252174614386860e+00
1.126750815164919928e+00
6.688694997013744370e-01
4.248393669203736067e-01
3.295103387054947319e-01
3.552641017248454602e-01
5.241179187511129101e-01
8.970547623810389837e-01
1.544919315772057544e+00
2.510827621405285370e+00
3.778671801017113197e+00
6.589893335458167911e-01
3.080129987550837001e-01
1.494456771787113780e-01
9.785189882303058084e-02
1.157000533175267520e-01
2.271079023424000809e-01
5.074344366456298161e-01
1.052113139376505302e+00
1.933298612241101111e+00
3.159589841055883142e+00
4.117148237242709286e-01
1.434934537313488079e-01
4.777116544431692091e-02
2.602314712763309501e-02
3.489481019808948759e-02
1.004053645242528603e-01
3.078021927380323319e-01
7.696175852061060141e-01
1.578915253767355864e+00
2.762952814222796150e+00
3.135116054167941257e-01
8.844627670054805435e-02
2.378669680685518983e-02
1.532833594819571488e-02
1.785485714533940893e-02
5.908666186509137219e-02
2.294263174767987579e-01
6.496891175037919908e-01
1.422893353933281091e+00
2.585150555649992299e+00
3.184497074952830076e-01
9.149496373132315341e-02
2.481626623437627188e-02
1.524117968138760659e-02
1.879479160012387240e-02
6.419579157898347432e-02
2.420505847058667115e-01
6.722188002944573526e-01
1.455705251436107517e+00
2.626178789224585586e+00
4.224282975979818389e-01
1.512199571860577407e-01
5.328469728487128521e-02
3.264747440647575161e-02
4.880348733039774345e-02
1.297992521774009589e-01
3.607642381362108353e-01
8.511544531124055624e-01
1.688391401391864832e+00
2.893250157996137162e+00
6.652554519499336294e-01
3.170780151844798667e-01
1.658679842032313445e-01
1.288162756671269449e-01
1.705978016446696444e-01
3.159397298493278328e-01
6.379664196544503341e-01
1.226476246949546933e+00
2.145466958464565366e+00
3.395242697548864541e+00
1.117241792744922080e+00
6.760137680143678551e-01
4.600777798542683428e-01
4.051833861782245805e-01
4.826010267402143228e-01
7.107542598510718790e-01
1.144373286911704923e+00
1.845873669370384107e+00
2.849283044502428197e+00
4.131190339107812193e+00
1.850224907325857870e+00
1.322208506074584733e+00
1.043893558838945523e+00
9.731610865624453766e-01
1.088854548205883788e+00
1.400827833713425008e+00
1.941052052667046723e+00
2.740402079053129825e+00
3.801193723706560945e+00
5.077965900775031294e+00
