1.885271244240060540e+00
1.320166746847199590e+00
9.850098820899457763e-01
8.400723862455556912e-01
8.705070698628638581e-01
1.095651768118088398e+00
1.558645765252880011e+00
2.301253565543206037e+00
3.334223239111128834e+00
4.616055678498882209e+00
1.128648957477057735e+00
6.698187308150984620e-01
4.251728359094535392e-01
3.296231013824666434e-01
3.554271922193450450e-01
5.244140287992582472e-01
8.974538788769841346e-01
1.545407602580210593e+00
2.511476796649166232e+00
3.779602350897288687e+00
6.603640732934366042e-01
3.085552741182304715e-01
1.494811154681698895e-01
9.774686977692148560e-02
1.156923156670135455e-01
2.272611500360870451e-01
5.077251555978286035e-01
1.052556085301343813e+00
1.933999296428027037e+00
3.160686794948109224e+00
4.126601563867744460e-01
1.438179370396959200e-01
4.773049887597480279e-02
2.589504793701635776e-02
3.485146360151425426e-02
1.004948780878702763e-01
3.080346074219111330e-01
7.700648612914680058e-01
1.579729673173572380e+00
2.764284998494041190e+00
3.140745930641895001e-01
8.865224529340487436e-02
2.378167279081289109e-02
1.526890945853054404e-02
1.783797375059670287e-02
5.915856000027730488e-02
2.296536412930247906e-01
6.502152050223681812e-01
1.423912639391604174e+00
2.586805990890997720e+00
3.186094037893489883e-01
9.156683275531030120e-02
2.483124415197401902e-02
1.523724637078771593e-02
1.880596475358764508e-02
6.428212420267520599e-02
2.423430352744269101e-01
6.729234778691584040e-01
1.457034886194364276e+00
2.628239851842756991e+00
4.221433547245432294e-01
1.510875333178312019e-01
5.324618024159377683e-02
3.265194709333130163e-02
4.884539348091543332e-02
1.299594872552951585e-01
3.612242955435682745e-01
8.521527514757476496e-01
1.690123412208352605e+00
2.895758892505739368e+00
6.645364950378667146e-01
3.167069154876713810e-01
1.657383059688495308e-01
1.288282729314200736e-01
1.707271283434188547e-01
3.162804538485062267e-01
6.387183346551594809e-01
1.227867976975616671e+00
2.147642574587505848e+00
3.398168001330908794e+00
1.116191712292282645e+00
6.754580141168027296e-01
4.599026078341719170e-01
4.052747161421681454e-01
4.829258273988372707e-01
7.113999923477134502e-01
1.145518724726358073e+00
1.847698622387291323e+00
2.851859586909728961e+00
4.134412374222813824e+00
1.849020624303570060e+00
1.321595406697987585e+00
1.043777961191473480e+00
9.734354990883851144e-01
1.089477289275887273e+00
1.401857423595648910e+00
1.942614048933945625e+00
2.742603983918051824e+00
3.804034220034960612e+00
5.081288964012642850e+00
