1.924151998207310754e+00
1.348541649912414542e+00
1.005908094989052870e+00
8.570860851857329266e-01
8.877557037988452748e-01
1.118142986899549385e+00
1.591691117880595030e+00
2.348271893273242483e+00
3.393419674772315986e+00
4.677609507647039422e+00
1.153644025167029241e+00
6.844706484589231366e-01
4.338484725653550811e-01
3.356484522320783981e-01
3.617632237083991953e-01
5.350406367556530540e-01
9.178394319596225870e-01
1.580962385958040173e+00
2.563951426256679156e+00
3.842916493501363107e+00
6.753102947270033241e-01
3.148969365825955435e-01
1.520482746803466512e-01
9.906374341890433755e-02
1.172369882548540687e-01
2.315620441257468798e-01
5.196840677364207295e-01
1.078657827429392313e+00
1.978796529248285196e+00
3.221657739947467292e+00
4.220566560514118493e-01
1.463895068299319036e-01
4.823838076811881592e-02
2.608234216421045915e-02
3.507392612911708341e-02
1.021542791209206769e-01
3.153982090299880525e-01
7.900774031046999824e-01
1.618744633164517666e+00
2.822377319794865613e+00
3.213229231845549094e-01
9.006428694013024483e-02
2.391118547753379175e-02
1.540539164791354665e-02
1.782393118065073168e-02
5.991733637363871878e-02
2.351749882127798230e-01
6.676366406186282632e-01
1.460400113454635829e+00
2.643644849801887631e+00
3.259970846159720992e-01
9.310243755913205632e-02
2.501737459304465006e-02
1.536603362640853732e-02
1.881179953446476816e-02
6.525930026387527505e-02
2.484554495921109663e-01
6.913696324548901373e-01
1.494841942203876783e+00
2.686368077361388274e+00
4.317221774581074811e-01
1.538191865313613960e-01
5.384462123008582068e-02
3.295345494808010756e-02
4.949424446449057768e-02
1.327840235984396600e-01
3.708513120220455761e-01
8.755384019463470224e-01
1.733102835984208667e+00
2.957442815751919696e+00
6.791528555800709910e-01
3.227442400029136849e-01
1.682329215522031518e-01
1.306782773280428245e-01
1.739045269456038767e-01
3.237668670724573872e-01
6.555590920454061887e-01
1.260108509186613546e+00
2.198725884536626651e+00
3.464042362598039659e+00
1.139818712698799530e+00
6.888290072150180521e-01
4.680733074174856512e-01
4.123737815421808506e-01
4.925649150929825026e-01
7.277582801438757798e-01
1.173574670876709192e+00
1.891614054314091575e+00
2.911576268636220988e+00
4.201966755842283519e+00
1.885313295803573652e+00
1.347404057414193446e+00
1.063352913962402724e+00
9.915863587526612122e-01
1.111014767270750880e+00
1.431537498599784186e+00
1.984439381408325431e+00
2.797887343129698223e+00
3.868645195671504666e+00
5.143543090671885309e+00
