1.914889410356050092e+00
1.342917068388638668e+00
1.002604993062925942e+00
8.548289226589780299e-01
8.856043525101533476e-01
1.115454203403297484e+00
1.587940411382181338e+00
2.342988843235275453e+00
3.386327035445066969e+00
4.668838909076908905e+00
1.145817035839741038e+00
6.804561664644452890e-01
4.318990859918940828e-01
3.343771762487914856e-01
3.603739692984593290e-01
5.330692939627184046e-01
9.147698094925118539e-01
1.576114698429574190e+00
2.556749461766051112e+00
3.833298251567899939e+00
6.687973056494040947e-01
3.121807707186992076e-01
1.510683796547080959e-01
9.846017271192053499e-02
1.164558554825436687e-01
2.303357421072309563e-01
5.174434449548908077e-01
1.074414096014784548e+00
1.971588217804399079e+00
3.211190326564869579e+00
4.162088124406206902e-01
1.442853711482019463e-01
4.765778605347570362e-02
2.576922985730512039e-02
3.469142642511613417e-02
1.015323105282632810e-01
3.138046897570134774e-01
7.861526476946476549e-01
1.611151663440210768e+00
2.810652363454478220e+00
3.152462980207566545e-01
8.782792485869705956e-02
2.326588035542087596e-02
1.515944284512471540e-02
1.767994011025741941e-02
5.959489879872315043e-02
2.336582766781791776e-01
6.632201773733790162e-01
1.451516881435900075e+00
2.629844916182818793e+00
3.188486095702423029e-01
9.015717637156406283e-02
2.406943565394925599e-02
1.513929211062148283e-02
1.876530898867301289e-02
6.475056473377982513e-02
2.461069528217834090e-01
6.852631243214464263e-01
1.483445661069824340e+00
2.669508895272427296e+00
4.228638618727753595e-01
1.497557423259099352e-01
5.243732746204443629e-02
3.266100630515467174e-02
4.925799174059619645e-02
1.314047933604776119e-01
3.665995203447991457e-01
8.664981272596818940e-01
1.718085197222318783e+00
2.936802714487392052e+00
6.681672487314322950e-01
3.171757779475310457e-01
1.660285546434749904e-01
1.299272841885645846e-01
1.728939873993287080e-01
3.206940441757453186e-01
6.484523122085867897e-01
1.247286071280985453e+00
2.179583412159001199e+00
3.439598609745459612e+00
1.126514744159337056e+00
6.813225452258038217e-01
4.644503594926536749e-01
4.104019644863505789e-01
4.899520950916791406e-01
7.222319180743603795e-01
1.163104350561914302e+00
1.874926678051508588e+00
2.888740932430646779e+00
4.174623568679791674e+00
1.869821302225490811e+00
1.337633582496369655e+00
1.057622403338266182e+00
9.875380340788684208e-01
1.106042264637281392e+00
1.423169909587734594e+00
1.970789185713030633e+00
2.778158651560223902e+00
3.843494214367542128e+00
5.115021563673345817e+00
