1.915600403910691085e+00
1.343357362900087892e+00
1.002813013758592220e+00
8.548582317824333643e-01
8.855236659666498866e-01
1.115366925538868514e+00
1.587994919572318864e+00
2.343351213895470408e+00
3.387118173477773553e+00
4.670071964274143284e+00
1.146366036570759306e+00
6.807426868841695011e-01
4.320085849060681937e-01
3.343833821824127028e-01
3.603437489921876846e-01
5.331038528629186146e-01
9.150341640132300114e-01
1.576809152459057728e+00
2.558023935731144505e+00
3.835162146157015783e+00
6.691912833511626246e-01
3.123420525213340682e-01
1.511161559967195700e-01
9.846840813661827951e-02
1.164724135131862681e-01
2.304543449590212845e-01
5.178555206069237471e-01
1.075374256083536650e+00
1.973296101705054539e+00
3.213664061336713118e+00
4.164896917929521436e-01
1.443691738523522616e-01
4.767675963802098238e-02
2.577844534946294175e-02
3.471012084180813417e-02
1.016503062813587377e-01
3.142541716350706338e-01
7.872608982055933069e-01
1.613183460862567031e+00
2.813643264243438580e+00
3.154703823139612950e-01
8.788109020284373685e-02
2.327596711034907173e-02
1.515559701598334641e-02
1.765785666330721426e-02
5.965218324593735133e-02
2.340775215689152589e-01
6.644034256054123233e-01
1.453789643260678943e+00
2.633255258318220271e+00
3.190665288945169209e-01
9.021374908378199109e-02
2.408301956160308066e-02
1.512466088551178700e-02
1.871534641578520564e-02
6.478513023786902636e-02
2.465543083189807305e-01
6.865752306645127589e-01
1.485976126898597371e+00
2.673295276625566430e+00
4.231085546867845437e-01
1.498350177519132131e-01
5.246923815771076249e-02
3.267297351670883643e-02
4.926963596919797794e-02
1.315684884287122713e-01
3.672666067000083245e-01
8.681203331323406047e-01
1.720988640387595581e+00
2.940978963197048657e+00
6.684509325740943808e-01
3.172850633236201645e-01
1.660977714967106778e-01
1.300270106272645165e-01
1.730971341750144887e-01
3.211866020667315524e-01
6.495742074215939965e-01
1.249428790331784001e+00
2.182985752076708863e+00
3.444172700418029365e+00
1.126831749594146004e+00
6.814594955429775780e-01
4.645706080750144906e-01
4.106386779194508563e-01
4.904439306396906062e-01
7.231897152400748041e-01
1.164822634462781892e+00
1.877688729925353073e+00
2.892657293643015493e+00
4.179511450089800739e+00
1.870153569399255034e+00
1.337787511195065449e+00
1.057790642065395303e+00
9.879154176695550404e-01
1.106826477939597098e+00
1.424581137324095081e+00
1.973054899556199615e+00
2.781434693031517469e+00
3.847756105910029589e+00
5.120002608075906458e+00
