1.917257362986010349e+00
1.344184404591429072e+00
1.003129866035441964e+00
8.549277923514182476e-01
8.855764488996484829e-01
1.115728510502275839e+00
1.589161927372016336e+00
2.345889173085694779e+00
3.391405067847635735e+00
4.676052893113848086e+00
1.147857852967778314e+00
6.814428533282210765e-01
4.323132695228206757e-01
3.345340635702171994e-01
3.604830457200947080e-01
5.334849449017387002e-01
9.161694543286547088e-01
1.579377082919114272e+00
2.562550961088126300e+00
3.841689373855597722e+00
6.703973669841420957e-01
3.128010781419998665e-01
1.512822477686572853e-01
9.855517672405511576e-02
1.165395338735102371e-01
2.306889521782693464e-01
5.187829637614349565e-01
1.077772007497390661e+00
1.977823070277501927e+00
3.220452150729469665e+00
4.174382459349139651e-01
1.446123636122180756e-01
4.769643573519566360e-02
2.576337167463371713e-02
3.466555389877079563e-02
1.017241426887807165e-01
3.149831572022616655e-01
7.894856532016021333e-01
1.617644211400753207e+00
2.820526511072612763e+00
3.162964414516782341e-01
8.803845328158033112e-02
2.323981238091299417e-02
1.510116116972604061e-02
1.757951899799437001e-02
5.969598213220983496e-02
2.347868548214382400e-01
6.666279723998531637e-01
1.458274187617464079e+00
2.640183093242212564e+00
3.199058862103605350e-01
9.041633724645947723e-02
2.408763305924388476e-02
1.510858694278205405e-02
1.870721086478610573e-02
6.496440765370969928e-02
2.474613750631800002e-01
6.890090409465159382e-01
1.490604906522825956e+00
2.680239396541413299e+00
4.240020844482561557e-01
1.501186488029482291e-01
5.252630945958536302e-02
3.269657917197577035e-02
4.935563145710908373e-02
1.319520060141794460e-01
3.684717259264953526e-01
8.708457196811121293e-01
1.725764507700075612e+00
2.947822392720812701e+00
6.693230427379628367e-01
3.175696293821008709e-01
1.661151547630321801e-01
1.299920459738341805e-01
1.731843636208889592e-01
3.216898514189221459e-01
6.509869534510492883e-01
1.252321735718583184e+00
2.187725136325568087e+00
3.450664180481306076e+00
1.127548067871567028e+00
6.816106131497452481e-01
4.644148628409077162e-01
4.104076197972599260e-01
4.903788310951995300e-01
7.236271455306244604e-01
1.166212144759967373e+00
1.880469752727909949e+00
2.897042928612075130e+00
4.185319190856586324e+00
1.870607448393702299e+00
1.337707041718507739e+00
1.057377434882376122e+00
9.874032590894223915e-01
1.106493977219740188e+00
1.424778719195185062e+00
1.974176978311225739e+00
2.783804379122287287e+00
3.851469358817901423e+00
5.124830848491389368e+00
