1.918679771559091307e+00
1.344678051656819306e+00
1.003146158322332226e+00
8.547891641452114442e-01
8.855065860488515739e-01
1.116019020911901194e+00
1.590286329862268033e+00
2.348413130647699631e+00
3.395717625329892186e+00
4.682102533571375957e+00
1.149553108318066563e+00
6.821357054069494552e-01
4.325185624366021386e-01
3.345444332709579527e-01
3.604534409890227664e-01
5.336968645864637040e-01
9.172075492905484850e-01
1.582012872091649314e+00
2.567371885714701207e+00
3.848725913276664912e+00
6.720677050566656874e-01
3.134549158423478588e-01
1.514985581260042125e-01
9.859356904085991857e-02
1.164836940875346727e-01
2.308072827741369792e-01
5.197625146447037991e-01
1.080572060092034548e+00
1.983204712555572513e+00
3.228504817525536197e+00
4.188761377846041967e-01
1.450710379297195374e-01
4.780538825974289807e-02
2.575521316121154314e-02
3.457375770412873806e-02
1.018193570443539642e-01
3.160429926342764873e-01
7.926129367322598540e-01
1.623713329523940985e+00
2.829636652399249996e+00
3.174880179902679345e-01
8.830886090630940544e-02
2.323603954713426845e-02
1.504030838707492990e-02
1.748696274944450124e-02
5.987856546711256556e-02
2.361029718878207007e-01
6.702644320909936226e-01
1.465137140543708583e+00
2.650320077147327424e+00
3.210267772159447475e-01
9.065680822565269636e-02
2.406526478938886271e-02
1.503847962039017716e-02
1.865918229006879869e-02
6.532372759517990346e-02
2.491578289331695117e-01
6.932489159806642931e-01
1.498242163126363380e+00
2.691215157122588408e+00
4.253075662421110792e-01
1.505446343761907002e-01
5.261523710613857929e-02
3.267464765032457308e-02
4.938363545233848129e-02
1.325253990482622157e-01
3.705737235116082218e-01
8.756384139526982580e-01
1.733979213662676599e+00
2.959261821461351971e+00
6.710007013720407087e-01
3.183369992837903339e-01
1.664111714004334885e-01
1.300641948138014925e-01
1.733085711216322267e-01
3.224746572467278583e-01
6.534330116917406173e-01
1.257486827117928030e+00
2.196170714059125118e+00
3.462053303086324973e+00
1.129618869448432150e+00
6.827430212795970732e-01
4.649411672695613618e-01
4.106005495380760095e-01
4.906219691075399680e-01
7.246087453827456670e-01
1.168895405605553606e+00
1.885755997539574125e+00
2.905303893555000627e+00
4.196106272275222260e+00
1.872921944473301181e+00
1.339097380119568470e+00
1.058087023559890483e+00
9.877248107993654713e-01
1.106881964449085487e+00
1.425940078841115621e+00
1.976975098915815465e+00
2.788948130029918815e+00
3.859148239993054119e+00
5.134532787182773284e+00
