1.846670616867116976e+00
1.289848603142484507e+00
9.605343117809237441e-01
8.182180885641976431e-01
8.479754724378381070e-01
1.069603833934905879e+00
1.527510407762003197e+00
2.265944755505861608e+00
3.299692369754291477e+00
4.592689730824121241e+00
1.106500546173368349e+00
6.558011896886650760e-01
4.157735393014956315e-01
3.218355969087358659e-01
3.468593673208424377e-01
5.131390557205985914e-01
8.820349804898022228e-01
1.525405862690396575e+00
2.488876174274269104e+00
3.761078895775048281e+00
6.488984494947569459e-01
3.034453276314224013e-01
1.470975241679148837e-01
9.588609826237615152e-02
1.131861524502717486e-01
2.234241761885265021e-01
5.018184597571870853e-01
1.043565965878585189e+00
1.921672732566813480e+00
3.148333520003291142e+00
4.060428315722255377e-01
1.418151093220867409e-01
4.709633586499073488e-02
2.523075030356913828e-02
3.387666612527340249e-02
9.937137867129486324e-02
3.065789288596576512e-01
7.670184785731279931e-01
1.573404110278406876e+00
2.755621630726960092e+00
3.084434472967796381e-01
8.684936205826154776e-02
2.295135500349942959e-02
1.447692510899756257e-02
1.713093240889662638e-02
5.886888457663630447e-02
2.295875609337620915e-01
6.487789630312530420e-01
1.418640465140351026e+00
2.577571448770138218e+00
3.118109593640205901e-01
8.900501039724240115e-02
2.369251864266352925e-02
1.455459350090748671e-02
1.840736397523912160e-02
6.403508888327102966e-02
2.414284399905000100e-01
6.692022435181907980e-01
1.447856435515694429e+00
2.613802312881775336e+00
4.122314148791286215e-01
1.469302609181522001e-01
5.161836308164069465e-02
3.196810663534677133e-02
4.816563100598969527e-02
1.281759108081743648e-01
3.565133798008748300e-01
8.418828236065198922e-01
1.672230161997823927e+00
2.872174739452127312e+00
6.481642439218067153e-01
3.083463061549416295e-01
1.615125675542401495e-01
1.259983350186235640e-01
1.670446102799232335e-01
3.093236254001965335e-01
6.256959238645745103e-01
1.206213544275263061e+00
2.116950561854075374e+00
3.363399725781480498e+00
1.088112229225467686e+00
6.574473584806259652e-01
4.477138092701480332e-01
3.948722731471008274e-01
4.705175027662011900e-01
6.932973417311725228e-01
1.118518329940494382e+00
1.810319979634771315e+00
2.806523438539452187e+00
4.089957519758874227e+00
1.803929121312112471e+00
1.286907528949669199e+00
1.015801002284632659e+00
9.474601884842659416e-01
1.060677325675149163e+00
1.365989980834211082e+00
1.897109919531590805e+00
2.688224689005295431e+00
3.746814228155932014e+00
5.033929674768003792e+00
