1.847394196787007559e+00
1.290250970739712955e+00
9.606856531685661338e-01
8.181967255821938068e-01
8.478678723545431950e-01
1.069525544156631369e+00
1.527618324943089689e+00
2.266413028941556718e+00
3.300652443790060175e+00
4.594166611514731713e+00
1.107058062713957014e+00
6.560678267756028248e-01
4.158585155631993047e-01
3.218263425152301238e-01
3.468306836091503698e-01
5.131970961694722888e-01
8.823487173366650893e-01
1.526182989175930871e+00
2.490282821659029366e+00
3.763149062771004694e+00
6.493005491923380390e-01
3.036018880588073898e-01
1.471409441195152823e-01
9.589422368835975874e-02
1.132083137170933895e-01
2.235543652683755766e-01
5.022472967723334847e-01
1.044552437631974584e+00
1.923436333225261308e+00
3.150930268595550032e+00
4.063313674193160807e-01
1.419015884080820911e-01
4.711734729453631587e-02
2.524029024818297273e-02
3.389401108616851843e-02
9.948407809406489832e-02
3.070116606308133100e-01
7.680951979428680687e-01
1.575408347976139822e+00
2.758637631526136502e+00
3.086741515574651373e-01
8.690665885015214087e-02
2.296275818997628448e-02
1.447090610607482120e-02
1.710557112752830733e-02
5.891764939260113465e-02
2.299766784601242620e-01
6.498957171684960343e-01
1.420823940440369526e+00
2.580925531616177437e+00
3.120351406466514987e-01
8.906555956952111330e-02
2.370660057312079516e-02
1.453931083137938174e-02
1.836084411590199750e-02
6.407078289312728714e-02
2.418497083514239421e-01
6.704360195847272053e-01
1.450264960386975943e+00
2.617483484617514122e+00
4.124825560808407232e-01
1.470131569087325119e-01
5.165047190564209245e-02
3.198094360138092895e-02
4.818444712553926479e-02
1.283442652788799876e-01
3.571536537100570285e-01
8.434188487952081204e-01
1.674997190409238002e+00
2.876228363717572734e+00
6.484522155155527656e-01
3.084554137609369917e-01
1.615765540595734961e-01
1.260902999857727025e-01
1.672402829320294160e-01
3.097990669732215707e-01
6.267656478871153070e-01
1.208249079713066720e+00
2.120208009315069475e+00
3.367858463931719726e+00
1.088425140084504861e+00
6.575720194387493223e-01
4.478122204483128144e-01
3.950762323237135831e-01
4.709643504084084498e-01
6.941896398108422517e-01
1.120136171639575906e+00
1.812943428520098266e+00
2.810293446385877303e+00
4.094759482924004601e+00
1.804241080715424772e+00
1.287026871737648293e+00
1.015918950030489043e+00
9.477671370769318315e-01
1.061367241659734617e+00
1.367279628977000172e+00
1.899227198528732785e+00
2.691341343780120354e+00
3.750948081331147321e+00
5.038878054771076975e+00
