1.849435960003434687e+00
1.292491945085526339e+00
9.624191620244531009e-01
8.190284048984910470e-01
8.475905611561671549e-01
1.067854000469402820e+00
1.524032811028909862e+00
2.260281318229770520e+00
3.291581893115232305e+00
4.582354264002116651e+00
1.108109552081888438e+00
6.574472486539786331e-01
4.168419766248643299e-01
3.220977723248417135e-01
3.462853251490436435e-01
5.115695939236264422e-01
8.789911382747899182e-01
1.520212384478893952e+00
2.481038011107314034e+00
3.750661323707049633e+00
6.494208442656468350e-01
3.042595110096044664e-01
1.475815317743087718e-01
9.585726318113252375e-02
1.126721516342037432e-01
2.222709834959264441e-01
4.994595400798136353e-01
1.039158279475005386e+00
1.914531322474193331e+00
3.138380158524661567e+00
4.055398484659864522e-01
1.419542455366311628e-01
4.720351165322256293e-02
2.509956927561596274e-02
3.353396165353395020e-02
9.865697498598891002e-02
3.048881221138337594e-01
7.634315539531861816e-01
1.567136756676266174e+00
2.746499872294782207e+00
3.067983693879945406e-01
8.630402402159376152e-02
2.274416572308268769e-02
1.430076437431182512e-02
1.693726777412152273e-02
5.846685596717904332e-02
2.283814873300311632e-01
6.458731534812738317e-01
1.413257747587627122e+00
2.569504740964521972e+00
3.086804491557142427e-01
8.756157034468614597e-02
2.308550830025524192e-02
1.431588995520094443e-02
1.833509386160159238e-02
6.386275438035582397e-02
2.405866060970982545e-01
6.668894474694191388e-01
1.443386265902038446e+00
2.606987130950349396e+00
4.071732645753805002e-01
1.442858326162852478e-01
5.049079093230091075e-02
3.170278710217822038e-02
4.834075225978118340e-02
1.283853204287108696e-01
3.561854858517374822e-01
8.403227128064525431e-01
1.668874856515946803e+00
2.866880488108796143e+00
6.408912026090831660e-01
3.043156800859048161e-01
1.598583828889807990e-01
1.258951027180330584e-01
1.678110747922509915e-01
3.103464622846772158e-01
6.263359857136148179e-01
1.205837570672992243e+00
2.115097157551300455e+00
3.359962575542844831e+00
1.078738321495459118e+00
6.521435779183484271e-01
4.457300821837488769e-01
3.952626177094362703e-01
4.723419820764522825e-01
6.956908422164271855e-01
1.120702979561782442e+00
1.811650674333021627e+00
2.806585210326970170e+00
4.088656047942114569e+00
1.793068578013734538e+00
1.280791930654586963e+00
1.013859229725685651e+00
9.486960567102720177e-01
1.063938674091209791e+00
1.370163223229257099e+00
1.901239523635215534e+00
2.691592313359844724e+00
3.748995890789347030e+00
5.034816905724735392e+00
