1.850046003863376143e+00
1.292753202203462237e+00
9.624351866978759773e-01
8.189176887229301371e-01
8.474854323996048322e-01
1.067922104482141421e+00
1.524485279438582808e+00
2.261335097961056917e+00
3.293379630729154073e+00
4.584884574343119468e+00
1.108612607467401645e+00
6.576496691109685599e-01
4.168736230178371471e-01
3.220667646670332118e-01
3.462912333416543476e-01
5.117557709048377035e-01
8.795790004533206030e-01
1.521465841962962529e+00
2.483158668187686047e+00
3.753673033847645613e+00
6.498048844609325414e-01
3.043977276717875213e-01
1.476151076639879989e-01
9.586759623373808381e-02
1.127143219081307990e-01
2.224612347505239285e-01
5.000363919374102295e-01
1.040446249660664790e+00
1.916806833041292180e+00
3.141716151465230311e+00
4.058244542802853516e-01
1.420383021807172241e-01
4.722600025327494677e-02
2.510895667553469934e-02
3.354335808696440324e-02
9.876343401933951327e-02
3.053549720947490442e-01
7.646473946668770338e-01
1.569452088932470346e+00
2.750035195800405674e+00
3.070300292175538459e-01
8.635988239734082583e-02
2.275527279372724365e-02
1.429174248963427374e-02
1.689793873849687600e-02
5.849141027363913281e-02
2.287606667764343626e-01
6.470451524083067341e-01
1.415622461726773196e+00
2.573208118406338230e+00
3.089167559804337770e-01
8.762232073015141509e-02
2.309830357278030988e-02
1.430489345145424807e-02
1.829765564229290931e-02
6.390985960815243061e-02
2.410302691710928258e-01
6.681843653786856407e-01
1.445935303089665780e+00
2.610922445835011985e+00
4.074604336074632016e-01
1.443747985005536805e-01
5.051729441572838653e-02
3.172059832452767125e-02
4.838866381854423082e-02
1.286082639573269404e-01
3.569028611415934193e-01
8.419623504819178095e-01
1.671787062030002602e+00
2.871139351825648944e+00
6.412443264638714169e-01
3.044300997959243915e-01
1.598896712463240277e-01
1.259521395069516103e-01
1.680002724005333903e-01
3.108565828427369837e-01
6.274770712680926010e-01
1.207970786505377703e+00
2.118473645950576412e+00
3.364564846607517978e+00
1.079134280473923013e+00
6.522500589782893599e-01
4.457272842926318646e-01
3.953256299803218354e-01
4.726547838169246063e-01
6.964860319670904687e-01
1.122267271515957177e+00
1.814254883789475414e+00
2.810358648771147827e+00
4.093479087639950720e+00
1.793455832370094427e+00
1.280838881614416280e+00
1.013765297914448027e+00
9.486951459533319309e-01
1.064283096077074831e+00
1.371119441240363557e+00
1.903062925601094690e+00
2.694461104005970498e+00
3.752924019061708805e+00
5.039598020251523813e+00
