1.850461808173989198e+00
1.292787446571461274e+00
9.622554506509839456e-01
8.186697071616624299e-01
8.472895956028114739e-01
1.067895536494816611e+00
1.524753938599820557e+00
2.262012221929087019e+00
3.294518848614874429e+00
4.586440367641861471e+00
1.109303972004548555e+00
6.579038063673827708e-01
4.168859673200948635e-01
3.219814448130033924e-01
3.462078783008077920e-01
5.117764060789120606e-01
8.798408822552907793e-01
1.522121880642400171e+00
2.484313159877975963e+00
3.755317766848778049e+00
6.505925128748568653e-01
3.047193649844608387e-01
1.477050505485451026e-01
9.586962002092391799e-02
1.126990065585040668e-01
2.225013401375051103e-01
5.002657981770042284e-01
1.041047069135009551e+00
1.917930076195851541e+00
3.143393025750318870e+00
4.065433980002666203e-01
1.422867096761084582e-01
4.728199305235669669e-02
2.511913362099349456e-02
3.354889136286764995e-02
9.880227080318526589e-02
3.055469636107819298e-01
7.651906296462307466e-01
1.570532574379747359e+00
2.751716994461672172e+00
3.076214018452976262e-01
8.648726223793445911e-02
2.273304938682230159e-02
1.427167833977804889e-02
1.690068384329457274e-02
5.852757513883766194e-02
2.289351268601524936e-01
6.475611463739614493e-01
1.416684983024815381e+00
2.574900365479088293e+00
3.094615454715068381e-01
8.770278036990042381e-02
2.304380438004294263e-02
1.427221794694055745e-02
1.830361207247399591e-02
6.395793252333348278e-02
2.412206416073949811e-01
6.687201916544065483e-01
1.447024190210408179e+00
2.612649281927627243e+00
4.081315064296067163e-01
1.445609138316878983e-01
5.053337728292639497e-02
3.172610975940770572e-02
4.841676491512991731e-02
1.286823527073117646e-01
3.571357509284318610e-01
8.425568858945009509e-01
1.672939443435323525e+00
2.872919103336615265e+00
6.422052890795537650e-01
3.048645073077143053e-01
1.600702127985105250e-01
1.260378487772317868e-01
1.680582403715451534e-01
3.109543470885860472e-01
6.277561804571831772e-01
1.208634832653874724e+00
2.119696770357476723e+00
3.366388224823682052e+00
1.080446792187499838e+00
6.529873788295947890e-01
4.461025599350936233e-01
3.954946559514613824e-01
4.727275858566937217e-01
6.965864274512068022e-01
1.122572260258177579e+00
1.814966926880366316e+00
2.811622539705215473e+00
4.095301208709743790e+00
1.795047031751609623e+00
1.281821713685566522e+00
1.014290214434904414e+00
9.489120372552424243e-01
1.064341995452315004e+00
1.371195846967170340e+00
1.903362750403228887e+00
2.695178951415032387e+00
3.754171340417260083e+00
5.041347330458800791e+00
