1.895302350316134365e+00
1.327583214000103595e+00
9.894532760902183810e-01
8.415860122728524573e-01
8.699012836147002048e-01
1.095067068861553139e+00
1.561373187388769068e+00
2.310295527459325982e+00
3.350030165864151144e+00
4.634687151981080611e+00
1.137843382041397788e+00
6.757345892771642326e-01
4.282469305974299090e-01
3.301268907326520008e-01
3.540546277108020945e-01
5.233086580366546059e-01
9.004596903205026592e-01
1.556724969644095680e+00
2.533015974346819021e+00
3.808437904798363860e+00
6.673388231107129087e-01
3.122694194078441399e-01
1.510017833968770873e-01
9.742846879947464345e-02
1.139435615684636360e-01
2.259687766192453040e-01
5.109237953062848447e-01
1.065263874447357040e+00
1.959334051714025193e+00
3.196735793292248218e+00
4.169863228072578920e-01
1.453092353662004399e-01
4.788230216953692775e-02
2.506690830085389621e-02
3.315539705774739332e-02
9.949671971426354844e-02
3.117448273334364472e-01
7.839524991342035065e-01
1.607718112345127182e+00
2.805218482048841722e+00
3.157955139258863397e-01
8.820376192416290451e-02
2.287283472478662816e-02
1.421079321357510139e-02
1.650958310163552767e-02
5.886368027030286498e-02
2.342886665520449441e-01
6.653861037051242988e-01
1.453877465054089768e+00
2.630739236961648686e+00
3.179258145955703441e-01
8.954306120198829433e-02
2.319693617013207643e-02
1.422176829062671288e-02
1.814740429698069590e-02
6.512523965551508809e-02
2.484262237336416490e-01
6.896905384390379368e-01
1.488566522949890114e+00
2.673526018809431193e+00
4.192351379447512016e-01
1.477642428724728063e-01
5.111904710257419993e-02
3.189000787556217631e-02
4.917110803985380585e-02
1.324588855974102586e-01
3.693971314841455467e-01
8.709298099462063902e-01
1.722855405883958468e+00
2.940725433610124284e+00
6.595364029329768840e-01
3.122491899448522901e-01
1.632280095272484743e-01
1.284515969537682878e-01
1.723358949238704696e-01
3.209576100125790532e-01
6.495534744961588558e-01
1.248852142143563881e+00
2.180844506947307693e+00
3.440722592161094440e+00
1.109204240718703716e+00
6.700250058228114369e-01
4.571359939076788947e-01
4.054312606170160649e-01
4.860646061976083843e-01
7.185490042337434602e-01
1.159086818321959811e+00
1.870297159824337641e+00
2.883844854271455205e+00
4.171568414580889339e+00
1.839882867058316052e+00
1.315216206339036020e+00
1.040832393958734059e+00
9.741660745253817311e-01
1.094047159672495440e+00
1.411031251760798355e+00
1.957801157787066870e+00
2.764717254777959710e+00
3.831567761519876214e+00
5.108815062505703608e+00
