1.898265630211554367e+00
1.329381417502945695e+00
9.904038845410152447e-01
8.420561732780846853e-01
8.701859631265786987e-01
1.095381341024944888e+00
1.561920203619322933e+00
2.311311093964539154e+00
3.351737163228669658e+00
4.637183858887506283e+00
1.140487790102797661e+00
6.771400818640387342e-01
4.288458888773618582e-01
3.303509439613616649e-01
3.542003036430561025e-01
5.235583884729386739e-01
9.009954694144770571e-01
1.557800449136417242e+00
2.534901374877801317e+00
3.811272083338872463e+00
6.695125771840348960e-01
3.132408789625102941e-01
1.512790084087498599e-01
9.745779508103602495e-02
1.139839331071748063e-01
2.261532182548045000e-01
5.114165128695571383e-01
1.066348507790049638e+00
1.961338034804310126e+00
3.199841997510638691e+00
4.186465896904945083e-01
1.459081842345106850e-01
4.794371734098668014e-02
2.499614084657331148e-02
3.314508594523601914e-02
9.963284339679034929e-02
3.121930583671428394e-01
7.850424946039193941e-01
1.609835558958456758e+00
2.808578701637408415e+00
3.169876622729166371e-01
8.854653653980193440e-02
2.284272720801183709e-02
1.412912920237197056e-02
1.649640829426779476e-02
5.898127948934472897e-02
2.347328179940859627e-01
6.665427921652185006e-01
1.456175301736100991e+00
2.634396339768235507e+00
3.187358634308878891e-01
8.974089330007828380e-02
2.316510761926515727e-02
1.418085149768266717e-02
1.816310220110928242e-02
6.527167288565927095e-02
2.489539042546304870e-01
6.910361984200275032e-01
1.491167637941030577e+00
2.677560602359374542e+00
4.197467643416512573e-01
1.478875941545094719e-01
5.112486215405631640e-02
3.190961568148686922e-02
4.924880240724327507e-02
1.327119076341443105e-01
3.701371085633695657e-01
8.726177762098998869e-01
1.725890731782863341e+00
2.945202388766682944e+00
6.598153428423625400e-01
3.123320922663417321e-01
1.632848172313057233e-01
1.285540130122537761e-01
1.725377159814414085e-01
3.214305626213693756e-01
6.506511512880788217e-01
1.251016702983431372e+00
2.184390231357150824e+00
3.445630956002935008e+00
1.109309415521339659e+00
6.700949813778755981e-01
4.572690793881157845e-01
4.056714087679154090e-01
4.864897736138971140e-01
7.193706341910051094e-01
1.160660180904693917e+00
1.872998136946813830e+00
2.887870357411802757e+00
4.176783703528617053e+00
1.839883820302283368e+00
1.315318845147089633e+00
1.041095686011340504e+00
9.746275066009850718e-01
1.094802978911626923e+00
1.412298369356930650e+00
1.959889516931553999e+00
2.767900245484412380e+00
3.835917265977023760e+00
5.114103746681464280e+00
