1.984123604718972089e+00
1.396771118784450039e+00
1.043477978994994615e+00
8.874993311475272151e-01
9.165458898201475080e-01
1.152998546345017417e+00
1.640201946353316842e+00
2.412268642014161912e+00
3.461689937494440095e+00
4.721148453619820273e+00
1.194650911920835057e+00
7.107929531493510922e-01
4.502894677222695208e-01
3.462796637776470732e-01
3.709527651748416588e-01
5.496801708095340189e-01
9.472320919242491755e-01
1.632298193146558773e+00
2.633924262994970178e+00
3.909513387491350578e+00
7.003609177218557136e-01
3.265996940721915820e-01
1.570282367469051366e-01
1.006815409552253016e-01
1.177428485847276107e-01
2.357239617949620225e-01
5.364846619902454705e-01
1.118380816491242769e+00
2.044562013678662638e+00
3.298596578222686482e+00
4.373006216839101512e-01
1.507378832168004834e-01
4.884916674496331268e-02
2.543001310510462076e-02
3.375822141120465858e-02
1.031013405124454607e-01
3.266452629609606362e-01
8.232814275065116760e-01
1.681172614659544706e+00
2.904515087651281746e+00
3.315143130634883306e-01
9.116828526032350055e-02
2.309632578784892587e-02
1.459277391622570974e-02
1.682359269311639594e-02
6.078840299229781863e-02
2.454397844854181443e-01
6.994860797575288558e-01
1.522970543089714468e+00
2.729905625469012165e+00
3.340822797948153067e-01
9.279961656602608855e-02
2.354907965408692405e-02
1.457605333620470844e-02
1.845131980120306991e-02
6.749213491199057557e-02
2.610445588164296282e-01
7.266359806157787204e-01
1.561645552457523678e+00
2.776918209675271143e+00
4.405456104632285985e-01
1.537777993564297674e-01
5.244134255050703075e-02
3.263088613183384723e-02
5.076208624431544081e-02
1.387481646616404163e-01
3.899267161008985738e-01
9.193723206500870049e-01
1.807890145121293202e+00
3.051434429596507236e+00
6.933601352281311136e-01
3.267614468603561306e-01
1.697398578380315826e-01
1.334910420819053201e-01
1.803073199479072741e-01
3.384120168588626854e-01
6.871018073956136618e-01
1.317761545566320081e+00
2.283252885840115098e+00
3.557100402571562014e+00
1.165894104407653842e+00
7.041025956171917954e-01
4.794540515630565380e-01
4.252106055362006032e-01
5.114152078936200496e-01
7.586365244369730476e-01
1.223906885238820408e+00
1.965679986169446281e+00
3.002229831884444700e+00
4.283083785871877325e+00
1.927423576251902304e+00
1.381638394413730708e+00
1.093907253285488324e+00
1.024017464392802168e+00
1.151046080281341588e+00
1.484929782579600399e+00
2.055074764170214507e+00
2.882845680720210524e+00
3.951889829263141252e+00
5.192291620390299123e+00
