1.985196257799357156e+00
1.397487242583993705e+00
1.043920729357733279e+00
8.877346127599032855e-01
9.165683812891831650e-01
1.152724956201911510e+00
1.639516771391136274e+00
2.411098551194839956e+00
3.460065903447572033e+00
4.719220492929014021e+00
1.195511228520349079e+00
7.112687393512775458e-01
4.505228711162505562e-01
3.463727629480075620e-01
3.709154387064366176e-01
5.494346017757383294e-01
9.466650327405883303e-01
1.631331501825684427e+00
2.632569500110427896e+00
3.907885672349088679e+00
7.009948184976408925e-01
3.268736422261060426e-01
1.571218985483273656e-01
1.007087305942242494e-01
1.177209798940648255e-01
2.356001000993224181e-01
5.361859965191069222e-01
1.117858442848243428e+00
2.043815325150578843e+00
3.297678359634652168e+00
4.377490801708230350e-01
1.508889649355733553e-01
4.888225406345902968e-02
2.544005005084848392e-02
3.376759257713857210e-02
1.031138146447361237e-01
3.266804240417151561e-01
8.233642902023525778e-01
1.681303625026343340e+00
2.904659396176909603e+00
3.318350422503861807e-01
9.126592523650245425e-02
2.311189526143486717e-02
1.458095131205006112e-02
1.682006518909240356e-02
6.088959110756064774e-02
2.458044055704782238e-01
7.002482364058035813e-01
1.524139578412595952e+00
2.731337937233654145e+00
3.343209121111101467e-01
9.288201649491156786e-02
2.355794608596717410e-02
1.452540372809529856e-02
1.840719429358195214e-02
6.766649142181080379e-02
2.617511580751656908e-01
7.281204943743677660e-01
1.563917107117420713e+00
2.779710418674438799e+00
4.407366424722649612e-01
1.538720845582393082e-01
5.247072490514170795e-02
3.258949284253453982e-02
5.076189280464404874e-02
1.391096071991277938e-01
3.910867119314964668e-01
9.216469282296255727e-01
1.811259944601543381e+00
3.055508517304052596e+00
6.935475600278273589e-01
3.269186107527417562e-01
1.698766161965163946e-01
1.336115411521436869e-01
1.805718797132271902e-01
3.392078803520650609e-01
6.889143101387258383e-01
1.320903700161858652e+00
2.287640628770278184e+00
3.562234922647407487e+00
1.166142657412901684e+00
7.044059341482995507e-01
4.798330181650918291e-01
4.257018845112892080e-01
5.122117143231026404e-01
7.601287667624490041e-01
1.226538096482256535e+00
1.969684218716166058e+00
3.007434056577954706e+00
4.288918720680736207e+00
1.927801862121627963e+00
1.382169689086405029e+00
1.094643219498619757e+00
1.025031706657722808e+00
1.152535493972335345e+00
1.487226566701888686e+00
2.058508481823567493e+00
2.887524431085585874e+00
3.957554403713266389e+00
5.198355437244577715e+00
