1.987160803351580185e+00
1.398847315051920503e+00
1.044785158693221305e+00
8.882314871020415836e-01
9.167907045511469732e-01
1.152764018687678416e+00
1.639531043051668746e+00
2.411325656055504751e+00
3.460739053442667412e+00
4.720444327959429032e+00
1.197118063004291244e+00
7.122220988933527508e-01
4.510381525496320876e-01
3.466524301284632514e-01
3.710669448080778920e-01
5.495149517144053419e-01
9.467874889267609007e-01
1.631710653339059292e+00
2.633442847574755774e+00
3.909369294317192711e+00
7.021979267781173206e-01
3.274259151424701031e-01
1.573107720813613497e-01
1.007809393472545167e-01
1.177861120044898513e-01
2.356861174546480697e-01
5.363725545959781016e-01
1.118343348416701133e+00
2.044837852903972575e+00
3.299360013830308525e+00
4.386241351532724764e-01
1.511795974905325579e-01
4.888602947414710798e-02
2.539827344829603817e-02
3.377597562529466302e-02
1.031874870303326475e-01
3.268935475761090004e-01
8.239159934554809439e-01
1.682434933433311741e+00
2.906486730825805331e+00
3.324745713305627959e-01
9.145003385440908517e-02
2.308488122477037052e-02
1.452993672666202940e-02
1.681440847987047960e-02
6.095213499425433668e-02
2.460342355062792308e-01
7.008622466248173311e-01
1.525375306147370935e+00
2.733289940792642980e+00
3.347325864776262705e-01
9.301466369834621162e-02
2.356502245498326431e-02
1.451267780235809823e-02
1.841403772072425227e-02
6.773846934108185280e-02
2.620280573355771025e-01
7.288377482737828927e-01
1.565292825548729283e+00
2.781796392997268441e+00
4.408308310344448699e-01
1.538874527308990992e-01
5.247058066944809696e-02
3.260066431399799569e-02
5.079804875905047368e-02
1.392399915898874241e-01
3.914829521416560709e-01
9.225430152586397980e-01
1.812830168792910257e+00
3.057744018637018613e+00
6.932246221681577225e-01
3.267163222248559151e-01
1.697986067969470270e-01
1.336294022093937883e-01
1.806795251342823150e-01
3.394828821477489100e-01
6.895295650188462133e-01
1.322058610908987575e+00
2.289442707057904869e+00
3.564608759295446738e+00
1.165404798790222074e+00
7.039660676817298679e-01
4.796739180582996198e-01
4.257680686055422825e-01
5.124789822249340432e-01
7.606574893344273391e-01
1.227464325385124511e+00
1.971142028106863009e+00
3.009454074052881012e+00
4.291370114897221200e+00
1.926796672025684387e+00
1.381599826335095926e+00
1.094498205275495906e+00
1.025248277263818508e+00
1.153068122986287136e+00
1.488094512666625846e+00
2.059782539480151442e+00
2.889259038174937899e+00
3.959711576467410232e+00
5.200774290932598909e+00
