1.988275238209842755e+00
1.399296595471119176e+00
1.044775249619975810e+00
8.879925127888572689e-01
9.165660330888236729e-01
1.152867435608280644e+00
1.640369605067538927e+00
2.413298726290507901e+00
3.464040996148756157e+00
4.724906948112539418e+00
1.198127813204420633e+00
7.126188373374304774e-01
4.510970179062940844e-01
3.465929756733565625e-01
3.710746958997415135e-01
5.498759606818417467e-01
9.479677679177029859e-01
1.634237923457492414e+00
2.637625879546195762e+00
3.915053421553563950e+00
7.030438995188674767e-01
3.277315130946192312e-01
1.573904587880186057e-01
1.008080380114595442e-01
1.178643365514968622e-01
2.360739393762791849e-01
5.376192069755454384e-01
1.121141692478843765e+00
2.049645033288332030e+00
3.306055564500497645e+00
4.393043209674356575e-01
1.513847833131709564e-01
4.893955446858555547e-02
2.541212202458176250e-02
3.377761549773161676e-02
1.034255195209787814e-01
3.280153528556546405e-01
8.267826605215571334e-01
1.687646464717781569e+00
2.913953864941019489e+00
3.330552721155886076e-01
9.159308167598823047e-02
2.310635680643535750e-02
1.449894308082555483e-02
1.672151323882253848e-02
6.106351434016410451e-02
2.470835418018317853e-01
7.038278480716417818e-01
1.530939015409975568e+00
2.741359291964249323e+00
3.353298883594177937e-01
9.317043653901357914e-02
2.359113123901579456e-02
1.448466625110000905e-02
1.834970051966600124e-02
6.794933360144561618e-02
2.632920931423932132e-01
7.321508864335672939e-01
1.571312600667440051e+00
2.790370608110979589e+00
4.415605893680272231e-01
1.541224016739324298e-01
5.253218092035005782e-02
3.263172599840480359e-02
5.091240566508759002e-02
1.398158943032203894e-01
3.932856939488296177e-01
9.264705578269154529e-01
1.819401196834107282e+00
3.066692295162917858e+00
6.941412345723882993e-01
3.270347896330232373e-01
1.698594541069926578e-01
1.336882761543787268e-01
1.809959004574768215e-01
3.405125906337094221e-01
6.919766400409645968e-01
1.326635062481377858e+00
2.296449715470870956e+00
3.573640861983405692e+00
1.166463625586327879e+00
7.042882258717533261e-01
4.796133007270775295e-01
4.257032868894299327e-01
5.128273821604434346e-01
7.619492181020017796e-01
1.230317901314441187e+00
1.976051977632353740e+00
3.016489224899271626e+00
4.300004033894415656e+00
1.927866102419118377e+00
1.381793381792430608e+00
1.094162504373571210e+00
1.024855827741857794e+00
1.153164139969899082e+00
1.489263047830924336e+00
2.062556168418522518e+00
2.893939727848677812e+00
3.966182416801725452e+00
5.208443658647823327e+00
