1.992650542549036174e+00
1.402076683042116301e+00
1.046298525175036076e+00
8.887124481151289501e-01
9.170024211930201119e-01
1.153696861711843269e+00
1.642469038839875495e+00
2.417554255902727434e+00
3.470950138802033180e+00
4.734232905433733762e+00
1.202246506178688890e+00
7.149838526804117578e-01
4.522223025088596415e-01
3.470133131446626606e-01
3.712945565846226259e-01
5.505437984881087488e-01
9.500138907805677491e-01
1.638700372219313195e+00
2.645171193416507194e+00
3.925513157332939151e+00
7.065131470899270738e-01
3.294237337733179061e-01
1.579743961533033314e-01
1.008571140908021135e-01
1.178171868092867669e-01
2.365001499241579097e-01
5.394549124969358900e-01
1.125539518407713047e+00
2.057426002695278200e+00
3.317138837450505306e+00
4.419846465866683616e-01
1.524221742472651187e-01
4.909081110001700665e-02
2.522820442995410417e-02
3.359352865263254273e-02
1.037068211329241763e-01
3.296689243266666125e-01
8.310237694749957882e-01
1.695402261126721655e+00
2.925219088556421099e+00
3.350338331794322499e-01
9.219176358282510364e-02
2.307463948870314141e-02
1.430669079091018148e-02
1.659290374059274598e-02
6.137358202653508954e-02
2.486974973476154815e-01
7.079659369071986674e-01
1.538558024993497142e+00
2.752484997704636172e+00
3.367758431103702321e-01
9.356090486277857110e-02
2.357681726496174690e-02
1.442056886383724645e-02
1.837787090994602579e-02
6.840056066206123830e-02
2.649960120513750184e-01
7.362758310607802059e-01
1.578755542505486886e+00
2.801124877084193443e+00
4.425806917838794874e-01
1.544024132741732558e-01
5.256794151433297202e-02
3.266478287775598233e-02
5.105317292501254656e-02
1.404040964480994802e-01
3.951219272716173236e-01
9.306173260014602988e-01
1.826613201630392425e+00
3.076871927245904637e+00
6.947379461640412757e-01
3.271586540590991632e-01
1.698446485303914955e-01
1.336918323956233223e-01
1.811421785476046153e-01
3.411787547318620994e-01
6.939216806586134823e-01
1.330766124023696761e+00
2.303322353568107772e+00
3.583036361517502044e+00
1.166602177261847118e+00
7.041715678334217188e-01
4.794473286855076566e-01
4.255976302033701586e-01
5.129385539093025415e-01
7.626788671742108505e-01
1.232346291154488682e+00
1.980091390249226535e+00
3.022876415910629611e+00
4.308408702486971720e+00
1.927571290580463170e+00
1.381426967371194081e+00
1.093851825432119895e+00
1.024690402187344418e+00
1.153319078173645096e+00
1.490118847853215911e+00
2.064666790680741215e+00
2.897803169285760205e+00
3.971935476371303508e+00
5.215687968159735455e+00
