2.065719727831464070e+00
1.461560249695393665e+00
1.093427659990860334e+00
9.285369607269551295e-01
9.570934078604889095e-01
1.203403711638481255e+00
1.709207985527209317e+00
2.499389932093800226e+00
3.548489830520249910e+00
4.767406888463603387e+00
1.252273726584842706e+00
7.467903609704791279e-01
4.723695055898353701e-01
3.615469642956963270e-01
3.863171346530815953e-01
5.743777683729494044e-01
9.924350859866279961e-01
1.704907067296259626e+00
2.725731500599827051e+00
3.988053217481025037e+00
7.368304362990727441e-01
3.429385226213224058e-01
1.637452292155980871e-01
1.038985031208810028e-01
1.212551310167135910e-01
2.456447937187444808e-01
5.635930561369235647e-01
1.174185725465857644e+00
2.129875364406799143e+00
3.390012077936384927e+00
4.612128747681563112e-01
1.578117028937686683e-01
5.017231068506688985e-02
2.564419227427627845e-02
3.417427230796477033e-02
1.071558356105555276e-01
3.438467496340713581e-01
8.673585306846103293e-01
1.759044157878198789e+00
3.000008300698937092e+00
3.500586716239517671e-01
9.524220245381265215e-02
2.339649981204239282e-02
1.469926519448350177e-02
1.689589603289753938e-02
6.313614098537811969e-02
2.589649531322884002e-01
7.388149049441956606e-01
1.597776586911271224e+00
2.827424853671897331e+00
3.518143085234921585e-01
9.668733581372102037e-02
2.395882365823531757e-02
1.479030608167875016e-02
1.864598216126189811e-02
7.038810119205329840e-02
2.760790595461593000e-01
7.685932053325341684e-01
1.639627905894537108e+00
2.876998938183880306e+00
4.615827849876819045e-01
1.596977891355244594e-01
5.368166771337712362e-02
3.328787112811326665e-02
5.232291387947896055e-02
1.456378002900997615e-01
4.127107527414253241e-01
9.716917229404735679e-01
1.894702511626427999e+00
3.153277402645106697e+00
7.239463310946945285e-01
3.396521680073174565e-01
1.752878137339095588e-01
1.377972704396288606e-01
1.876999795121960801e-01
3.558780165923369765e-01
7.256531728909418888e-01
1.387309169210578119e+00
2.380837657669330198e+00
3.654573108436689921e+00
1.214040967855389397e+00
7.332495426184539866e-01
4.984135409645542580e-01
4.422003885855492200e-01
5.341820519713920135e-01
7.962795159486653063e-01
1.285662324795643130e+00
2.054363532292230232e+00
3.104143368922653856e+00
4.360779893471363522e+00
1.996536377030417420e+00
1.435960426363468656e+00
1.137950198688765013e+00
1.065955619289079337e+00
1.200092963881111530e+00
1.549696771850529231e+00
2.139777225636295910e+00
2.980636202786238975e+00
4.038142738215596772e+00
5.223088608582301617e+00
