2.058999011533232171e+00
1.457103975371413895e+00
1.090766970465418595e+00
9.270558131341015695e-01
9.561185879122930942e-01
1.202203697247387737e+00
1.707057066943294288e+00
2.495767497330446005e+00
3.543311690253807988e+00
4.761108813631996561e+00
1.247052650104395255e+00
7.437638563866020291e-01
4.708255064555224578e-01
3.608298858951979327e-01
3.858593525064826224e-01
5.735733326142700150e-01
9.906104220753988443e-01
1.701508580093014089e+00
2.720608738643090163e+00
3.981605703981209388e+00
7.333131735640154858e-01
3.412595284205846013e-01
1.630681955104567038e-01
1.036673049637659716e-01
1.211159771733516521e-01
2.451779040774439977e-01
5.622006555406287021e-01
1.171281455772726687e+00
2.125220691682671692e+00
3.383922449018825773e+00
4.591816033492843729e-01
1.570737848244583290e-01
4.992818772483786915e-02
2.555577567997779909e-02
3.414613405555400050e-02
1.069450939949199153e-01
3.429111694427540158e-01
8.650739154021387378e-01
1.755088003655421502e+00
2.994602539221601134e+00
3.491286112303360056e-01
9.502185530132045699e-02
2.325382826381883206e-02
1.455770976289194607e-02
1.688050384715111818e-02
6.311467770724910054e-02
2.584118893002003148e-01
7.370783455919998062e-01
1.594490884729584224e+00
2.822753830853047319e+00
3.516721397354896084e-01
9.676648579931068639e-02
2.384027823631207355e-02
1.460837651029578410e-02
1.864632662110210504e-02
7.046795373256919959e-02
2.757100466427040431e-01
7.671374360372276158e-01
1.636748020190887942e+00
2.872863796855943619e+00
4.620329942958623093e-01
1.600444587979765743e-01
5.367557620723673040e-02
3.315893458265684046e-02
5.232290640788228586e-02
1.456403293396775211e-01
4.122063348819970940e-01
9.701257735253712156e-01
1.891844049755235346e+00
3.149359390448118745e+00
7.247882835363945730e-01
3.402244072212354808e-01
1.754244546021421769e-01
1.377037689841280610e-01
1.875523249218105093e-01
3.555196113828316129e-01
7.246469238211332708e-01
1.385254488903605363e+00
2.377663449879294788e+00
3.650602623513204747e+00
1.214956588396653103e+00
7.338385705368839496e-01
4.985221041867600178e-01
4.419377602459384491e-01
5.336224953553152517e-01
7.952647450899643644e-01
1.283880939975256652e+00
2.051608246910903155e+00
3.100509969176169278e+00
4.356664687627580079e+00
1.997134145590603538e+00
1.436229149222892687e+00
1.137724053097183941e+00
1.065241959106307590e+00
1.198887046382203891e+00
1.547875296255490696e+00
2.137177378526613047e+00
2.977233906142696895e+00
4.034160560657300998e+00
5.218946585524941284e+00
