2.059262371138808945e+00
1.457080432729000563e+00
1.090567010390870450e+00
9.267872519890509864e-01
9.558876136485103814e-01
1.202144371035927861e+00
1.707333872479328107e+00
2.496518894714440329e+00
3.544565883947019103e+00
4.762739993587933540e+00
1.247655224517721706e+00
7.439941398141751705e-01
4.708344823380539168e-01
3.607385308285255832e-01
3.857597388118723103e-01
5.735883592665729225e-01
9.909260613649166771e-01
1.702316998880954557e+00
2.721992984439085994e+00
3.983460981110047427e+00
7.341077612000859176e-01
3.415991964764888422e-01
1.631687819243783366e-01
1.036745527396938371e-01
1.211018406933899172e-01
2.452353342977175998e-01
5.625164792955263948e-01
1.172089094149457722e+00
2.126657689462863488e+00
3.385914120634085478e+00
4.599964546554460298e-01
1.573679494146968949e-01
4.999184715967608383e-02
2.556581004414582026e-02
3.415527107832971865e-02
1.070094164750692300e-01
3.432039875266710283e-01
8.658527059298286588e-01
1.756531949518246094e+00
2.996664010693848468e+00
3.498804354076181511e-01
9.521666493119163022e-02
2.323674518363993968e-02
1.452945190144561138e-02
1.688203192899528915e-02
6.317645434748619948e-02
2.586943923395637057e-01
7.378483264745661074e-01
1.595947234627466571e+00
2.824860738765699431e+00
3.523997970894985343e-01
9.693502821979826933e-02
2.380421020471246152e-02
1.457271512241753442e-02
1.865312689797704593e-02
7.054901155510329147e-02
2.760277089012923568e-01
7.679574899177108449e-01
1.638262662875842324e+00
2.875026240066359762e+00
4.628263204514855289e-01
1.603066933223651347e-01
5.371911509603677359e-02
3.317225296762771336e-02
5.236459503062640408e-02
1.457741198604356470e-01
4.126134413833852932e-01
9.710613098321712044e-01
1.893467020730291495e+00
3.151589629812828086e+00
7.256840870978606972e-01
3.406398093897760049e-01
1.755962008252964779e-01
1.377926560915856413e-01
1.876456536673494213e-01
3.557312278626465485e-01
7.251816193678113365e-01
1.386342648446541759e+00
2.379409249304386798e+00
3.652879406958073893e+00
1.215896922549770665e+00
7.343673450813508197e-01
4.987958400152372462e-01
4.420901332020541474e-01
5.337711926392039175e-01
7.955689081151859909e-01
1.284554693810369130e+00
2.052839457204677309e+00
3.102337049170224681e+00
4.358916976773227425e+00
1.998011504907756475e+00
1.436780432948308928e+00
1.138043097786933799e+00
1.065440719209460596e+00
1.199101317612145223e+00
1.548283584911184008e+00
2.137976098834133865e+00
2.978553815452072762e+00
4.035978300457217394e+00
5.221065737783262328e+00
