2.061256640582417532e+00
1.458548089935799652e+00
1.091538329498158433e+00
9.273751972429860047e-01
9.562042441605864695e-01
1.202300214680773749e+00
1.707497141299098686e+00
2.496930773606209186e+00
3.545451091653398557e+00
4.764170751954392991e+00
1.249321776591527211e+00
7.450593234068083603e-01
4.714281252879111150e-01
3.610626952487443475e-01
3.859595131446962313e-01
5.737489754180877810e-01
9.911717265660442422e-01
1.702868442190016651e+00
2.723085554961286014e+00
3.985181290085218819e+00
7.353539505580712898e-01
3.422401328762241235e-01
1.633999794670497607e-01
1.037488790139153849e-01
1.211751088245662800e-01
2.453666305342547815e-01
5.627962442526417419e-01
1.172724905752165370e+00
2.127894660418400363e+00
3.387849416268464253e+00
4.608574478359166449e-01
1.577129539183754758e-01
5.001717441487230076e-02
2.550999611326965066e-02
3.415409557073623148e-02
1.071068580678904425e-01
3.434876650081211125e-01
8.665386921109199392e-01
1.757875069162235349e+00
2.998759692201994120e+00
3.504180580567552994e-01
9.541311250176676140e-02
2.322445672525397242e-02
1.447075124657892786e-02
1.686882629255848087e-02
6.325687408372182574e-02
2.589888423331867529e-01
7.386002855588404969e-01
1.597411677510807593e+00
2.827107753458866668e+00
3.526045982151817526e-01
9.702406121406426109e-02
2.381400224002838684e-02
1.456000802047086040e-02
1.866020911344179467e-02
7.064550040565720224e-02
2.763856682563794465e-01
7.688460945684720826e-01
1.639912198755776984e+00
2.877451258652591548e+00
4.626172726550183967e-01
1.602140885321770014e-01
5.369638783201402532e-02
3.318246149580161841e-02
5.241072234472454738e-02
1.459504475780875055e-01
4.131320114618084460e-01
9.721890647146214093e-01
1.895375459332126589e+00
3.154213867630061507e+00
7.250063602493970194e-01
3.402838898651250332e-01
1.754758399220204268e-01
1.378150157502808781e-01
1.877881232458360472e-01
3.560957164469495950e-01
7.259809406025645728e-01
1.387798830140834383e+00
2.381607353644905167e+00
3.655671601764615808e+00
1.214823875436703560e+00
7.337765549739945214e-01
4.986073606943346448e-01
4.421937166275462516e-01
5.341243235181849514e-01
7.962500146813233926e-01
1.285729252654665089e+00
2.054648237629859153e+00
3.104772344670059248e+00
4.361770199930093739e+00
1.996755906422781557e+00
1.436113304685129322e+00
1.137917348745814294e+00
1.065751247211409236e+00
1.199782653367519103e+00
1.549361449796231582e+00
2.139534605105045451e+00
2.980639568001036466e+00
4.038509575096386861e+00
5.223813027348762184e+00
