2.060802879212716654e+00
1.458051714835075785e+00
1.091095830340098161e+00
9.270467601900467258e-01
9.560418078113066542e-01
1.202394997406084798e+00
1.707986766242832744e+00
2.497937556473563525e+00
3.546989089571121134e+00
4.766095653830841883e+00
1.249307230018922965e+00
7.448969372001510436e-01
4.712313548625299831e-01
3.608983975821828949e-01
3.858774521649976919e-01
5.738528243564253728e-01
9.916460307240129168e-01
1.703908150580097924e+00
2.724767297460865656e+00
3.987377661228317827e+00
7.357561408083945764e-01
3.423593528950963361e-01
1.633966666240631582e-01
1.037160531835468191e-01
1.211586078693986934e-01
2.454636144985791191e-01
5.632166040508845839e-01
1.173725980262876334e+00
2.129621301227446750e+00
3.390207407018490215e+00
4.615280753097525945e-01
1.579564461578470969e-01
5.007261632959014719e-02
2.551921830683667736e-02
3.416185033981555819e-02
1.071863314893608532e-01
3.438460054461938142e-01
8.674706450489377829e-01
1.759582118842743625e+00
3.001185109784517024e+00
3.512047985646251647e-01
9.564418003862584783e-02
2.322756701209804930e-02
1.444761811568895382e-02
1.687014974187306393e-02
6.332751173715678306e-02
2.593141538904895071e-01
7.394841896923516344e-01
1.599087348371444506e+00
2.829545935566562420e+00
3.534720501392953906e-01
9.724131029689786487e-02
2.376992979433545372e-02
1.450550956296758898e-02
1.866171342423861290e-02
7.073509346037631929e-02
2.767284801561888941e-01
7.697355847695650510e-01
1.641583556555078260e+00
2.879882214526099382e+00
4.636620012012908632e-01
1.605546591197182238e-01
5.372386653864325012e-02
3.316737226263377636e-02
5.244573552785780635e-02
1.460859858215002305e-01
4.135333560152432142e-01
9.731320039816377943e-01
1.897070896243177707e+00
3.156623577492894128e+00
7.263519806918079524e-01
3.409096433727363262e-01
1.757105359031676528e-01
1.379146786098335298e-01
1.878796865261769256e-01
3.562794822878707635e-01
7.264465258059491504e-01
1.388803862051348759e+00
2.383319967494106351e+00
3.658020878230883177e+00
1.216488629164178548e+00
7.347403730355637208e-01
4.990958554982878326e-01
4.424245983876406996e-01
5.342597886768043480e-01
7.964547535668202727e-01
1.286227406582154842e+00
2.055676770165558054e+00
3.106447284869182646e+00
4.363983371057511995e+00
1.998602830254790241e+00
1.437312203145598488e+00
1.138586565794046379e+00
1.066062396948925795e+00
1.199923618653158996e+00
1.549549962683688165e+00
2.140017453967039351e+00
2.981624761115505784e+00
4.040060864625546699e+00
5.225793753966997635e+00
