2.062122615388883418e+00
1.458902412959313111e+00
1.091539212099744915e+00
9.271707338151529143e-01
9.559462038552002383e-01
1.202230706858244957e+00
1.707981521989838214e+00
2.498342045557772728e+00
3.547957242501563080e+00
4.767588108532534008e+00
1.250573209185818158e+00
7.456398010074725136e-01
4.716043214308918152e-01
3.610406262537448896e-01
3.858793023242306219e-01
5.738211210034531717e-01
9.917766550780147128e-01
1.704458241985166822e+00
2.725922390830306519e+00
3.989120532512187900e+00
7.368195395943359927e-01
3.428689192556184651e-01
1.635948965327340687e-01
1.037901657152655588e-01
1.211874696703514331e-01
2.455067696152841705e-01
5.634304096392579453e-01
1.174362700894658218e+00
2.130888707802053972e+00
3.392109020592085855e+00
4.623597176835989586e-01
1.582423127605174784e-01
5.010638879628892539e-02
2.550992879034552629e-02
3.417493613497235572e-02
1.072494045202532220e-01
3.440901782899530303e-01
8.681436714045513980e-01
1.760902730775171676e+00
3.003167108238493199e+00
3.518632551435665334e-01
9.581554839044770233e-02
2.319700210179398425e-02
1.440620158083660840e-02
1.686863376821889915e-02
6.338858700114968769e-02
2.595709427706420769e-01
7.401859317008518957e-01
1.600448803525955199e+00
2.831572290697851990e+00
3.539984706983201335e-01
9.738977021947015089e-02
2.376504867664230858e-02
1.448750329101144985e-02
1.866848720833225173e-02
7.080971297456351010e-02
2.770279220766340700e-01
7.705097533176168412e-01
1.643022204086561189e+00
2.881958828606553169e+00
4.640053961013705930e-01
1.606659910835119831e-01
5.374751141518352426e-02
3.318289930941276111e-02
5.248326109717638133e-02
1.462192243840210182e-01
4.139434801735113467e-01
9.740533253690184523e-01
1.898642969583875129e+00
3.158769097033987450e+00
7.264030408586243936e-01
3.408904095198668216e-01
1.757007450181031771e-01
1.379466002244367218e-01
1.879795599291806951e-01
3.565409131655243868e-01
7.270508803732820269e-01
1.389941531335070479e+00
2.385059446955300366e+00
3.660228380498363521e+00
1.216191359359877211e+00
7.345294985459585035e-01
4.990192958222809949e-01
4.424893658537705221e-01
5.344856788067815501e-01
7.969286103581367797e-01
1.287094811311453313e+00
2.057057725629390710e+00
3.108333265399607193e+00
4.366196914475233726e+00
1.998035855489978196e+00
1.436964857134125140e+00
1.138501830820519700e+00
1.066237255158652530e+00
1.200362088707052521e+00
1.550303376494223784e+00
2.141166831477292476e+00
2.983209657380442970e+00
4.042009442809765929e+00
5.227912568189553078e+00
