2.115427213218240787e+00
1.501704974196021780e+00
1.125319483961130018e+00
9.558414266976722473e-01
9.851115156058245503e-01
1.238652700547440588e+00
1.756843961129813891e+00
2.558186591463810444e+00
3.605734553484451155e+00
4.797614926851644590e+00
1.285429031132403921e+00
7.674196246920654829e-01
4.853525077943885435e-01
3.710830091307943945e-01
3.964529799596530069e-01
5.906077236704181388e-01
1.021310710050221005e+00
1.750112189370438109e+00
2.781458361613561969e+00
4.033813874897141716e+00
7.568342142956403507e-01
3.514384088327791034e-01
1.672047314032294452e-01
1.057652575514076432e-01
1.234412042231642914e-01
2.512525658833766329e-01
5.784421893177178475e-01
1.204855730222780252e+00
2.176854800767982212e+00
3.439173402377123878e+00
4.744930488926151213e-01
1.613731958284070345e-01
5.068078465212977335e-02
2.574846179497036758e-02
3.437395227201101022e-02
1.085771563642499160e-01
3.508743896299240106e-01
8.876681949115710069e-01
1.797410712874190075e+00
3.047630542366525752e+00
3.611780451754302845e-01
9.755503984047741994e-02
2.335987567424169242e-02
1.458392264669150507e-02
1.671911085464294899e-02
6.314267849799648502e-02
2.626573844884685371e-01
7.541251130877633102e-01
1.631447675205920156e+00
2.873361777239885839e+00
3.631750453260167433e-01
9.910883804448999967e-02
2.395808367960405860e-02
1.463851456860076894e-02
1.836097153547200378e-02
7.031811874209203950e-02
2.799219412037974308e-01
7.843741010484706067e-01
1.673865676127141100e+00
2.923075083285804787e+00
4.754820191296005305e-01
1.634933215111846749e-01
5.429486446296927227e-02
3.350786573117225942e-02
5.274428645783224567e-02
1.476088770770651593e-01
4.209096745322877808e-01
9.937324644258147543e-01
1.934522818725442406e+00
3.200628939232764480e+00
7.446686948126952643e-01
3.483547573018537236e-01
1.790826156609561792e-01
1.406889353549019006e-01
1.918978874129333434e-01
3.644966694050317813e-01
7.441542866314847515e-01
1.421288841076635556e+00
2.429068188530581374e+00
3.700990385228778656e+00
1.247722509016508496e+00
7.540009934463416386e-01
5.123446953172834384e-01
4.546092801420549279e-01
5.494681257233349214e-01
8.191895578852665949e-01
1.320950359335999025e+00
2.103241753710476836e+00
3.158302018870601913e+00
4.398092621915977496e+00
2.046566801816620540e+00
1.476191859138488383e+00
1.171463908037940982e+00
1.097853504719907392e+00
1.235708840555655108e+00
1.593620821721771996e+00
2.193707649297809148e+00
3.039601256765626758e+00
4.086834752287607841e+00
5.235606244276252319e+00
