2.112985400489697518e+00
1.500570441927711940e+00
1.124951314162075278e+00
9.557350243956275193e-01
9.847002360948859945e-01
1.237113309006728556e+00
1.753164069770702937e+00
2.551610801048886046e+00
3.596298698215942835e+00
4.786326733366495390e+00
1.283091994751205611e+00
7.664900897954982639e-01
4.851107870764099772e-01
3.710534332477752884e-01
3.961987941297895333e-01
5.893370455686373077e-01
1.017837309059935080e+00
1.743382463826651296e+00
2.771282302137253239e+00
4.021199223116420640e+00
7.548073019994028243e-01
3.507914925626689495e-01
1.670554805254234054e-01
1.057314062886511863e-01
1.233068787906077546e-01
2.503472516088489641e-01
5.754700994790145074e-01
1.198483553241983302e+00
2.166628422947161070e+00
3.426012710175728948e+00
4.728031435976181029e-01
1.609650273246820973e-01
5.055181473177405849e-02
2.563649381681010198e-02
3.430202381355229591e-02
1.080303984631232339e-01
3.485105449210017525e-01
8.819445342350551442e-01
1.787641410590826041e+00
3.034609320607264848e+00
3.595723544350661882e-01
9.717834296173144537e-02
2.315126998563243887e-02
1.436742754498787633e-02
1.667401612230712260e-02
6.286419179043889471e-02
2.608014642278391193e-01
7.490525232367097885e-01
1.622344996377823811e+00
2.860920945901666457e+00
3.611352848147024730e-01
9.841937772632824988e-02
2.357018111310438258e-02
1.436971683175336523e-02
1.837459696592880221e-02
7.020272311707920210e-02
2.783525855466955079e-01
7.797493892312292729e-01
1.665393923883097926e+00
2.911416725674389028e+00
4.723911743765629723e-01
1.621137346541186020e-01
5.365954102967052108e-02
3.331035892963818412e-02
5.292585921477765964e-02
1.476068856284271646e-01
4.194227484970838304e-01
9.893239081452467332e-01
1.926571351742809135e+00
3.189841473176875830e+00
7.400831991154870337e-01
3.460230447210044247e-01
1.781807026462605137e-01
1.406994357409701024e-01
1.923830861572852768e-01
3.646336049012628422e-01
7.426685031601056863e-01
1.416998698236817233e+00
2.421622566939676702e+00
3.691187681921805464e+00
1.241624700187982988e+00
7.507040798981226004e-01
5.112123828574315354e-01
4.549036653930045304e-01
5.503354777102451578e-01
8.195268050715220909e-01
1.319527071448177047e+00
2.099166778178042314e+00
3.151514977440257326e+00
4.389472293044210716e+00
2.039453146098732184e+00
1.472217421357184364e+00
1.170197966823650404e+00
1.098413617911345952e+00
1.236926006150640411e+00
1.594196260036429891e+00
2.192491748451073086e+00
3.035974426865076126e+00
4.080970532657215877e+00
5.228401740064288816e+00
