2.100267116564614511e+00
1.491109079867505294e+00
1.117422205015246917e+00
9.490344497059730600e-01
9.779264454560294695e-01
1.229508984181573616e+00
1.744044311751127729e+00
2.540255515312036749e+00
3.581913158362915794e+00
4.768206503920040973e+00
1.276943717110857968e+00
7.627367857219713443e-01
4.824189201622193224e-01
3.686667974575019713e-01
3.937084228321765522e-01
5.864285781783653562e-01
1.014038138075655127e+00
1.737810251789299265e+00
2.762610114795454486e+00
4.008040216513984788e+00
7.527124133353577662e-01
3.500183755143950748e-01
1.664965194661824910e-01
1.050834702404692678e-01
1.226444266809547656e-01
2.497574452492621333e-01
5.746896972519675018e-01
1.196517637377501941e+00
2.161694098713480727e+00
3.416113485182989962e+00
4.725077743464343172e-01
1.611862698350066125e-01
5.047511868726672901e-02
2.530973303233174931e-02
3.408315988576404720e-02
1.082057168239352052e-01
3.489025366533891059e-01
8.814518199618124328e-01
1.784167762130461909e+00
3.025778705320602668e+00
3.596471590219607606e-01
9.748255414898032711e-02
2.302506594623743297e-02
1.397050360364282540e-02
1.639741419390894350e-02
6.297072301341266609e-02
2.610412885044812725e-01
7.481940743910229230e-01
1.618142639958863427e+00
2.850930909581802730e+00
3.608344218760670685e-01
9.860351716128334942e-02
2.346911989344846461e-02
1.397108150091064260e-02
1.788156551016761853e-02
6.968223268816231553e-02
2.773571432678014759e-01
7.769119100072270356e-01
1.658504627948996557e+00
2.898298323249533404e+00
4.710673780409280198e-01
1.620002725137652533e-01
5.362911010603355066e-02
3.291436046103868307e-02
5.197308898914698716e-02
1.458204822089808061e-01
4.160843487329284329e-01
9.829954410672598897e-01
1.915311707685945386e+00
3.172061192023071463e+00
7.365729644169434209e-01
3.447687637817207218e-01
1.776038647428936912e-01
1.397357085211474725e-01
1.902542617384508361e-01
3.605825332857133247e-01
7.356943489787042267e-01
1.405742087914587657e+00
2.404674767784240608e+00
3.667797674986312373e+00
1.234023111706177289e+00
7.464203954601469349e-01
5.083350131793942239e-01
4.517470255267443946e-01
5.454536801945835123e-01
8.116354506685539150e-01
1.307418651654538522e+00
2.081752445037827748e+00
3.128119843856775439e+00
4.360267875373868840e+00
2.025559133481498186e+00
1.462293231775270819e+00
1.162285627933314913e+00
1.090431153171085299e+00
1.226911962601794137e+00
1.580481244840621358e+00
2.173833189693716861e+00
3.011704189697699263e+00
4.051173912403577049e+00
5.194020860171278287e+00
