2.092202788801923674e+00
1.484971902645785491e+00
1.113037536938927374e+00
9.458464877079979516e-01
9.751081951772153644e-01
1.226043967676206492e+00
1.738921125444450766e+00
2.532835456069673974e+00
3.572296032289989931e+00
4.757306730881408541e+00
1.270535729967277483e+00
7.583947966709949640e-01
4.797607600356972313e-01
3.670704925347454406e-01
3.923968011937493117e-01
5.844355928619791030e-01
1.010299270367557511e+00
1.731524070988712083e+00
2.753697695331672968e+00
3.997336771123948473e+00
7.481703160205608327e-01
3.473037872316737662e-01
1.651205568201454810e-01
1.045092250587984495e-01
1.223087575629229207e-01
2.489044266430120445e-01
5.723381273311449746e-01
1.191778319954832632e+00
2.154282238941505057e+00
3.406651133470910864e+00
4.695904872493450455e-01
1.595593277045654901e-01
4.969131839961171693e-02
2.503420307453119165e-02
3.403411636906739091e-02
1.078978306755384864e-01
3.475332951162091177e-01
8.781577167512626403e-01
1.778522234838372462e+00
3.018149415432429983e+00
3.580708372998202549e-01
9.653595837501605104e-02
2.243724750945297330e-02
1.364658567453247429e-02
1.628205230430168626e-02
6.278663610955881325e-02
2.601821829728461211e-01
7.459323739985919133e-01
1.614043889658517195e+00
2.845177614582261150e+00
3.605864796443398745e-01
9.832993352273966536e-02
2.314316587456488605e-02
1.371254366780405576e-02
1.775447328904533606e-02
6.950315468020029641e-02
2.766776143333071758e-01
7.752086798212864949e-01
1.655470971604286134e+00
2.894058103336726973e+00
4.723542684722357166e-01
1.626036603733016506e-01
5.374954798938347267e-02
3.285299800146290750e-02
5.186643646672450814e-02
1.455303712640638736e-01
4.152925546384533817e-01
9.814004852393782841e-01
1.912803137556714717e+00
3.168800875878151402e+00
7.394654308454260416e-01
3.462283239759997855e-01
1.779769080954114457e-01
1.395033852882683334e-01
1.896961416767037889e-01
3.596873086012557508e-01
7.343099345249797238e-01
1.403774869293672900e+00
2.402188431163843951e+00
3.665001627829989950e+00
1.238134096411876328e+00
7.482365492045435218e-01
5.082458954067785584e-01
4.504336352315263525e-01
5.434766353940698735e-01
8.092739226911653816e-01
1.304773233742377414e+00
2.078914677005376355e+00
3.125245023138957912e+00
4.357545284372455363e+00
2.030051330318710434e+00
1.463657620906670509e+00
1.160872929708194334e+00
1.087117650888073328e+00
1.222628788116570497e+00
1.575918988902776263e+00
2.169411094516342509e+00
3.007671396590691160e+00
4.047688491718536952e+00
5.191167145774947755e+00
