2.093540786564879852e+00
1.485911848807366376e+00
1.113591660551447760e+00
9.460778978388866278e-01
9.751063615351469593e-01
1.225959698897437278e+00
1.738999730328555593e+00
2.533361075894029923e+00
3.573448342767012065e+00
4.759037515739554358e+00
1.271806384987005600e+00
7.591967398660468547e-01
4.801956079625746554e-01
3.672685162795712444e-01
3.924549989106882464e-01
5.844672240351762582e-01
1.010517007269799095e+00
1.732219336309174018e+00
2.755085436738914595e+00
3.999390077536181032e+00
7.492269785947982541e-01
3.478496631073380030e-01
1.653408233417312800e-01
1.045937048996297136e-01
1.223576761212150643e-01
2.489906031748834181e-01
5.726350764279324324e-01
1.192573906714808452e+00
2.155817529726904880e+00
3.408920358856619259e+00
4.703990920391358799e-01
1.598730064868458811e-01
4.973389220288026991e-02
2.501567957077632798e-02
3.404670947480781251e-02
1.079886777104714923e-01
3.478555674444478996e-01
8.789992367599168688e-01
1.780138353045195743e+00
3.020543597133718450e+00
3.586648095439119999e-01
9.672537317282348113e-02
2.242066282513910380e-02
1.359997080526298419e-02
1.627692820523662931e-02
6.287048706532161191e-02
2.605203064996715057e-01
7.468210024512487166e-01
1.615734092143893186e+00
2.847657937985109022e+00
3.609636652793071221e-01
9.845821680510269402e-02
2.314801398867594173e-02
1.369643030683853624e-02
1.776285677557787324e-02
6.960775335372559880e-02
2.770791538245696017e-01
7.762086266794234746e-01
1.657287505456489285e+00
2.896634394234774312e+00
4.724300996915751227e-01
1.626210750199064137e-01
5.375387171954493226e-02
3.286830940026952419e-02
5.191660778050888325e-02
1.457186176894484930e-01
4.158501290763201297e-01
9.826097264884623428e-01
1.914815375062172365e+00
3.171489967180709968e+00
7.391428114563325380e-01
3.460380489754761868e-01
1.779144437998638750e-01
1.395392177545886625e-01
1.898395591987274145e-01
3.600565957168679887e-01
7.351322048732136238e-01
1.405274976655174868e+00
2.404425339413823970e+00
3.667776553712702281e+00
1.237424465236925286e+00
7.478246632765745971e-01
5.081189708224833623e-01
4.505405206528401152e-01
5.438119536818906141e-01
8.099372844698713436e-01
1.305940788089552385e+00
2.080721296175821244e+00
3.127654577733491870e+00
4.360309402089732167e+00
2.029123548276018596e+00
1.463151155408994875e+00
1.160793310419361291e+00
1.087411424138506888e+00
1.223267491775276383e+00
1.576950070208469334e+00
2.170925710514381102e+00
3.009705783758396258e+00
4.050135087900327946e+00
5.193769238531965371e+00
