2.116770701845063662e+00
1.505569352937416561e+00
1.129448391338877755e+00
9.595392276337326720e-01
9.884722723360299668e-01
1.241842466306281700e+00
1.758642316156922902e+00
2.553945434638484002e+00
3.585902553917270197e+00
4.748342992699141618e+00
1.288486835315810097e+00
7.699215072468152954e-01
4.870447238446899973e-01
3.722454762893310232e-01
3.975202772783390515e-01
5.921557321764403525e-01
1.023347636536228400e+00
1.750287781205749127e+00
2.772719963959181300e+00
4.003296597300128212e+00
7.594859306630485918e-01
3.523529809692664827e-01
1.672718055765045619e-01
1.056346704397821412e-01
1.234727328716704875e-01
2.518311221139057920e-01
5.799202228635156331e-01
1.206430879534897471e+00
2.173913907839223114e+00
3.420622210956430820e+00
4.770432525512617872e-01
1.617166495553021832e-01
5.012683339008461303e-02
2.513809425280122412e-02
3.416964426831015089e-02
1.090540830911770342e-01
3.523677956189246174e-01
8.901545615641133224e-01
1.797956990855149151e+00
3.036675287078533181e+00
3.640567815279212027e-01
9.789067234696346986e-02
2.254911078330401608e-02
1.359576058919387265e-02
1.624209458390524219e-02
6.358629996148756902e-02
2.644426631450063070e-01
7.576003584674939617e-01
1.634426579545960934e+00
2.866915177575854123e+00
3.665160030436993566e-01
9.970490819471322652e-02
2.326665276152439787e-02
1.363082717118047071e-02
1.776891527985746677e-02
7.075365454388737874e-02
2.821265403464110477e-01
7.889016091654745821e-01
1.678391026909536343e+00
2.918198267895520281e+00
4.795495548146675446e-01
1.646986859487160615e-01
5.416261476659478546e-02
3.298974822137701324e-02
5.251066344561472476e-02
1.484819093724674133e-01
4.239776701294015737e-01
9.993602689840912490e-01
1.939278630130957026e+00
3.193663787482570626e+00
7.500624778813040905e-01
3.508091277403053709e-01
1.799389972230969192e-01
1.410332851422051448e-01
1.925900750910081172e-01
3.666156940804476960e-01
7.487294546134979356e-01
1.427589358805572139e+00
2.431509295865521558e+00
3.686755331699669291e+00
1.254576851545767369e+00
7.584786843996873529e-01
5.149403964837873104e-01
4.564921390637604048e-01
5.518637176631280283e-01
8.232234292528612940e-01
1.326739917220685072e+00
2.107842401911435459e+00
3.153332474296767884e+00
4.369119270816947065e+00
2.052208399058672583e+00
1.481824482449727753e+00
1.175801767316437818e+00
1.101444863500702809e+00
1.239571226499728063e+00
1.598128432542216260e+00
2.197070101646057871e+00
3.036048149865469448e+00
4.065571693200657144e+00
5.181968729702511212e+00
