2.117567011061750826e+00
1.506015288915424577e+00
1.129578536586201665e+00
9.594663039928219561e-01
9.883923465326835966e-01
1.242109692027326240e+00
1.759792241417657443e+00
2.556518643362166721e+00
3.590110861177015167e+00
4.753833246399216783e+00
1.289802526389203230e+00
7.706626198039732145e-01
4.873342921745411616e-01
3.722876770984520078e-01
3.975424304935053499e-01
5.925098207338397316e-01
1.024617165095748739e+00
1.753145278948705865e+00
2.777520784397531806e+00
4.009725824874351474e+00
7.611511423512951069e-01
3.532017157616795799e-01
1.675602251006367283e-01
1.056790079458771459e-01
1.235141665053181015e-01
2.521740064078858978e-01
5.811490481214445225e-01
1.209327422669220553e+00
2.178989439230285541e+00
3.427640110678679797e+00
4.788018813288932307e-01
1.624735292012111643e-01
5.028093094516350448e-02
2.510263364937692643e-02
3.417504961996975510e-02
1.093332479270010538e-01
3.534807366117398431e-01
8.929620019133972519e-01
1.803101099951554431e+00
3.043996928875110974e+00
3.656980849555289126e-01
9.846530317629387241e-02
2.255275421915570178e-02
1.348429920471083676e-02
1.621764691454785634e-02
6.383028682625813133e-02
2.655041538221993846e-01
7.603866982968288113e-01
1.639642576179466182e+00
2.874425228833344725e+00
3.679505509413765196e-01
1.001479679926795541e-01
2.322008197978497890e-02
1.352137565160838051e-02
1.777436498959161781e-02
7.106562758978363092e-02
2.833245377857860348e-01
7.919005889302237478e-01
1.683856038237901309e+00
2.925926220839906833e+00
4.807814605873659275e-01
1.651277660247316703e-01
5.420408218817840407e-02
3.298617103388146177e-02
5.264013704646508529e-02
1.490148785874598758e-01
4.255546432989945060e-01
1.002848066208461120e+00
1.945192096601090270e+00
3.201646206623316004e+00
7.511144286798074887e-01
3.513130084634319417e-01
1.801729436559948994e-01
1.412386403153575998e-01
1.929699660392127925e-01
3.675468729790516420e-01
7.508947481002206104e-01
1.431734976663301850e+00
2.437918132725216402e+00
3.694882534455028456e+00
1.255455984288843752e+00
7.590878546970074581e-01
5.154278787568493669e-01
4.570132865732201566e-01
5.526464662384924509e-01
8.247117601664406550e-01
1.329585817701786077e+00
2.112602218952053690e+00
3.160035443717440273e+00
4.377072747167535915e+00
2.052930170862899750e+00
1.482544088144541305e+00
1.176581903794159167e+00
1.102379782501397898e+00
1.240881779291552967e+00
1.600239009336508644e+00
2.200509703430623354e+00
3.041147619454869222e+00
4.072152686425280166e+00
5.189290155717084296e+00
