2.121388699974974479e+00
1.508890418951187584e+00
1.131418624558154562e+00
9.604044570776801848e-01
9.886508778156528621e-01
1.241946481069510888e+00
1.759540904353407598e+00
2.556590970766656312e+00
3.590861599509080015e+00
4.755365232952005528e+00
1.293467380182065973e+00
7.731287256471333080e-01
4.887145053548067608e-01
3.729083946261457783e-01
3.977073796370671488e-01
5.924396270518865748e-01
1.024575625225030429e+00
1.753527905945771792e+00
2.778722629349432260e+00
4.011877542508813121e+00
7.642282345407878097e-01
3.549531268586871846e-01
1.683036730615956600e-01
1.058990028051418619e-01
1.235568218452698375e-01
2.522089727399361436e-01
5.813815801055408627e-01
1.210148405032487773e+00
2.180823613112962356e+00
3.430612281615848858e+00
4.811123846549509864e-01
1.635316362569128046e-01
5.051411099618974276e-02
2.503442555834567429e-02
3.413562081856547081e-02
1.094784751806585632e-01
3.540463624663079401e-01
8.943948970944468613e-01
1.805841011743224200e+00
3.048090340336425896e+00
3.672665532541525835e-01
9.906051170421115160e-02
2.255898669333689099e-02
1.331717303102308847e-02
1.615311846870426393e-02
6.409946292690982261e-02
2.665067822915503370e-01
7.626930767061743666e-01
1.643663116169521210e+00
2.880016372579341954e+00
3.688134306192125678e-01
1.004606406823747022e-01
2.320168140294676107e-02
1.338881052307883124e-02
1.775911553708198198e-02
7.157029902875855498e-02
2.850062329453066923e-01
7.954576424309891536e-01
1.689576937341923824e+00
2.933355205556571477e+00
4.808715869648239050e-01
1.651518102557165690e-01
5.419804742627221117e-02
3.298147828115993718e-02
5.286737702078703194e-02
1.500802318522751477e-01
4.283430731854753759e-01
1.008086027715704880e+00
1.952924037927982859e+00
3.211028788650611254e+00
7.503603205851288038e-01
3.509777129993238987e-01
1.801953761000660847e-01
1.415559120927216696e-01
1.938409386825252767e-01
3.697033678960099934e-01
7.552838307116065408e-01
1.438937730984338970e+00
2.447642702413102000e+00
3.705925765434567865e+00
1.253990316577504593e+00
7.584892775931049158e-01
5.156582397661164663e-01
4.580103500669103767e-01
5.546738014932230953e-01
8.284622472126397241e-01
1.335843110368283959e+00
2.121646014079233922e+00
3.171237942166386325e+00
4.389015666137398242e+00
2.051167787390731689e+00
1.482017156754556808e+00
1.177348610529943329e+00
1.104418366827315090e+00
1.244392779716358532e+00
1.605708501650253694e+00
2.208388995885967709e+00
3.051363007162018803e+00
4.083850225699574565e+00
5.201050602279266855e+00
