2.202089866116901717e+00
1.586259074795467683e+00
1.198480903638158956e+00
1.019602683296640500e+00
1.048787974046356375e+00
1.314541176996738336e+00
1.848769873870489633e+00
2.644936133731318861e+00
3.629991952478668793e+00
4.672343988490442968e+00
1.352779884283731526e+00
8.151046895928706348e-01
5.176994827813201638e-01
3.950806712916321572e-01
4.212627337926884152e-01
6.296302025700590832e-01
1.086976859966273246e+00
1.838450410755652520e+00
2.852972526296956524e+00
4.006704789193406668e+00
7.981095286774539943e-01
3.705513635561477059e-01
1.756445162089450562e-01
1.102635851753577256e-01
1.287889845322975901e-01
2.662828456540564659e-01
6.170593366603478458e-01
1.275619290482615575e+00
2.259726427551028038e+00
3.465370175495330329e+00
5.008972150123449651e-01
1.684551534156843999e-01
5.155233803125813807e-02
2.559443680250250708e-02
3.498004955002542715e-02
1.143864200776265605e-01
3.737720163500828363e-01
9.426671061597700074e-01
1.879081444566993220e+00
3.100107906739234309e+00
3.829649753817623292e-01
1.019080291152469897e-01
2.292176799422218636e-02
1.369112033700314868e-02
1.648065298790690747e-02
6.629470974880913303e-02
2.796288703887457316e-01
8.023359346610865472e-01
1.712359938103742429e+00
2.937697378111790769e+00
3.856950852331300084e-01
1.038386423771671119e-01
2.371840140398795427e-02
1.369758054235248323e-02
1.788444806598210590e-02
7.368364577604591403e-02
2.985516347311891749e-01
8.359798087132253031e-01
1.758642679591631897e+00
2.989387119293975381e+00
5.039576191265169314e-01
1.715296473687839551e-01
5.569056484387413519e-02
3.374515250906284791e-02
5.417447071252823321e-02
1.562487110458041784e-01
4.504505224216943660e-01
1.058839833577514433e+00
2.025667720066463673e+00
3.255746274691193598e+00
7.882772750944697648e-01
3.680002291714163931e-01
1.880303725168817053e-01
1.474006180304021640e-01
2.027141930181333151e-01
3.894250137541268586e-01
7.967747657194186317e-01
1.506588140051640323e+00
2.519961088385577419e+00
3.721248155673219760e+00
1.315240115183329728e+00
7.994591714679035732e-01
5.437458826368972709e-01
4.827628999038484636e-01
5.856040660068249082e-01
8.753805474063192094e-01
1.404360400599935943e+00
2.201664502956226954e+00
3.223693705930840814e+00
4.343692217723658544e+00
2.129381788863617508e+00
1.553052713975747068e+00
1.238709119000547254e+00
1.162900658630938722e+00
1.309316512294763868e+00
1.683068010846609397e+00
2.292475822867047874e+00
3.115268234128135028e+00
4.075216860503496186e+00
5.050423344777354551e+00
