2.256817983069254296e+00
1.634179606297114340e+00
1.237496873433721056e+00
1.052292550411705996e+00
1.081079602107483772e+00
1.354190480324890977e+00
1.900157246392321753e+00
2.701562878764654840e+00
3.670461167999012453e+00
4.665001650607656813e+00
1.393952649489522244e+00
8.425301673021658999e-01
5.354512375471154328e-01
4.077295402561871285e-01
4.340715156621124393e-01
6.503182343197693172e-01
1.123587305876449172e+00
1.891930928557034264e+00
2.908704999476579012e+00
4.033296957837690044e+00
8.237246187392024410e-01
3.822745523936204037e-01
1.808507692838743353e-01
1.130289641508248621e-01
1.317078372688929022e-01
2.743517922411502497e-01
6.388442799869640254e-01
1.318040338955110968e+00
2.316706676083486016e+00
3.509864222876033057e+00
5.171724797061090229e-01
1.731549725505807658e-01
5.256522022109866299e-02
2.586808880078450557e-02
3.525295853918475331e-02
1.171103628379945860e-01
3.863765614987597630e-01
9.753944115531254511e-01
1.932762430257042752e+00
3.152760041437811633e+00
3.955967535661768508e-01
1.046698417758458177e-01
2.316593303367042722e-02
1.365758178244913523e-02
1.636996365572862544e-02
6.749227387398359923e-02
2.887146257355510670e-01
8.308221116312957122e-01
1.764427693627691696e+00
2.994038192613352578e+00
3.977458448080568587e-01
1.063737564670459435e-01
2.401733402646577531e-02
1.380459092755259576e-02
1.796189777336554272e-02
7.545126832902315783e-02
3.090770116442671522e-01
8.668136992630790516e-01
1.813191860513126308e+00
3.047158195428867344e+00
5.182531632852418468e-01
1.751940909005567093e-01
5.647622576893951418e-02
3.430880607201736154e-02
5.542321572861474976e-02
1.615283107305840460e-01
4.680805242508254693e-01
1.098570422665214430e+00
2.085892915504241607e+00
3.311388334189272697e+00
8.098033662877588412e-01
3.770664804735543996e-01
1.922135357732344119e-01
1.510367643374053159e-01
2.090936983651241476e-01
4.043335584681431172e-01
8.285560417758635054e-01
1.559888647151606023e+00
2.584698454232125187e+00
3.766745361935696312e+00
1.349555608270061491e+00
8.219601517474073304e-01
5.597142587852230733e-01
4.980252033608714157e-01
6.062941516000952547e-01
9.086111432690771039e-01
1.455314150499506631e+00
2.266650663824495204e+00
3.283491926566815433e+00
4.364655607613254773e+00
2.175140518077940399e+00
1.593990269905718904e+00
1.275177834650335740e+00
1.199542164616291373e+00
1.352351288513061967e+00
1.737440684094328169e+00
2.356996045203084478e+00
3.177467662944581051e+00
4.110205611320822072e+00
5.027106844457428281e+00
