2.246242660868091434e+00
1.627068981563092542e+00
1.233170552492634187e+00
1.049743946093873781e+00
1.079545221120295828e+00
1.353443557072891323e+00
1.900482659499031612e+00
2.703372424893045078e+00
3.673762003735071335e+00
4.669173609781702261e+00
1.383878937198347536e+00
8.368594942452798335e-01
5.326856115808977776e-01
4.064074923017635399e-01
4.333363401235752477e-01
6.499787171875190950e-01
1.123987921326733641e+00
1.893611587881840919e+00
2.911863963097799157e+00
4.037459617557439984e+00
8.149469618992322140e-01
3.783793213484214490e-01
1.795387584181282747e-01
1.126280576722917814e-01
1.315305872693679490e-01
2.742929014680868249e-01
6.391162519560857902e-01
1.319073444165121067e+00
2.318829921619493639e+00
3.512915212623629824e+00
5.098886214052713584e-01
1.707278367916655881e-01
5.210693537204846848e-02
2.578414566228826033e-02
3.523685676753185447e-02
1.171439263721207880e-01
3.863249468282301535e-01
9.753101134485060442e-01
1.932997767308499704e+00
3.153596056910833223e+00
3.895447487957284238e-01
1.031582575408833691e-01
2.302234410210157733e-02
1.349437177211765260e-02
1.623917403269903303e-02
6.737626618141412393e-02
2.880227448498375864e-01
8.291276909844187415e-01
1.762074484492027970e+00
2.991832486053508156e+00
3.923283950003835230e-01
1.052065926029719378e-01
2.394518970156411797e-02
1.353307351314025908e-02
1.758630062063470945e-02
7.477554754582094176e-02
3.071263107119053259e-01
8.628679293005738771e-01
1.807718698592968742e+00
3.041522172304794047e+00
5.125670626486176218e-01
1.736727850504609094e-01
5.625454165847898480e-02
3.395057225799646972e-02
5.461319340424086732e-02
1.596853553112342894e-01
4.640547000442571957e-01
1.091739538752151795e+00
2.077087805911622453e+00
3.302494362362916380e+00
8.028587185994284781e-01
3.743183591930643317e-01
1.913282061447985072e-01
1.503053190851497689e-01
2.074844031595626248e-01
4.007696565240514985e-01
8.219428494002993801e-01
1.550057697134804791e+00
2.573002364888379745e+00
3.755439384159042326e+00
1.340827741020509833e+00
8.173186571854929028e-01
5.575240712671059029e-01
4.964087061837734183e-01
6.035501824241480406e-01
9.032518433060756635e-01
1.446452465510348340e+00
2.254678621793854809e+00
3.270202968807882193e+00
4.352402982693869049e+00
2.165068693108222142e+00
1.587552356462682113e+00
1.271462973240098826e+00
1.196776847538855826e+00
1.348529249849639733e+00
1.730923435475031802e+00
2.347149892385117731e+00
3.165075609468610107e+00
4.097197039642189509e+00
5.015615433771820619e+00
