2.245634128011083419e+00
1.626549745704412686e+00
1.232728704623809790e+00
1.049352028826967320e+00
1.079241510190605879e+00
1.353424227882076281e+00
1.901082723398259233e+00
2.704864864932622126e+00
3.676106169393531520e+00
4.671954957929138175e+00
1.383307614958695808e+00
8.364227985581544900e-01
5.323663046441220459e-01
4.061622260783082083e-01
4.331843033816253907e-01
6.501361876353080049e-01
1.124884088216852263e+00
1.895644657260515231e+00
2.915039825562153908e+00
4.041262322883855340e+00
8.145830884540528061e-01
3.781510689824987281e-01
1.794186182878050317e-01
1.125647772758595622e-01
1.315296281381028720e-01
2.745875752661630642e-01
6.402292654723913401e-01
1.321542331252136826e+00
2.322733135313419517e+00
3.517658150029962627e+00
5.098299559378487444e-01
1.707203293956833789e-01
5.212156629723185830e-02
2.579308872036811806e-02
3.526430824876403136e-02
1.174533102755175307e-01
3.875218763516743437e-01
9.780525004742184336e-01
1.937431461863572402e+00
3.159066282303354622e+00
3.898007702472021663e-01
1.033022201288869013e-01
2.304768237567689226e-02
1.344016112169299504e-02
1.619143458483573994e-02
6.764258916297993807e-02
2.892583541612205877e-01
8.320473859235146818e-01
1.766846188204282520e+00
2.997752155511366645e+00
3.928963082360095171e-01
1.054791203240617037e-01
2.395758914034207265e-02
1.341768912754215393e-02
1.751766046605673921e-02
7.510568917850157789e-02
3.085061217335205441e-01
8.659761799588325815e-01
1.812677410393487953e+00
3.047590644132316839e+00
5.134762424993679630e-01
1.741411883817507444e-01
5.635042536955836567e-02
3.388986929919379776e-02
5.466066342324804594e-02
1.602305303785191981e-01
4.656948530254112484e-01
1.095033512265005449e+00
2.082054200875574246e+00
3.308379293919625042e+00
8.040944551550257557e-01
3.750150748934188982e-01
1.915515212583223104e-01
1.503202533382568262e-01
2.076364099837091359e-01
4.014876621984280192e-01
8.237515903835816999e-01
1.553355471474477945e+00
2.577683094442586587e+00
3.760769562825224011e+00
1.342228450431034226e+00
8.181060150951671162e-01
5.577270116990291626e-01
4.963079415503734992e-01
6.035604361544031349e-01
9.038482821374858034e-01
1.448096281824819087e+00
2.257615968395334960e+00
3.274223150648839287e+00
4.356829493526241492e+00
2.166354083274257825e+00
1.588170801374262808e+00
1.271400072471863041e+00
1.196308407704228749e+00
1.348115750003183066e+00
1.731073313713113571e+00
2.348271518683101355e+00
3.167300384715042050e+00
4.100258099033562864e+00
5.018926866473575998e+00
