2.244455242639586956e+00
1.625561540637901814e+00
1.231936119531853890e+00
1.048653426266928257e+00
1.078329004857405238e+00
1.351665710403627152e+00
1.897659854709992544e+00
2.699284441546307534e+00
3.668723488117213716e+00
4.663970345740636958e+00
1.381973159593143485e+00
8.356020264001688957e-01
5.319433786988856383e-01
4.059232921507360814e-01
4.327654450848017476e-01
6.488080994626770348e-01
1.121586113688537445e+00
1.889580495160003260e+00
2.906443547120317383e+00
4.031544386468004504e+00
8.132266302162038940e-01
3.775822117214673312e-01
1.793105360588489461e-01
1.125933223131694305e-01
1.313895292703746165e-01
2.736203713604732357e-01
6.372550422109979351e-01
1.315470125096218190e+00
2.313571117734674942e+00
3.506872444849812975e+00
5.084820949197377260e-01
1.703092110415020954e-01
5.209217419996559073e-02
2.576496225944957530e-02
3.509073497707682066e-02
1.166606800646787789e-01
3.849166072042242703e-01
9.723122276152329491e-01
1.928314069165174338e+00
3.147970498603736456e+00
3.883667649748767658e-01
1.028675042715718746e-01
2.291385116579114367e-02
1.323579523937112867e-02
1.592015232242260936e-02
6.697740410719088544e-02
2.870199874673744489e-01
8.267947146808412029e-01
1.758183701159711454e+00
2.986983753707896483e+00
3.912047942477627771e-01
1.048593347064672443e-01
2.371037143011811565e-02
1.320159791361597001e-02
1.735197332655236124e-02
7.464845299258993094e-02
3.065768515690523444e-01
8.611750572128782366e-01
1.804642820504106737e+00
3.037580095645759926e+00
5.113486366327419930e-01
1.731969161505713117e-01
5.601234060186488506e-02
3.381557657863876187e-02
5.471812824643595974e-02
1.599193799975173746e-01
4.638607092294595446e-01
1.090500051728493958e+00
2.074672837752431498e+00
3.299398625024791087e+00
8.014322747811846170e-01
3.736060291493581431e-01
1.909971400854910684e-01
1.502450040090064221e-01
2.076850758764061666e-01
4.009951564586291539e-01
8.216907586892370219e-01
1.548912608270511804e+00
2.570992914366724058e+00
3.753030892561567633e+00
1.339120311827606713e+00
8.161778475874887917e-01
5.567545683737877837e-01
4.958976517410338403e-01
6.032015621621100721e-01
9.028325871071949393e-01
1.445637163504178702e+00
2.253292273358612263e+00
3.268386943817351398e+00
4.350525979830413448e+00
2.163120006244199978e+00
1.585888070916763759e+00
1.269980775129710082e+00
1.195396839334643246e+00
1.347187013591351956e+00
1.729520138004645879e+00
2.345591719460188962e+00
3.163379387637073492e+00
4.095523276795497658e+00
5.014176604465278686e+00
