2.271335418346351886e+00
1.644683090543963999e+00
1.246046903441069276e+00
1.060330363748317239e+00
1.090452357341871625e+00
1.367939283226654368e+00
1.922218666261398923e+00
2.735325002729374511e+00
3.717006936580442122e+00
4.722334551241532452e+00
1.397006790253275454e+00
8.439950653027201710e-01
5.368889640183427403e-01
4.094412766322799158e-01
4.366568643074373313e-01
6.558321933228263845e-01
1.135783507347276178e+00
1.915248499589482734e+00
2.946112448728312572e+00
4.084356771130838837e+00
8.207960956678777009e-01
3.803980628414684872e-01
1.803913687574061342e-01
1.131563263784203244e-01
1.321349095645434346e-01
2.761372451848265186e-01
6.449514948344861054e-01
1.333257966775538428e+00
2.345709136020662555e+00
3.554219001362281194e+00
5.126507073726314090e-01
1.712204418776321901e-01
5.225764607405292139e-02
2.583685568528792942e-02
3.520298074807381994e-02
1.175796679769556263e-01
3.892929484697367215e-01
9.851821924275467879e-01
1.955161718950578553e+00
3.191151431911361858e+00
3.915926900872852556e-01
1.034458177530463985e-01
2.297994734792840887e-02
1.325986275779467150e-02
1.595157137588998353e-02
6.745261335482588549e-02
2.901214359378112562e-01
8.374940793565404107e-01
1.782539570321070244e+00
3.028144375054877102e+00
3.947353570018519164e-01
1.055662242353720970e-01
2.376850998399326897e-02
1.316287629160850514e-02
1.734538926936846082e-02
7.517671252379010127e-02
3.098826185968617253e-01
8.722589707205052889e-01
1.829511806146492781e+00
3.079250514662648541e+00
5.163596666160907844e-01
1.745245104240797929e-01
5.625353984360348392e-02
3.384867899609833586e-02
5.492656591661404519e-02
1.612684938275092961e-01
4.691280793675778327e-01
1.104720336214762177e+00
2.103120358735877993e+00
3.344054142775917615e+00
8.100218750588981109e-01
3.770293900407413190e-01
1.923957182366562435e-01
1.511875728750524672e-01
2.092751686642886355e-01
4.050747984300082649e-01
8.316736564679088062e-01
1.569459362470380093e+00
2.605897038127601206e+00
3.802622755943412258e+00
1.354632926469675702e+00
8.249222464807202115e-01
5.622017757630226598e-01
5.005680344500529344e-01
6.093558235147957802e-01
9.133187314985926619e-01
1.464104802142857764e+00
2.283337203679043803e+00
3.311808731110519322e+00
4.405958736986175239e+00
2.189288910768017793e+00
1.604528478327764240e+00
1.284413773886382337e+00
1.208871058295593492e+00
1.362969772974369498e+00
1.751040097070781343e+00
2.376056905330619529e+00
3.204839728838988488e+00
4.147879765233906113e+00
5.074953789461522646e+00
