2.270527527154487579e+00
1.643753004995761380e+00
1.244985669310111120e+00
1.059040138168716894e+00
1.088632773491802652e+00
1.364981243530679400e+00
1.917372164732779716e+00
2.728220476203149225e+00
3.708149922944737664e+00
4.713058169495310423e+00
1.396457624517299045e+00
8.434679681936927409e-01
5.364016485060076889e-01
4.089139068459797244e-01
4.357936191688089878e-01
6.539422060716555407e-01
1.131883208634154592e+00
1.908650601725422113e+00
2.937117080910168987e+00
4.074358501024522461e+00
8.205620605066110684e-01
3.802072711969897156e-01
1.802766133506752411e-01
1.131050956885495395e-01
1.320034507343210706e-01
2.753795114794703736e-01
6.425486862954121747e-01
1.328239491363984115e+00
2.337990924767773926e+00
3.544953657421956450e+00
5.126684144215518657e-01
1.711458681983391017e-01
5.213145140742625472e-02
2.573025043660948086e-02
3.520329266183797046e-02
1.174610118150791749e-01
3.882300344303359907e-01
9.820777726339899871e-01
1.949518925086305643e+00
3.183670222768459457e+00
3.918466459060327978e-01
1.034039307657428353e-01
2.272521072485478300e-02
1.292913615889723644e-02
1.579130261445627070e-02
6.751968738018820915e-02
2.898721533149615226e-01
8.358985899686910415e-01
1.778858176330058605e+00
3.022650562388299988e+00
3.954111373276418817e-01
1.057373659803042543e-01
2.363336363503698578e-02
1.292137397773807095e-02
1.725031635502727312e-02
7.534407373224016879e-02
3.099444641563451341e-01
8.713794538083350361e-01
1.826988527407784169e+00
3.075171256598516756e+00
5.177954809624916166e-01
1.751413745675023392e-01
5.640715637422299977e-02
3.385824184814811844e-02
5.499674626559869495e-02
1.613967181123454608e-01
4.689684227805317462e-01
1.103664448942961229e+00
2.100730009924077990e+00
3.340499299795374633e+00
8.124353060392754955e-01
3.780370945371513969e-01
1.924508857086895119e-01
1.508172856411338358e-01
2.087760334763482106e-01
4.043991723943411998e-01
8.304906240576839238e-01
1.567382952389557715e+00
2.602814105407709633e+00
3.798887950675102321e+00
1.357824787779591702e+00
8.258666821297104832e-01
5.613071646832743511e-01
4.986121079882437357e-01
6.069554565046244576e-01
9.106554639873696289e-01
1.461025683811818077e+00
2.279679486610818984e+00
3.307687489840159589e+00
4.401813187187361365e+00
2.192613774277568872e+00
1.604806457535213227e+00
1.281886966597024724e+00
1.204511642546334471e+00
1.357823146254384383e+00
1.745736210029466662e+00
2.370785295385702263e+00
3.199649904541177481e+00
4.142955784314603207e+00
5.070638811209683183e+00
