2.268743676345772897e+00
1.642223378070787554e+00
1.243793679572080535e+00
1.058095831617896998e+00
1.087591601769384297e+00
1.363124243047020734e+00
1.913747722360398029e+00
2.722209454596896450e+00
3.700072005990863389e+00
4.704206035693875521e+00
1.394919515801644749e+00
8.423567874035713388e-01
5.357034483519749202e-01
4.084748142053937769e-01
4.352644516870762814e-01
6.525358762940829394e-01
1.128401248021921432e+00
1.902144699255332583e+00
2.927763186963072251e+00
4.063659741662095648e+00
8.193953477682107689e-01
3.795172430528950258e-01
1.799406214858070285e-01
1.129673283065697476e-01
1.318409425824862424e-01
2.744864261148425300e-01
6.395720075474011779e-01
1.321882635452803711e+00
2.328161407696874186e+00
3.533198037712542483e+00
5.118562310459591203e-01
1.707211221280955371e-01
5.190560570413182973e-02
2.561085775324034586e-02
3.515727333407703270e-02
1.169335292738891141e-01
3.857998373673439119e-01
9.761719633760161940e-01
1.939773601930966151e+00
3.171571566671721687e+00
3.913514741628736360e-01
1.031297388387004688e-01
2.250304135602743116e-02
1.275597784633664133e-02
1.575245015840653906e-02
6.713037083285655626e-02
2.876799007249966067e-01
8.302232633988735344e-01
1.769236393610001734e+00
3.010542431693846055e+00
3.953093039993840208e-01
1.056584835768132891e-01
2.350877122570693700e-02
1.281905786291748228e-02
1.721603882269207020e-02
7.479711862135651756e-02
3.074153495391191981e-01
8.653127677991916400e-01
1.817104886891622861e+00
3.063035322483772305e+00
5.182827348192322603e-01
1.753803244067340117e-01
5.644826389690571489e-02
3.380974281149118355e-02
5.475929984018090835e-02
1.602099911829641954e-01
4.654153876224826902e-01
1.096543594043606795e+00
2.090186074982635311e+00
3.328290758806527361e+00
8.136564950278675212e-01
3.785912251838619014e-01
1.924465830047994430e-01
1.503939093348609646e-01
2.077376940661332938e-01
4.019186577947113648e-01
8.253658565480881393e-01
1.558916457247613074e+00
2.591630966570655836e+00
3.786871842514161202e+00
1.359652357582747939e+00
8.264810522832082285e-01
5.607801172534054857e-01
4.971319082033112124e-01
6.043998654961502126e-01
9.063819059346078788e-01
1.454235777070674196e+00
2.270194818525117064e+00
3.296459181071961897e+00
4.390631776022448918e+00
2.194602247164478825e+00
1.605070941119507211e+00
1.280405338931519310e+00
1.201542175612746455e+00
1.353474432721100129e+00
1.739759626319256292e+00
2.362877515008270812e+00
3.190029049500315406e+00
4.132633035903523933e+00
5.061067770821500389e+00
