2.265486016249175449e+00
1.639718355805769967e+00
1.241975842867171664e+00
1.056777769992054417e+00
1.086616032610359106e+00
1.362468161960800117e+00
1.913524926811432714e+00
2.722556716524082709e+00
3.700992439021054459e+00
4.705500703165922616e+00
1.391833088137455654e+00
8.403681570262921952e-01
5.345227781162957825e-01
4.077531588204204027e-01
4.347653132836137857e-01
6.521716792298244414e-01
1.128202984375763940e+00
1.902204807651232343e+00
2.928149318679860613e+00
4.064333539505975423e+00
8.167018432257266980e-01
3.781710112988916350e-01
1.793901684650762718e-01
1.127422764974204128e-01
1.316976180905387039e-01
2.742895643506662040e-01
6.391952081229934635e-01
1.321271967963118854e+00
2.327423997125865007e+00
3.532547390684783295e+00
5.095543490609175663e-01
1.698768566665469493e-01
5.173067669494813003e-02
2.558052489238438199e-02
3.509048516297674780e-02
1.166647263675999469e-01
3.849908879417176522e-01
9.745428420715214202e-01
1.937440855997999201e+00
3.169053370652103574e+00
3.892667070458477596e-01
1.025355794778954888e-01
2.245535082152105844e-02
1.271127653518799860e-02
1.558006942171363818e-02
6.660780246726716314e-02
2.862465549253299102e-01
8.273820765113368836e-01
1.765128518819982339e+00
3.006001196914074747e+00
3.931235052282753273e-01
1.050283463083703239e-01
2.345053594517132467e-02
1.274472701127926655e-02
1.692470203942342266e-02
7.393013163488149075e-02
3.052369992722292480e-01
8.612335011364713466e-01
1.811370733744759320e+00
3.056763953467629413e+00
5.155629364412162019e-01
1.743651732109254837e-01
5.623987603013258507e-02
3.371921451662096558e-02
5.435366315526390935e-02
1.589127593484462864e-01
4.624157047208559135e-01
1.091350722178461297e+00
2.083250982283323616e+00
3.320935835288515214e+00
8.100441039359518314e-01
3.768689828017528498e-01
1.919064570806092718e-01
1.502200830302946599e-01
2.071712340268314634e-01
4.001456843104804761e-01
8.216169324035753618e-01
1.552955290981476111e+00
2.584153136098550796e+00
3.779275442218576142e+00
1.355186180612305336e+00
8.240306650306754577e-01
5.598786327021327835e-01
4.968746860877093496e-01
6.037376210552425349e-01
9.043267315977825405e-01
1.450141274106861111e+00
2.264115411210696038e+00
3.289269776959187652e+00
4.383656121102596614e+00
2.189854388258952511e+00
1.602328838912556286e+00
1.279427422706098660e+00
1.201421555409501352e+00
1.353014875746115564e+00
1.737915236962108700e+00
2.359144594251766591e+00
3.184666103905979817e+00
4.126552927711726326e+00
5.055396941390233323e+00
