2.265672883255498427e+00
1.639473269919918152e+00
1.241534038294258124e+00
1.056231181023971288e+00
1.085699448439928716e+00
1.360355167357361061e+00
1.909003973215604333e+00
2.714798307979948255e+00
3.690398831439372529e+00
4.693790764826911044e+00
1.392201883821589270e+00
8.403014980918905863e-01
5.343136859475077216e-01
4.075201502721945701e-01
4.342728960565880314e-01
6.505121170328171942e-01
1.123838603202265141e+00
1.893850727966853498e+00
2.915975941952653194e+00
4.050294171186839876e+00
8.172479481927981126e-01
3.782498063326711346e-01
1.793141998875933396e-01
1.126679389883431526e-01
1.315299537883678482e-01
2.732217943351038514e-01
6.355098800234753043e-01
1.313232753739502989e+00
2.314812944651185589e+00
3.517318211670794170e+00
5.102466924981525764e-01
1.700300229929148088e-01
5.164996011681921573e-02
2.546609926425436043e-02
3.503870704315481532e-02
1.160780667120224763e-01
3.821221977433051364e-01
9.673232397115461012e-01
1.925258335836732115e+00
3.153704999096437867e+00
3.900890537436483285e-01
1.027251586668258554e-01
2.232571722797604963e-02
1.250809643255301751e-02
1.552899070539304205e-02
6.626257040012273336e-02
2.839021654401872041e-01
8.208487434910685110e-01
1.753595967742412221e+00
2.991123669214759140e+00
3.941601882571914572e-01
1.053221006754148092e-01
2.336677074194248860e-02
1.257535723138403227e-02
1.688522808055115121e-02
7.354549392868925395e-02
3.028439039148347334e-01
8.547747877494780155e-01
1.800163090867309634e+00
3.042465638875215816e+00
5.170382925461503021e-01
1.749273967910704997e-01
5.631807718809689334e-02
3.364973342331634143e-02
5.423508514014052651e-02
1.581073339248986187e-01
4.593254100556141140e-01
1.084289754438207076e+00
2.071954505881440589e+00
3.307195984559661461e+00
8.121812117688245181e-01
3.778038826737049050e-01
1.920695371664518092e-01
1.499857039766920863e-01
2.065405490160356905e-01
3.983757148358080258e-01
8.173027067150568925e-01
1.544949629326615614e+00
2.572716558207920556e+00
3.766307873285764884e+00
1.357936249070935020e+00
8.251833645672093098e-01
5.597604208107371804e-01
4.958901574160590187e-01
6.019256163124868664e-01
9.010666695293982897e-01
1.444414597488164809e+00
2.255358533938527366e+00
3.278150325441889112e+00
4.371988484683460463e+00
2.192777889836843741e+00
1.603284296169003476e+00
1.278568929113944819e+00
1.199175835058903239e+00
1.349599467443928447e+00
1.733057148126299296e+00
2.352337899821674405e+00
3.175836398152463325e+00
4.116520390519275097e+00
5.045649613932655875e+00
