2.171984885814064015e+00
1.554121191276472302e+00
1.169167955746120313e+00
9.928684127970424100e-01
1.021331301203482589e+00
1.282476167430487202e+00
1.812781048840756526e+00
2.616506315405216831e+00
3.633886551884589977e+00
4.741463058665927655e+00
1.326404880043084766e+00
7.955813186971258943e-01
5.040722473241787682e-01
3.844831329796756236e-01
4.096509399649495009e-01
6.115219406583252137e-01
1.058516460406900173e+00
1.804231179607747038e+00
2.832424708233221011e+00
4.033508576719389005e+00
7.811736145606973380e-01
3.626647869205239516e-01
1.722178836343530861e-01
1.083840289503061882e-01
1.262950647747187460e-01
2.590408268683113135e-01
5.993690423913831111e-01
1.246091598060649730e+00
2.230628168517889698e+00
3.467440167323082356e+00
4.902204019907108190e-01
1.657582072729066880e-01
5.081616067166727646e-02
2.485597914159853872e-02
3.421256311798082095e-02
1.115447123203940905e-01
3.631177486437282553e-01
9.189609471269974961e-01
1.848446592647801090e+00
3.089344503061758118e+00
3.744368229621235500e-01
1.003481103519332507e-01
2.194393571863706427e-02
1.195568546739345095e-02
1.507005577069442381e-02
6.441097132409012715e-02
2.718498367347343958e-01
7.816539777253268539e-01
1.681651973845261772e+00
2.921473731521781581e+00
3.766221501269972904e-01
1.021601083001391075e-01
2.279933506869369353e-02
1.203026830145503823e-02
1.650211853427840936e-02
7.169932072932461153e-02
2.903600966371921999e-01
8.145440765102920366e-01
1.727240158615972909e+00
2.973225686788757649e+00
4.915605816578816345e-01
1.682150083342710545e-01
5.476630132653603766e-02
3.269757682192420134e-02
5.274447544246108066e-02
1.522291933237287509e-01
4.379247839810744836e-01
1.032871309988727226e+00
1.993644742006337012e+00
3.246217792746366015e+00
7.687709493156571483e-01
3.589054348589293397e-01
1.837132750147061344e-01
1.439123103231914058e-01
1.974253852870333503e-01
3.783843526311487793e-01
7.750246968336664821e-01
1.474162532070012688e+00
2.491185664244292219e+00
3.728681680133917098e+00
1.286761630580498306e+00
7.792091288399793925e-01
5.292470885438635975e-01
4.695920402831275098e-01
5.692355771832904310e-01
8.514865325858513856e-01
1.371536218350023262e+00
2.167357025174470486e+00
3.209558372936988313e+00
4.384000996585196042e+00
2.099025330431979697e+00
1.522477653097777939e+00
1.210805194392482242e+00
1.135536676298713132e+00
1.279012635572901679e+00
1.648263498438626407e+00
2.257784994505556142e+00
3.095666027552977262e+00
4.096731729332457661e+00
5.144375183111119298e+00
