2.168121385062612205e+00
1.551446388073150828e+00
1.167353046256960347e+00
9.915430858875069475e-01
1.020408750446841317e+00
1.282404572070482196e+00
1.814504755612191822e+00
2.620975169513693359e+00
3.641330264634417446e+00
4.750994980163953052e+00
1.323177780205265108e+00
7.938006735810620995e-01
5.031529590467744839e-01
3.839200146303669570e-01
4.092993533974960130e-01
6.118049124943727435e-01
1.060440689452058827e+00
1.808953909110327274e+00
2.840442780958243318e+00
4.044068576502184875e+00
7.787274484926154372e-01
3.617096521607852111e-01
1.719536726493338108e-01
1.082926772228995915e-01
1.262749996096523830e-01
2.594712557010963039e-01
6.011810795029468579e-01
1.250501020159985544e+00
2.238363018855775266e+00
3.477993239161110139e+00
4.884129827476151320e-01
1.653189414692235459e-01
5.080415773028335025e-02
2.484142669347733090e-02
3.421903816622950956e-02
1.119138975001856551e-01
3.646100712938427080e-01
9.227006632716534540e-01
1.855289413551451716e+00
3.099051476997713550e+00
3.729711034613503173e-01
1.001256063137656582e-01
2.194439201426767738e-02
1.183467271946270216e-02
1.496622349141496500e-02
6.464364438174108329e-02
2.730067291439715049e-01
7.846945039261497001e-01
1.687438681952528441e+00
2.929960576525973970e+00
3.751064195266069490e-01
1.019244414723985415e-01
2.278421148043818789e-02
1.187136464996285667e-02
1.634423407650409388e-02
7.184361606379496834e-02
2.913000419560818344e-01
8.170954038361228911e-01
1.732178094206288321e+00
2.980564173636193637e+00
4.895066576930435787e-01
1.676799222811409251e-01
5.470428437043217684e-02
3.260822204381774725e-02
5.263997358915517566e-02
1.523728556843648718e-01
4.388011937072970881e-01
1.035210217088159190e+00
1.998076469009276046e+00
3.252688022129900602e+00
7.657213550649437650e-01
3.577160933099508000e-01
1.834452259397396645e-01
1.438985898212985504e-01
1.974600142873121911e-01
3.786473380373873709e-01
7.760066731372150528e-01
1.476524823735142711e+00
2.495381601806734295e+00
3.734519395054556767e+00
1.282590721900453978e+00
7.771890406655055372e-01
5.286536868028237635e-01
4.696642480123491836e-01
5.695497478698392513e-01
8.520815174980880258e-01
1.372837553052188575e+00
2.169911850710938950e+00
3.213632792867883836e+00
4.389277799870926700e+00
2.094154378209845291e+00
1.519882083481468804e+00
1.210038019275561538e+00
1.135857012557974777e+00
1.279843124938447652e+00
1.649461293404073992e+00
2.259610773309590037e+00
3.098487922572703113e+00
4.100648627699132298e+00
5.149019623995618744e+00
