2.164991194047356515e+00
1.548694078804443208e+00
1.165144485056083035e+00
9.897828816107852035e-01
1.018788093054340038e+00
1.280416353753159875e+00
1.811527784805032404e+00
2.616551799872103956e+00
3.635513436146657007e+00
4.744452615546384422e+00
1.320838112379582263e+00
7.920324650329648719e-01
5.019760695912358628e-01
3.831431508332592273e-01
4.086206849345810355e-01
6.107292773616359582e-01
1.058231130310507417e+00
1.804918226211750465e+00
2.834447454837842884e+00
4.036803529043086591e+00
7.773517137142826883e-01
3.608705534441050133e-01
1.715248241728088985e-01
1.080806892443799683e-01
1.261380465911114968e-01
2.590690696238393542e-01
5.997332359137335089e-01
1.247064486127513305e+00
2.232538590161170511e+00
3.470395252209881320e+00
4.878746243503293556e-01
1.650673494323768864e-01
5.064884924222035067e-02
2.469503385640159365e-02
3.417410190530212333e-02
1.118132671876699291e-01
3.636437444626201554e-01
9.197008907126571486e-01
1.849617839914253992e+00
3.091242016252394365e+00
3.730642908700199101e-01
1.001657673299662932e-01
2.180544429262454287e-02
1.159210832589607776e-02
1.487165374535592832e-02
6.458702563903351290e-02
2.720901384953311464e-01
7.816121543901068947e-01
1.681480755281322459e+00
2.921705837661346727e+00
3.757836907053251352e-01
1.022225673113101863e-01
2.273703243577429589e-02
1.169392555581616477e-02
1.627099990704294896e-02
7.160653486806367596e-02
2.898583106100094398e-01
8.131628030828377263e-01
1.725234222661204520e+00
2.971425109041239132e+00
4.909028737499570028e-01
1.683639561264431705e-01
5.486661503952028340e-02
3.253094325272876119e-02
5.240483773847337545e-02
1.514585022915397872e-01
4.360796176677652625e-01
1.029621033930269824e+00
1.989523144417606026e+00
3.242350020106024466e+00
7.679257842486242325e-01
3.587709036921529204e-01
1.835987121843025704e-01
1.434397161215166250e-01
1.963363409117828695e-01
3.762050759736377259e-01
7.712268850605044079e-01
1.468760636074383896e+00
2.485047497556024609e+00
3.723111855861446884e+00
1.285381279441177860e+00
7.782625152191702256e-01
5.281936526520851771e-01
4.679573892003423552e-01
5.665679081479488843e-01
8.473092295433790611e-01
1.365607695622125028e+00
2.160076224854436511e+00
3.202013826199316071e+00
4.377474950613166271e+00
2.096968165797647998e+00
1.520413564336826617e+00
1.208340106057188557e+00
1.132243748804404149e+00
1.274484879802541215e+00
1.642218784056712622e+00
2.250310446992875413e+00
3.087419248394606797e+00
4.088809580569640723e+00
5.137841798628591583e+00
