2.178562965619604164e+00
1.562115536644792968e+00
1.177167232725795820e+00
1.000763001297304555e+00
1.030702097064293277e+00
1.296651278338900148e+00
1.834801382489986921e+00
2.645183070747422427e+00
3.660437924326457981e+00
4.749985084244128686e+00
1.328897269552299143e+00
7.979943943594838274e-01
5.064396119824303710e-01
3.867920760967731297e-01
4.129519193136266253e-01
6.190114250574501042e-01
1.074684878798916721e+00
1.831294722262591712e+00
2.865372207253829906e+00
4.057759055922195657e+00
7.804064931128387173e-01
3.622538939174582140e-01
1.724464731340997758e-01
1.087886592628439786e-01
1.271371717798919221e-01
2.625068166423956129e-01
6.097978276545248377e-01
1.267840374081461441e+00
2.262659298436576982e+00
3.498199352035161525e+00
4.888321702750655362e-01
1.651766299363579549e-01
5.082340107507032911e-02
2.481991179535558700e-02
3.435877919449126239e-02
1.132712426444584253e-01
3.697585480712248795e-01
9.354959755355132245e-01
1.876669342493951120e+00
3.120790626057895700e+00
3.738335581673934982e-01
1.003495142651740224e-01
2.189493477697901369e-02
1.142201780511875597e-02
1.470899976639028495e-02
6.532474709667468460e-02
2.764682777623903576e-01
7.947414132496595229e-01
1.706234332685714783e+00
2.950909890593501395e+00
3.768274420280821602e-01
1.025253993923307405e-01
2.280965932164935595e-02
1.142290955386382478e-02
1.602447318889232974e-02
7.239727254877070806e-02
2.944548234625328220e-01
8.264966165166063305e-01
1.749814363321738675e+00
2.999741625525844668e+00
4.924452790064259844e-01
1.687503610256486652e-01
5.508093146345238722e-02
3.263457854825890792e-02
5.279900735348430629e-02
1.536067875281572626e-01
4.432562878095893666e-01
1.046154223375765469e+00
2.015900898553517173e+00
3.268969730064703150e+00
7.712494828341780462e-01
3.603990462252868454e-01
1.849496171765352415e-01
1.450903531511889000e-01
1.991410169125122920e-01
3.823130124850875333e-01
7.840735833094125695e-01
1.490905466817284086e+00
2.513438522876993098e+00
3.745221070867090774e+00
1.292747877395333589e+00
7.842536540461715333e-01
5.339212289658101795e-01
4.745500050977407014e-01
5.755951449358676086e-01
8.612334779718491262e-01
1.386758664199608582e+00
2.187762910966251084e+00
3.229002625344321586e+00
4.389027836900151414e+00
2.108818442405122617e+00
1.533607982689131788e+00
1.222501081787925159e+00
1.148145645660314962e+00
1.293564702246552400e+00
1.665945075283629784e+00
2.278389749261048536e+00
3.115255131443809056e+00
4.105972120620953625e+00
5.129588822624009836e+00
