2.176086954626753389e+00
1.560317922763295506e+00
1.175928930579722476e+00
9.998957545744673325e-01
1.030083906502403224e+00
1.296318243869291287e+00
1.834944831395700859e+00
2.646023066782085209e+00
3.662033186452837263e+00
4.752123532402670492e+00
1.326630258111073601e+00
7.966234846533382097e-01
5.056831504804542021e-01
3.863561084143816160e-01
4.126690328522002460e-01
6.188918635380273869e-01
1.074900899092054551e+00
1.832081650727682032e+00
2.866853960791339695e+00
4.059806965768190778e+00
7.784921280523091625e-01
3.613577771128237970e-01
1.721176489265703324e-01
1.086714075163692783e-01
1.270755772193163935e-01
2.625013326966199045e-01
6.099582320196930141e-01
1.268352117124197598e+00
2.263684563780420156e+00
3.499731854587533775e+00
4.872535219956306562e-01
1.646352486233357837e-01
5.072914369824221836e-02
2.480754775441074145e-02
3.433317733448237874e-02
1.132389766928341146e-01
3.697365743612195388e-01
9.355643190473132975e-01
1.876990495923351432e+00
3.121490389466955229e+00
3.724529070033035794e-01
9.998547264802581935e-02
2.187250103302229576e-02
1.138633988901194272e-02
1.462004560375973483e-02
6.518670220884548172e-02
2.762009887683891662e-01
7.943099765813244062e-01
1.705783107796060349e+00
2.950681701620846198e+00
3.754147922575530316e-01
1.021521263822355863e-01
2.278078426046370453e-02
1.136903014844925508e-02
1.589009617709624678e-02
7.214545963071827828e-02
2.939319291782753751e-01
8.256004377531080962e-01
1.748687608854547548e+00
2.998714995169985187e+00
4.907044828168256601e-01
1.681487195456616845e-01
5.497137647399519267e-02
3.259219866472395921e-02
5.265899503585647068e-02
1.532428218863417513e-01
4.424803474178231610e-01
1.044873992967039200e+00
2.014293074239702719e+00
3.267416285505590601e+00
7.689298790309733178e-01
3.593586065904279536e-01
1.846518123775533482e-01
1.450391817163776409e-01
1.990039063877171444e-01
3.818448959501443696e-01
7.830851315527374013e-01
1.489373305198700592e+00
2.511595559484175233e+00
3.743460388806161276e+00
1.289834053840213102e+00
7.827291963252829277e-01
5.334016866005821811e-01
4.744941779294862272e-01
5.755095763192956682e-01
8.607576750934660126e-01
1.385712856568259710e+00
2.186202019202427849e+00
3.227204940547415468e+00
4.387361007247317701e+00
2.105629431205159108e+00
1.531832812520010023e+00
1.221912274207865856e+00
1.148207521709166734e+00
1.293683638470825237e+00
1.665677491982594738e+00
2.277556664030052858e+00
3.113955214264228388e+00
4.104492604637255404e+00
5.128247760896162966e+00
