2.177054728144689477e+00
1.560893259014361156e+00
1.176204441042028925e+00
9.999479287040395903e-01
1.029869471278788140e+00
1.295591261228556057e+00
1.833304625757522288e+00
2.643155200549059280e+00
3.658005083795783818e+00
4.747474163726058904e+00
1.327465534523920354e+00
7.970508636980566664e-01
5.058570655861265308e-01
3.863834417086087214e-01
4.125158981662986335e-01
6.182814355952315211e-01
1.073330177330250379e+00
1.829086692194638708e+00
2.862398743863884043e+00
4.054457112827220655e+00
7.791845356209270435e-01
3.616634536267611111e-01
1.722242227671930692e-01
1.086997375323193182e-01
1.270220712999288182e-01
2.621128853523000402e-01
6.086840828393240699e-01
1.265594098699455827e+00
2.259263639786229128e+00
3.494163832512902523e+00
4.878253550845608189e-01
1.648497563109154740e-01
5.077347292481260155e-02
2.480413158633698600e-02
3.432773754923079679e-02
1.130498455502131350e-01
3.688259115252003895e-01
9.332454976019217696e-01
1.872943630835288253e+00
3.116131333504848833e+00
3.729368872485929742e-01
1.001330129294037974e-01
2.185441499260587506e-02
1.132349022108503078e-02
1.460356150781194629e-02
6.510864488872769584e-02
2.755677278841517364e-01
7.924084709633145707e-01
1.702208852062869759e+00
2.945756934257472537e+00
3.758687017174597855e-01
1.022818080746530356e-01
2.274808129133454315e-02
1.129589029309663317e-02
1.587962542857912496e-02
7.211369920350385598e-02
2.934216413815855518e-01
8.239353918271721255e-01
1.745474120697406484e+00
2.994239817959217120e+00
4.912186459637188918e-01
1.683337693501512078e-01
5.499393696640542117e-02
3.257948689522294217e-02
5.268789089336056719e-02
1.531950328631941360e-01
4.419179855779047372e-01
1.043214044156317577e+00
2.011247703285191868e+00
3.263303930584031676e+00
7.695772364708854951e-01
3.596247373122407609e-01
1.847075086581053682e-01
1.450232677131300107e-01
1.989620320450828928e-01
3.816163167802333334e-01
7.822656591013528171e-01
1.487518126728183177e+00
2.508574455376933798e+00
3.739649179734608531e+00
1.290594162215501051e+00
7.829868774901695971e-01
5.333132769765942527e-01
4.742192096955344383e-01
5.751018447906792730e-01
8.600717320255446552e-01
1.384430988197001611e+00
2.184042588933063911e+00
3.224184829405552399e+00
4.383879407085226276e+00
2.106373320635425372e+00
1.531912855893938996e+00
1.221448441142766406e+00
1.147385882065119489e+00
1.292618609644372363e+00
1.664317502222569800e+00
2.275725301078786345e+00
3.111528672837096998e+00
4.101577722360930878e+00
5.125199932240233736e+00
