2.177562069565178504e+00
1.561048660228254725e+00
1.176133332039754009e+00
9.997354086716239152e-01
1.029492564124528720e+00
1.294876269923486589e+00
1.831965766864119161e+00
2.640962342606288260e+00
3.654996524586950457e+00
4.744029503521725033e+00
1.327997570322295928e+00
7.972341781415774875e-01
5.058646040622525319e-01
3.863146949077362891e-01
4.123539150039441381e-01
6.178420004505058571e-01
1.072262588362344893e+00
1.827041077457166374e+00
2.859307474001345994e+00
4.050687536081742479e+00
7.797301962704619172e-01
3.618635761533726125e-01
1.722751229536605422e-01
1.087064262303414353e-01
1.270014815665092556e-01
2.619299626796776082e-01
6.079814830990333263e-01
1.263921491409861098e+00
2.256414198393742687e+00
3.490425324371155824e+00
4.883698482433356247e-01
1.650355048933285218e-01
5.080278467951693244e-02
2.478492686332245398e-02
3.432519181134985331e-02
1.130096859627700567e-01
3.684286556186480155e-01
9.319815783812490650e-01
1.870481239939832285e+00
3.112652901948129269e+00
3.734851401411303229e-01
1.002946705295775232e-01
2.184227065791954914e-02
1.125483335093413473e-02
1.457474195002550488e-02
6.511577348144559352e-02
2.753263020803373706e-01
7.913966831994452278e-01
1.700039483669265827e+00
2.942548055538856566e+00
3.764867451695375067e-01
1.024711675120641985e-01
2.274887064741193399e-02
1.124649816774603295e-02
1.586960770819878519e-02
7.211650096101873686e-02
2.931487949292526096e-01
8.228973102995924549e-01
1.743330710733295597e+00
2.991132624740897583e+00
4.920331018588566252e-01
1.686406033206564459e-01
5.506176350806857300e-02
3.257787701196779295e-02
5.267730059956132749e-02
1.530769483550500354e-01
4.413774175264180144e-01
1.041838364653813187e+00
2.008835345073556766e+00
3.260097332312794194e+00
7.706911653765899928e-01
3.600843847206087744e-01
1.847787607892588113e-01
1.449107802638387454e-01
1.987194821851110405e-01
3.811013445366668861e-01
7.811727437356772441e-01
1.485556390501578505e+00
2.505720115157249239e+00
3.736259573735277506e+00
1.291970910344147683e+00
7.835009933762906442e-01
5.331791854238909778e-01
4.736737141587381572e-01
5.742486063832847876e-01
8.588170126667034054e-01
1.382559412943892063e+00
2.181415140228625482e+00
3.220929117189661461e+00
4.380409893439920488e+00
2.107803410491828622e+00
1.532276817421169390e+00
1.220876255171280178e+00
1.146137019976919191e+00
1.290894448961377172e+00
1.662160383608632053e+00
2.273076597709636104e+00
3.108396911077522695e+00
4.098170418045189223e+00
5.121898509733309623e+00
