2.179204412431356985e+00
1.561970885102137885e+00
1.176519899244790501e+00
9.997289521209129504e-01
1.029001043426554851e+00
1.293419360906126414e+00
1.828768671465547335e+00
2.635417532857029066e+00
3.647230464272562145e+00
4.735075097407415612e+00
1.329433717289716377e+00
7.979347997348211763e-01
5.061229200130004102e-01
3.863240700601160427e-01
4.120403956979314941e-01
6.166725718128853728e-01
1.069271940637064766e+00
1.821333190323130680e+00
2.850801113879914972e+00
4.040455834914864042e+00
7.809472209037959800e-01
3.623858836187272559e-01
1.724506813553174922e-01
1.087511420933884310e-01
1.269053040294334522e-01
2.612193361932675373e-01
6.056118785898965129e-01
1.258740548736440701e+00
2.248055101964149038e+00
3.479849778896434209e+00
4.894015667973690142e-01
1.654160624905225419e-01
5.087736924249952608e-02
2.477274931261952418e-02
3.431662541993585336e-02
1.126802519657035262e-01
3.667709631827005268e-01
9.276778291220511008e-01
1.862887660522719813e+00
3.102526837059431664e+00
3.743890461329328900e-01
1.005668755257405067e-01
2.180558707636759408e-02
1.113022886054970684e-02
1.453904575665543319e-02
6.498514294121449097e-02
2.741813563831581035e-01
7.878746480402893937e-01
1.693338265990843361e+00
2.933245891063648969e+00
3.773863322543435928e-01
1.027342723802249225e-01
2.269819967366348834e-02
1.111428854677498634e-02
1.584913637279239396e-02
7.205514739057861107e-02
2.921883773822235852e-01
8.197512343877004781e-01
1.737233897707034735e+00
2.982612585380992165e+00
4.931276464322973396e-01
1.690471897476610863e-01
5.512853156349351025e-02
3.256038825437457263e-02
5.271502328156785211e-02
1.529348350020383052e-01
4.402219923033987570e-01
1.038567843770394461e+00
2.002911273165529416e+00
3.252135990010564193e+00
7.721386788513724397e-01
3.606858820344678307e-01
1.848961550666885501e-01
1.448368641736115237e-01
1.985424413670253685e-01
3.805020977804494109e-01
7.793786483665705589e-01
1.481738944504107813e+00
2.499665610819097772e+00
3.728720551803400340e+00
1.293719743077631712e+00
7.841090569797612986e-01
5.329728164270264301e-01
4.729980315375428290e-01
5.732284711108075470e-01
8.571795619211988182e-01
1.379708363593008968e+00
2.176845193187265437e+00
3.214722599613393683e+00
4.373378120265752678e+00
2.109557735807640277e+00
1.532535812334263170e+00
1.219880530825372844e+00
1.144289283164879656e+00
1.288460249278292835e+00
1.659074429261252703e+00
2.269032724829671999e+00
3.103201340720601387e+00
4.092080337496714293e+00
5.115640176429057107e+00
