0.914
0.914
0.914
0.914
0.914
0.914
0.914
0.914
0.914
0.914
0.882
0.882
0.882
0.882
0.882
0.882
0.882
0.882
0.882
0.882
0.89
0.89
0.89
0.89
0.89
0.89
0.89
0.89
0.89
0.89
0.906
0.906
0.906
0.906
0.906
0.906
0.906
0.906
0.906
0.906
0.908
0.908
0.908
0.908
0.908
0.908
0.908
0.908
0.908
0.908
0.908
0.908
0.908
0.908
0.908
0.908
0.908
0.908
0.908
0.908
0.906
0.906
0.906
0.906
0.906
0.906
0.906
0.906
0.906
0.906
0.912
0.912
0.912
0.912
0.912
0.912
0.912
0.912
0.912
0.912
0.914
0.914
0.914
0.914
0.914
0.914
0.914
0.914
0.914
0.914
0.948
0.948
0.948
0.948
0.948
0.948
0.948
0.948
0.948
0.948
0.942
0.942
0.942
0.942
0.942
0.942
0.942
0.942
0.942
0.942
0.946
0.946
0.946
0.946
0.946
0.946
0.946
0.946
0.946
0.946
0.948
0.948
0.948
0.948
0.948
0.948
0.948
0.948
0.948
0.948
0.952
0.952
0.952
0.952
0.952
0.952
0.952
0.952
0.952
0.952
0.952
0.952
0.952
0.952
0.952
0.952
0.952
0.952
0.952
0.952
0.952
0.952
0.952
0.952
0.952
0.952
0.952
0.952
0.952
0.952
0.952
0.952
0.952
0.952
0.952
0.952
0.952
0.952
0.952
0.952
0.952
0.952
0.952
0.952
0.952
0.952
0.952
0.952
0.952
0.952
0.952
0.952
0.952
0.952
0.952
0.952
0.952
0.952
0.952
0.952
0.952
0.952
0.952
0.952
0.952
0.952
0.952
0.952
0.952
0.952
0.952
0.952
0.952
0.952
0.952
0.952
0.952
0.952
0.952
0.952
0.952
0.952
0.952
0.952
0.952
0.952
0.952
0.952
0.952
0.952
0.952
0.952
0.952
0.952
0.952
0.952
0.952
0.952
0.952
0.952
0.952
0.952
0.952
0.952
0.952
0.952
0.952
0.952
0.952
0.952
0.954
0.954
0.954
0.954
0.954
0.954
0.954
0.954
0.954
0.954
0.954
0.954
0.954
0.954
0.954
0.954
0.954
0.954
0.954
0.954
0.954
0.954
0.954
0.954
0.954
0.954
0.954
0.954
0.954
0.954
0.954
0.954
0.954
0.954
0.954
0.954
0.954
0.954
0.954
0.954
0.952
0.952
0.952
0.952
0.952
0.952
0.952
0.952
0.952
0.952
0.956
0.956
0.956
0.956
0.956
0.956
0.956
0.956
0.956
0.956
0.956
0.956
0.956
0.956
0.956
0.956
0.956
0.956
0.956
0.956
0.958
0.958
0.958
0.958
0.958
0.958
0.958
0.958
0.958
0.958
0.956
0.956
0.956
0.956
0.956
0.956
0.956
0.956
0.956
0.956
0.956
0.956
0.956
0.956
0.956
0.956
0.956
0.956
0.956
0.956
0.958
0.958
0.958
0.958
0.958
0.958
0.958
0.958
0.958
0.958
0.958
0.958
0.958
0.958
0.958
0.958
0.958
0.958
0.958
0.958
0.958
0.958
0.958
0.958
0.958
0.958
0.958
0.958
0.958
0.958
0.954
0.954
0.954
0.954
0.954
0.954
0.954
0.954
0.954
0.954
0.956
0.956
0.956
0.956
0.956
0.956
0.956
0.956
0.956
0.956
0.958
0.958
0.958
0.958
0.958
0.958
0.958
0.958
0.958
0.958
0.956
0.956
0.956
0.956
0.956
0.956
0.956
0.956
0.956
0.956
0.956
0.956
0.956
0.956
0.956
0.956
0.956
0.956
0.956
0.956
0.954
0.954
0.954
0.954
0.954
0.954
0.954
0.954
0.954
0.954
0.956
0.956
0.956
0.956
0.956
0.956
0.956
0.956
0.956
0.956
0.954
0.954
0.954
0.954
0.954
0.954
0.954
0.954
0.954
0.954
