0.914
0.914
0.914
0.914
0.914
0.914
0.914
0.914
0.914
0.914
0.894
0.894
0.894
0.894
0.894
0.894
0.894
0.894
0.894
0.894
0.89
0.89
0.89
0.89
0.89
0.89
0.89
0.89
0.89
0.89
0.898
0.898
0.898
0.898
0.898
0.898
0.898
0.898
0.898
0.898
0.9
0.9
0.9
0.9
0.9
0.9
0.9
0.9
0.9
0.9
0.954
0.954
0.954
0.954
0.954
0.954
0.954
0.954
0.954
0.954
0.95
0.95
0.95
0.95
0.95
0.95
0.95
0.95
0.95
0.95
0.95
0.95
0.95
0.95
0.95
0.95
0.95
0.95
0.95
0.95
0.952
0.952
0.952
0.952
0.952
0.952
0.952
0.952
0.952
0.952
0.95
0.95
0.95
0.95
0.95
0.95
0.95
0.95
0.95
0.95
0.946
0.946
0.946
0.946
0.946
0.946
0.946
0.946
0.946
0.946
0.954
0.954
0.954
0.954
0.954
0.954
0.954
0.954
0.954
0.954
0.952
0.952
0.952
0.952
0.952
0.952
0.952
0.952
0.952
0.952
0.952
0.952
0.952
0.952
0.952
0.952
0.952
0.952
0.952
0.952
0.956
0.956
0.956
0.956
0.956
0.956
0.956
0.956
0.956
0.956
0.956
0.956
0.956
0.956
0.956
0.956
0.956
0.956
0.956
0.956
0.956
0.956
0.956
0.956
0.956
0.956
0.956
0.956
0.956
0.956
0.954
0.954
0.954
0.954
0.954
0.954
0.954
0.954
0.954
0.954
0.956
0.956
0.956
0.956
0.956
0.956
0.956
0.956
0.956
0.956
0.958
0.958
0.958
0.958
0.958
0.958
0.958
0.958
0.958
0.958
0.958
0.958
0.958
0.958
0.958
0.958
0.958
0.958
0.958
0.958
0.956
0.956
0.956
0.956
0.956
0.956
0.956
0.956
0.956
0.956
0.956
0.956
0.956
0.956
0.956
0.956
0.956
0.956
0.956
0.956
0.956
0.956
0.956
0.956
0.956
0.956
0.956
0.956
0.956
0.956
0.956
0.956
0.956
0.956
0.956
0.956
0.956
0.956
0.956
0.956
0.956
0.956
0.956
0.956
0.956
0.956
0.956
0.956
0.956
0.956
0.956
0.956
0.956
0.956
0.956
0.956
0.956
0.956
0.956
0.956
0.954
0.954
0.954
0.954
0.954
0.954
0.954
0.954
0.954
0.954
0.956
0.956
0.956
0.956
0.956
0.956
0.956
0.956
0.956
0.956
0.956
0.956
0.956
0.956
0.956
0.956
0.956
0.956
0.956
0.956
0.956
0.956
0.956
0.956
0.956
0.956
0.956
0.956
0.956
0.956
0.954
0.954
0.954
0.954
0.954
0.954
0.954
0.954
0.954
0.954
0.954
0.954
0.954
0.954
0.954
0.954
0.954
0.954
0.954
0.954
0.956
0.956
0.956
0.956
0.956
0.956
0.956
0.956
0.956
0.956
0.954
0.954
0.954
0.954
0.954
0.954
0.954
0.954
0.954
0.954
0.954
0.954
0.954
0.954
0.954
0.954
0.954
0.954
0.954
0.954
0.952
0.952
0.952
0.952
0.952
0.952
0.952
0.952
0.952
0.952
0.954
0.954
0.954
0.954
0.954
0.954
0.954
0.954
0.954
0.954
0.956
0.956
0.956
0.956
0.956
0.956
0.956
0.956
0.956
0.956
0.954
0.954
0.954
0.954
0.954
0.954
0.954
0.954
0.954
0.954
0.954
0.954
0.954
0.954
0.954
0.954
0.954
0.954
0.954
0.954
0.954
0.954
0.954
0.954
0.954
0.954
0.954
0.954
0.954
0.954
0.954
0.954
0.954
0.954
0.954
0.954
0.954
0.954
0.954
0.954
0.954
0.954
0.954
0.954
0.954
0.954
0.954
0.954
0.954
0.954
0.954
0.954
0.954
0.954
0.954
0.954
0.954
0.954
0.954
0.954
