0.5625
0.5625
0.5675
0.5675
0.5675
0.5675
0.5675
0.5725
0.5725
0.5725
0.805
0.7875
0.7975
0.7975
0.8225
0.83
0.83
0.83
0.83
0.8225
0.8225
0.8225
0.8225
0.8225
0.8325
0.8325
0.8325
0.82
0.82
0.82
0.825
0.825
0.825
0.825
0.825
0.825
0.8125
0.8125
0.8125
0.8125
0.8125
0.81
0.81
0.81
0.81
0.81
0.81
0.815
0.815
0.815
0.8225
0.8225
0.8225
0.825
0.825
0.8225
0.8225
0.8225
0.825
0.825
0.825
0.8275
0.8225
0.82
0.8275
0.8275
0.8275
0.8275
0.8275
0.8275
0.82
0.825
0.835
0.835
0.835
0.835
0.835
0.8375
0.8375
0.8375
0.84
0.84
0.8425
0.8425
0.8425
0.8425
0.8425
0.85
0.8475
0.8475
0.8475
0.8475
0.8475
0.845
0.8475
0.8475
0.8475
0.8475
0.8475
0.8475
0.8475
0.8475
0.85
0.8525
0.8525
0.8525
0.8525
0.8475
0.8475
0.8475
0.8475
0.8475
0.8475
0.8475
0.8475
0.855
0.8525
0.8525
0.8525
0.8525
0.855
0.855
0.855
0.855
0.855
0.855
0.855
0.8475
0.8475
0.845
0.8425
0.8425
0.8475
0.845
0.845
0.845
0.845
0.845
0.845
0.845
0.8425
0.8425
0.8425
0.8425
0.8425
0.8425
0.8425
0.8425
0.8425
0.8425
0.8425
0.8425
0.8425
0.8425
0.8425
0.8425
0.8425
0.85
0.8475
0.845
0.845
0.845
0.845
0.845
0.845
0.85
0.845
0.845
0.8425
0.8425
0.8425
0.8425
0.8425
0.8425
0.8425
0.8425
0.8425
0.8425
0.8425
0.8425
0.84
0.8375
0.84
0.84
0.8425
0.8425
0.8425
0.8425
0.84
0.8425
0.8425
0.8425
0.8425
0.845
0.8425
0.8425
0.8425
0.845
0.845
0.845
0.845
0.845
0.845
0.8425
0.8425
0.8425
0.8425
0.8425
0.8425
0.8425
0.8425
0.845
0.845
0.845
0.845
0.8425
0.8475
0.85
0.85
0.8475
0.85
0.85
0.85
0.845
0.8475
0.8475
0.8475
0.8475
0.8475
0.8475
0.8475
0.8475
0.8475
0.8475
0.8475
0.85
0.85
0.85
0.85
0.85
0.85
0.85
0.8475
0.8475
0.8475
0.8475
0.85
0.8475
0.8475
0.8475
0.85
0.85
0.8475
0.8475
0.8475
0.85
0.8525
0.8525
0.85
0.85
0.85
0.85
0.85
0.85
0.85
0.85
0.85
0.85
0.85
0.85
0.85
0.8525
0.8525
0.85
0.8475
0.8475
0.8475
0.85
0.85
0.85
0.85
0.85
0.85
0.85
0.85
0.85
0.8525
0.8525
0.8525
0.8525
0.855
0.8575
0.8575
0.8575
0.8575
0.8575
0.8575
0.86
0.86
0.86
0.855
0.855
0.8575
0.86
0.86
0.86
0.86
0.86
0.86
0.86
0.86
0.8575
0.855
0.86
0.86
0.86
0.86
0.86
0.86
0.86
0.86
0.86
0.86
0.86
0.86
0.86
0.86
0.86
0.86
0.86
0.8525
0.8525
0.8525
0.8525
0.8525
0.8525
0.8525
0.8525
0.8525
0.8525
0.85
0.85
0.85
0.85
0.85
0.85
0.85
0.85
0.85
0.85
0.8475
0.8475
0.85
0.85
0.85
0.85
0.85
0.85
0.85
0.85
0.8475
0.8475
0.85
0.85
0.85
0.85
0.85
0.85
0.85
0.85
0.85
0.85
0.85
0.85
0.85
0.85
0.85
0.85
0.85
0.85
0.85
0.85
0.85
0.85
0.85
0.85
0.8525
0.85
0.85
0.85
0.85
0.85
0.85
0.85
0.85
0.85
0.85
0.85
0.85
0.8525
0.85
0.85
0.85
0.85
0.85
0.85
0.8525
0.8525
0.8525
0.8525
0.855
0.8575
0.86
0.8575
0.8575
0.855
0.86
0.86
0.86
0.86
0.86
0.86
0.855
0.8575
0.8525
0.855
0.855
0.855
0.855
0.8525
0.8525
0.8525
0.8525
0.8525
0.85
0.85
0.85
0.8575
0.8575
0.86
0.86
0.86
0.8525
0.855
0.85
0.85
0.8525
0.85
0.85
0.85
0.85
0.8525
0.8525
0.85
0.85
0.85
0.85
0.8525
0.8525
0.8525
0.8525
0.8525
0.8525
0.8525
0.855
0.855
0.8525
0.8525
0.8525
0.855
0.855
0.855
0.855
0.855
0.855
0.855
0.86
0.86
0.86
0.86
0.86
0.86
0.86
0.86
0.86
0.86
0.86
0.86
0.86
0.86
0.86
0.86
0.86
0.86
0.86
0.86
0.86
0.86
0.86
0.86
0.86
0.8575
0.8575
0.8575
0.86
0.86
0.86
0.86
0.86
0.86
0.86
0.86
0.86
0.86
0.8575
0.8575
0.8575
0.8575
0.8575
0.855
0.855
0.855
0.855
0.8575
0.8575
0.8575
0.86
0.8575
0.86
0.86
0.86
0.86
0.86
0.86
0.86
0.86
0.86
0.86
0.86
0.86
0.86
0.86
0.86
0.86
0.8575
0.8575
0.8575
0.8575
0.8575
0.8525
0.8525
0.8525
0.8525
0.855
0.855
0.8575
0.86
0.86
0.86
0.86
0.86
0.86
0.86
0.86
0.86
0.86
0.86
0.855
0.855
0.8525
0.8525
0.8525
0.8525
0.855
0.855
0.855
0.8525
0.8525
0.85
0.8525
0.8525
0.8525
0.85
0.85
0.85
0.85
0.85
0.85
0.8525
0.8525
