0.5625
0.5625
0.5625
0.57
0.8425
0.8525
0.8525
0.86
0.795
0.7525
0.8025
0.8575
0.87
0.865
0.855
0.855
0.86
0.86
0.87
0.8475
0.8375
0.845
0.855
0.855
0.8625
0.8575
0.8625
0.8625
0.8575
0.8625
0.8575
0.8525
0.8575
0.8525
0.85
0.85
0.8525
0.8575
0.8575
0.855
0.8575
0.8575
0.8575
0.86
0.8625
0.865
0.865
0.87
0.8775
0.87
0.875
0.8725
0.875
0.8725
0.8675
0.8725
0.865
0.8725
0.865
0.8625
0.865
0.865
0.8575
0.86
0.8575
0.8575
0.8575
0.86
0.85
0.85
0.8525
0.855
0.855
0.855
0.86
0.86
0.8625
0.86
0.8575
0.86
0.8575
0.86
0.8625
0.8625
0.86
0.86
0.8525
0.8525
0.8525
0.8525
0.8525
0.8525
0.8525
0.85
0.8525
0.8525
0.8525
0.8525
0.85
0.8525
0.85
0.85
0.85
0.85
0.85
0.85
0.85
0.8525
0.85
0.8475
0.85
0.85
0.85
0.85
0.85
0.85
0.85
0.8475
0.85
0.85
0.85
0.85
0.8525
0.85
0.85
0.85
0.85
0.85
0.85
0.8525
0.8525
0.8525
0.8525
0.8525
0.8525
0.8525
0.85
0.8525
0.8525
0.85
0.8525
0.85
0.8525
0.8525
0.8525
0.8525
0.855
0.855
0.855
0.855
0.855
0.8575
0.8575
0.855
0.855
0.855
0.855
0.855
0.855
0.855
0.855
0.855
0.855
0.855
0.8525
0.8525
0.8525
0.8525
0.8525
0.855
0.855
0.855
0.855
0.855
0.855
0.8575
0.8575
0.8575
0.855
0.855
0.855
0.855
0.855
0.855
0.85
0.8525
0.85
0.85
0.85
0.85
0.85
0.85
0.85
0.85
0.85
0.85
0.85
0.85
0.85
0.85
0.85
0.85
0.85
0.85
0.85
0.85
0.85
0.85
0.85
0.85
0.85
0.85
0.85
0.85
0.85
0.855
0.855
0.855
0.8575
0.8575
0.8575
0.8575
0.8575
0.8575
0.8575
0.8525
0.8525
0.8525
0.8525
0.8525
0.855
0.8525
0.855
0.8525
0.855
0.8525
0.8525
0.855
0.855
0.855
0.855
0.855
0.855
0.855
0.855
0.8525
0.855
0.8525
0.8525
0.8525
0.8525
0.8525
0.8525
0.8525
0.8525
0.8525
0.8525
0.8525
0.8525
0.8525
0.8525
0.8525
0.855
0.855
0.855
0.855
0.855
0.855
0.855
0.855
0.855
0.855
0.8525
0.855
0.855
0.8575
0.8575
0.8575
0.855
0.855
0.8575
0.8575
0.855
0.855
0.855
0.8575
0.855
0.855
0.855
0.855
0.8575
0.855
0.855
0.855
0.8575
0.8575
0.8575
0.8575
0.8575
0.8575
0.8575
0.8575
0.8575
0.8575
0.855
0.855
0.855
0.855
0.855
0.855
0.855
0.855
0.855
0.8575
0.8575
0.8575
0.8575
0.8575
0.8575
0.8575
0.8575
0.8575
0.8575
0.8575
0.8575
0.8575
0.8575
0.8575
0.8575
0.8575
0.8525
